[[1]]
 [1] 1.0000 1.0000 1.0000 0.7454 1.0000 0.2956 0.1828 0.5516 0.1994 0.0850
[11] 0.9256 0.9694

[[2]]
 [1] 1.0000 1.0000 1.0000 0.5782 0.0236 0.9414 0.9342 0.3204 0.0300 0.2094
[11] 0.1126 0.2540

[[3]]
 [1] 1.0000 1.0000 1.0000 0.5042 0.0008 1.0000 0.0344 0.0244 0.0016 0.0002
[11] 0.0000 0.0086

[[4]]
 [1] 1.0000 1.0000 1.0000 1.0000 0.0032 0.0086 1.0000 0.0960 0.0210 0.0266
[11] 0.0804 0.0412

[[5]]
 [1] 1.0000 1.0000 1.0000 0.7394 0.0922 0.3750 0.9996 1.0000 0.6008 0.9716
[11] 0.9560 0.9744

[[6]]
 [1] 1.0000 1.0000 1.0000 0.5324 0.0194 0.0976 1.0000 0.4444 0.0250 0.2278
[11] 0.2154 0.3790

[[7]]
 [1] 1.0000 1.0000 1.0000 0.6334 0.0332 0.1928 1.0000 0.5894 0.0670 0.9882
[11] 0.1302 0.5346

[[8]]
 [1] 1.0000 1.0000 1.0000 0.9950 0.0178 0.0518 0.0266 0.1988 0.0056 0.0254
[11] 0.6956 0.3466

[[9]]
 [1] 1.0000 1.0000 1.0000 0.7306 0.0422 0.3866 0.2096 0.4984 1.0000 0.1952
[11] 0.2280 0.4408

[[10]]
 [1] 1.0000 1.0000 1.0000 0.7424 0.0314 0.7006 0.3682 0.4532 0.0424 1.0000
[11] 0.5866 0.2834

[[11]]
 [1] 1.0000 1.0000 1.0000 0.7730 0.3570 0.8754 0.2084 0.6746 0.4886 1.0000
[11] 0.5118 0.6204

[[12]]
 [1] 1.0000 1.0000 1.0000 0.9936 0.0050 0.0556 1.0000 0.2878 0.1100 1.0000
[11] 0.0550 0.1596

[[13]]
 [1] 1.0000 1.0000 1.0000 0.7082 0.3708 0.4802 0.6790 0.7228 0.8482 0.9920
[11] 0.7284 0.6152

[[14]]
 [1] 1.0000 1.0000 1.0000 0.6970 0.0122 0.5834 0.2822 0.3044 0.0366 0.0534
[11] 1.0000 0.3062

[[15]]
 [1] 1.0000 1.0000 1.0000 0.6658 0.0056 0.0574 0.9008 0.3338 0.0138 0.0874
[11] 1.0000 0.3196

[[16]]
 [1] 1.0000 1.0000 1.0000 0.3744 0.0016 0.0132 0.0100 0.0422 0.0018 0.0028
[11] 1.0000 0.4386

[[17]]
 [1] 1.0000 1.0000 1.0000 0.1534 0.0010 0.0640 0.0140 0.0284 0.0012 0.0010
[11] 1.0000 0.0432

[[18]]
 [1] 1.0000 1.0000 1.0000 0.8026 0.0236 0.0372 0.4870 0.2826 0.0166 0.0708
[11] 0.9946 1.0000

[[19]]
 [1] 1.0000 1.0000 1.0000 0.7548 0.0058 1.0000 1.0000 0.1992 0.1282 0.9310
[11] 0.7006 0.2694

[[20]]
 [1] 1.0000 1.0000 1.0000 0.6980 0.4948 0.6540 0.7268 0.7672 0.7776 0.9908
[11] 1.0000 0.7850

