[[1]]
 [1] 1.0000 1.0000 1.0000 1.0000 0.2824 0.4340 0.3340 0.5230 0.8480 0.5390
[11] 0.4808 0.6084

[[2]]
 [1] 1.0000 1.0000 1.0000 0.0084 1.0000 0.0828 0.0924 0.0372 0.0150 0.0002
[11] 0.0486 0.1686

[[3]]
 [1] 1.0000 1.0000 1.0000 0.0008 0.0044 1.0000 0.0434 0.0186 0.0098 0.0032
[11] 0.0078 0.0648

[[4]]
 [1] 1.0000 1.0000 1.0000 0.0036 0.0182 1.0000 0.4544 0.2500 0.1136 0.0264
[11] 0.1044 0.9304

[[5]]
 [1] 1.0000 1.0000 1.0000 0.9488 0.7980 0.9804 1.0000 0.4904 0.9810 0.2174
[11] 0.9970 0.8916

[[6]]
 [1] 1.0000 1.0000 1.0000 0.0054 0.0386 0.1506 1.0000 0.3040 0.0504 0.4004
[11] 0.1028 0.5624

[[7]]
 [1] 1.0000 1.0000 1.0000 0.0374 0.0878 0.1252 1.0000 0.2264 0.4560 0.0072
[11] 0.8686 0.6136

[[8]]
 [1] 1.0000 1.0000 1.0000 0.0480 0.1156 0.1854 0.1862 0.1370 0.9134 0.0608
[11] 0.0558 0.5524

[[9]]
 [1] 1.0000 1.0000 1.0000 0.1652 0.3626 0.3748 0.4780 1.0000 0.2402 0.0368
[11] 0.9444 0.5536

[[10]]
 [1] 1.0000 1.0000 1.0000 0.0260 0.1312 0.1846 0.0878 0.1044 1.0000 0.0072
[11] 0.3378 0.9162

[[11]]
 [1] 1.0000 1.0000 1.0000 0.3234 0.7090 0.6836 0.8104 0.9516 0.9784 1.0000
[11] 0.9656 0.7792

[[12]]
 [1] 1.0000 1.0000 1.0000 0.0058 0.0250 0.9946 0.9866 0.3844 0.0350 1.0000
[11] 0.1028 0.3002

[[13]]
 [1] 1.0000 1.0000 1.0000 0.4930 0.9886 0.8150 0.6390 0.8428 0.8626 0.8256
[11] 0.8562 0.9064

[[14]]
 [1] 1.0000 1.0000 1.0000 0.0264 0.2516 0.2598 0.9998 0.2588 0.6222 0.0010
[11] 1.0000 0.7376

[[15]]
 [1] 1.0000 1.0000 1.0000 0.0124 0.0920 0.1746 0.1068 0.0178 0.0542 0.0330
[11] 1.0000 0.8496

[[16]]
 [1] 1.0000 1.0000 1.0000 0.0068 0.0146 0.0632 0.0232 0.0224 0.0078 0.0016
[11] 1.0000 0.8120

[[17]]
 [1] 1.0000 1.0000 1.0000 0.0026 0.0082 0.0730 0.0074 0.0482 0.0038 0.0010
[11] 1.0000 0.7968

[[18]]
 [1] 1.0000 1.0000 1.0000 0.0110 0.0618 0.8124 0.9742 0.2824 0.9220 0.0152
[11] 1.0000 0.7038

[[19]]
 [1] 1.0000 1.0000 1.0000 0.0104 0.0138 0.2518 0.7690 0.5174 0.0436 0.2736
[11] 0.0870 1.0000

[[20]]
 [1] 1.0000 1.0000 1.0000 0.3056 0.4558 0.5570 0.3582 0.6240 0.1516 1.0000
[11] 0.9988 0.9696

