[[1]]
 [1] 0.9324 1.0000 1.0000 1.0000 1.0000 0.1852 0.9224 0.9194 0.1086 0.5842
[11] 0.0434 0.3616 0.9252

[[2]]
 [1] 0.6496 1.0000 1.0000 1.0000 0.0078 1.0000 0.1334 0.0266 0.0040 0.0148
[11] 0.0000 0.0098 0.1204

[[3]]
 [1] 0.0278 1.0000 1.0000 1.0000 0.0010 0.0048 1.0000 0.0152 0.0038 0.0080
[11] 0.0010 0.0032 0.0384

[[4]]
 [1] 0.2202 1.0000 1.0000 1.0000 0.0006 0.0048 1.0000 0.7264 0.0220 0.0322
[11] 0.0938 0.9278 0.3992

[[5]]
 [1] 0.9722 1.0000 1.0000 1.0000 0.0320 0.8572 0.1322 1.0000 0.3122 0.5986
[11] 0.0294 0.7948 0.4344

[[6]]
 [1] 0.8512 1.0000 1.0000 1.0000 0.0190 0.0648 0.1516 1.0000 0.9954 0.9394
[11] 0.3294 0.9994 0.9934

[[7]]
 [1] 0.3400 1.0000 1.0000 1.0000 0.0380 0.0542 0.5920 1.0000 0.1334 0.1994
[11] 0.0012 0.2214 0.7206

[[8]]
 [1] 0.2258 1.0000 1.0000 1.0000 0.0066 0.0562 0.2602 1.0000 0.7722 0.1778
[11] 0.2496 0.8320 0.8004

[[9]]
 [1] 0.9738 1.0000 1.0000 1.0000 0.1104 0.4132 0.4956 0.3908 1.0000 0.1040
[11] 0.0480 0.4548 0.5140

[[10]]
 [1] 0.9662 1.0000 1.0000 1.0000 0.1086 0.1294 0.1366 0.5904 0.0110 1.0000
[11] 0.0010 0.1060 0.9912

[[11]]
 [1] 0.9932 1.0000 1.0000 1.0000 0.9718 0.6820 0.5900 0.6386 0.2910 0.3772
[11] 0.9772 0.7490 0.7488

[[12]]
 [1] 0.5276 1.0000 1.0000 1.0000 0.3670 0.0270 1.0000 0.7512 0.8600 0.4114
[11] 0.0070 0.8446 0.9998

[[13]]
 [1] 1.0000 1.0000 1.0000 1.0000 0.3234 0.9550 0.7840 0.7702 0.6926 0.7038
[11] 1.0000 0.9394 0.7870

[[14]]
 [1] 0.7446 1.0000 1.0000 1.0000 0.0122 0.2716 0.2146 0.7910 0.1792 0.2902
[11] 0.0542 1.0000 0.6502

[[15]]
 [1] 0.3438 1.0000 1.0000 1.0000 0.0072 0.0674 0.9186 0.8180 0.2298 0.3356
[11] 0.8166 1.0000 0.7496

[[16]]
 [1] 0.0860 1.0000 1.0000 1.0000 0.0016 0.0486 0.1502 0.1664 0.0340 0.0132
[11] 0.0162 0.9658 0.8060

[[17]]
 [1] 0.3134 1.0000 1.0000 1.0000 0.0020 0.0066 0.0666 0.0366 0.0160 0.0128
[11] 0.0286 1.0000 0.3368

[[18]]
 [1] 0.7892 1.0000 1.0000 1.0000 0.0294 0.0270 0.9250 0.8144 0.0556 0.0790
[11] 0.0014 1.0000 0.8810

[[19]]
 [1] 0.6532 1.0000 1.0000 1.0000 0.0122 0.0148 0.0930 0.8770 0.0108 0.1710
[11] 0.1844 0.0900 1.0000

[[20]]
 [1] 0.9932 1.0000 1.0000 1.0000 1.0000 0.7406 0.7844 0.9990 0.3310 0.2834
[11] 0.5228 0.9992 0.6882

