[[1]]
 [1] 1.0000 1.0000 1.0000 1.0000 0.2434 0.2918 0.9106 0.3380 0.4928 0.0280
[11] 0.3570 0.5950

[[2]]
 [1] 1.0000 1.0000 1.0000 0.0216 1.0000 0.1410 0.2564 0.0604 0.0970 0.0044
[11] 0.1066 0.2888

[[3]]
 [1] 1.0000 1.0000 1.0000 0.0028 0.0088 1.0000 0.0736 0.0230 0.0224 0.0158
[11] 0.0072 0.0622

[[4]]
 [1] 1.0000 1.0000 1.0000 0.0020 0.1270 1.0000 0.0776 0.0366 0.0526 0.0168
[11] 0.2244 0.1550

[[5]]
 [1] 1.0000 1.0000 1.0000 1.0000 0.3780 0.9982 1.0000 1.0000 1.0000 0.6554
[11] 0.8840 1.0000

[[6]]
 [1] 1.0000 1.0000 1.0000 1.0000 0.1340 0.1806 1.0000 1.0000 1.0000 0.0068
[11] 0.2332 1.0000

[[7]]
 [1] 1.0000 1.0000 1.0000 0.0642 0.2062 0.3852 1.0000 0.1344 0.5268 0.0086
[11] 0.1074 0.4598

[[8]]
 [1] 1.0000 1.0000 1.0000 0.0096 0.0562 0.1054 1.0000 0.1458 0.1406 0.4024
[11] 0.0656 0.1738

[[9]]
 [1] 1.0000 1.0000 1.0000 0.1324 0.6720 0.4396 0.3354 1.0000 0.1994 0.1518
[11] 0.5764 0.6538

[[10]]
 [1] 1.0000 1.0000 1.0000 0.0688 0.1960 0.2814 0.0612 0.0082 1.0000 0.1500
[11] 0.1910 0.7880

[[11]]
 [1] 1.0000 1.0000 1.0000 0.9848 0.2818 0.3830 0.9338 0.3724 0.9332 0.0472
[11] 0.5178 0.5510

[[12]]
 [1] 1.0000 1.0000 1.0000 0.0636 0.0482 1.0000 0.9724 0.8458 0.1408 0.0086
[11] 0.6206 0.9938

[[13]]
 [1] 1.0000 1.0000 1.0000 0.7226 0.9842 0.7704 0.6888 0.3512 0.7726 0.8636
[11] 0.9320 0.8136

[[14]]
 [1] 1.0000 1.0000 1.0000 0.0198 0.1090 0.1748 0.8970 0.2582 0.5272 0.0410
[11] 1.0000 0.5320

[[15]]
 [1] 1.0000 1.0000 1.0000 0.0094 0.0902 0.5490 0.0814 0.0190 0.0488 0.1646
[11] 1.0000 0.9178

[[16]]
 [1] 1.0000 1.0000 1.0000 0.0024 0.1316 0.0472 0.0080 0.0242 0.0090 0.0144
[11] 0.9946 0.1590

[[17]]
 [1] 1.0000 1.0000 1.0000 0.0038 0.0188 0.1388 0.8044 0.0980 0.0996 0.2150
[11] 1.0000 0.4304

[[18]]
 [1] 1.0000 1.0000 1.0000 0.0370 0.2776 0.9916 0.9590 0.1938 0.2804 0.0984
[11] 1.0000 0.4370

[[19]]
 [1] 1.0000 1.0000 1.0000 0.0050 0.2268 0.2630 1.0000 0.3016 0.1394 0.0546
[11] 0.2824 1.0000

[[20]]
 [1] 1.0000 1.0000 1.0000 0.9678 0.5872 0.5660 0.9734 0.2864 0.9138 0.9718
[11] 0.7340 0.7034

