[[1]]
 [1] 1.0000 1.0000 1.0000 1.0000 0.2746 0.9822 0.2498 0.4194 0.2010 0.9656
[11] 0.6230 0.9630

[[2]]
 [1] 1.0000 1.0000 1.0000 0.0142 1.0000 0.0816 0.0162 0.0084 0.0250 0.0048
[11] 0.0832 0.1942

[[3]]
 [1] 1.0000 1.0000 1.0000 0.0036 0.0042 1.0000 0.0184 0.0060 0.0096 0.0164
[11] 0.0204 0.0638

[[4]]
 [1] 1.0000 1.0000 1.0000 0.0022 0.0054 1.0000 0.4054 0.0424 0.0810 0.0022
[11] 0.0140 0.1456

[[5]]
 [1] 1.0000 1.0000 1.0000 0.0300 0.6480 0.1832 1.0000 0.0524 0.2640 0.6174
[11] 0.1576 0.6088

[[6]]
 [1] 1.0000 1.0000 1.0000 0.0170 0.0180 0.0636 1.0000 0.1502 0.3398 0.0118
[11] 0.0128 0.5190

[[7]]
 [1] 1.0000 1.0000 1.0000 0.1018 0.0842 0.1232 1.0000 0.1804 0.5180 0.2784
[11] 0.0872 0.6464

[[8]]
 [1] 1.0000 1.0000 1.0000 0.0158 0.0378 0.6844 0.1554 0.1554 0.6234 0.0310
[11] 0.2382 0.2876

[[9]]
 [1] 1.0000 1.0000 1.0000 0.1366 0.5550 0.4200 0.2146 1.0000 0.1322 0.1914
[11] 0.2312 0.6316

[[10]]
 [1] 1.0000 1.0000 1.0000 0.2486 0.1960 0.1970 0.1302 0.0426 1.0000 0.0362
[11] 0.2744 0.9086

[[11]]
 [1] 1.0000 1.0000 1.0000 0.9710 0.7146 0.5914 0.3614 0.1816 0.4006 0.7384
[11] 0.9650 0.7928

[[12]]
 [1] 1.0000 1.0000 1.0000 0.0384 0.0308 1.0000 0.9156 0.7592 0.1770 0.0110
[11] 0.6340 0.9998

[[13]]
 [1] 1.0000 1.0000 1.0000 0.6168 0.6612 0.7426 0.8086 0.7012 0.7500 0.1074
[11] 0.2526 0.6236

[[14]]
 [1] 1.0000 1.0000 1.0000 0.0268 0.4970 0.1378 0.4200 0.0570 0.1190 0.0518
[11] 1.0000 0.4894

[[15]]
 [1] 1.0000 1.0000 1.0000 0.0100 0.1256 0.1312 0.2340 0.1444 0.1192 0.0422
[11] 1.0000 0.5412

[[16]]
 [1] 1.0000 1.0000 1.0000 0.0092 0.0116 0.1016 0.0886 0.0440 0.0210 0.0008
[11] 0.8444 0.2784

[[17]]
 [1] 1.0000 1.0000 1.0000 0.0028 0.0136 0.1994 0.0092 0.0086 0.0100 0.0008
[11] 1.0000 0.6756

[[18]]
 [1] 1.0000 1.0000 1.0000 0.0086 0.0322 0.9980 0.8266 0.1852 0.2984 0.0832
[11] 1.0000 0.5870

[[19]]
 [1] 1.0000 1.0000 1.0000 0.0052 0.0348 0.6476 1.0000 0.0808 0.0876 0.0004
[11] 0.0338 1.0000

[[20]]
 [1] 1.0000 1.0000 1.0000 0.5742 0.7338 0.9986 0.9056 0.6446 0.7430 0.9560
[11] 0.7216 0.6766

