[[1]]
 [1] 0.9333333 1.0000000 1.0000000 1.0000000 1.0000000 0.2666667 1.0000000
 [8] 1.0000000 0.4777778 0.6111111 0.1666667 0.7333333 1.0000000

[[2]]
 [1] 0.45555556 1.00000000 1.00000000 1.00000000 0.00000000 1.00000000
 [7] 0.01111111 0.14444444 0.00000000 0.03333333 0.00000000 0.00000000
[13] 0.35555556

[[3]]
 [1] 0.01111111 1.00000000 1.00000000 1.00000000 0.00000000 0.00000000
 [7] 0.00000000 0.00000000 0.00000000 0.00000000 0.00000000 0.00000000
[13] 0.58888889

[[4]]
 [1] 1.00000000 1.00000000 1.00000000 1.00000000 0.00000000 0.04444444
 [7] 0.00000000 1.00000000 0.18888889 1.00000000 1.00000000 0.11111111
[13] 0.71111111

[[5]]
 [1] 0.9444444 1.0000000 1.0000000 1.0000000 0.0000000 0.9333333 1.0000000
 [8] 1.0000000 0.5222222 1.0000000 0.1666667 0.9000000 1.0000000

[[6]]
 [1] 0.8888889 1.0000000 1.0000000 1.0000000 0.0000000 0.1555556 1.0000000
 [8] 1.0000000 1.0000000 0.9888889 1.0000000 0.7555556 1.0000000

[[7]]
 [1] 0.94444444 1.00000000 1.00000000 1.00000000 0.04444444 0.73333333
 [7] 0.94444444 1.00000000 0.78888889 0.98888889 1.00000000 0.97777778
[13] 0.97777778

[[8]]
 [1] 0.40000000 1.00000000 1.00000000 1.00000000 0.05555556 0.10000000
 [7] 0.00000000 1.00000000 0.04444444 0.48888889 0.00000000 1.00000000
[13] 0.36666667

[[9]]
 [1] 1.00000000 1.00000000 1.00000000 1.00000000 0.00000000 0.38888889
 [7] 0.23333333 0.28888889 1.00000000 0.07777778 0.28888889 0.40000000
[13] 0.67777778

[[10]]
 [1] 0.92222222 1.00000000 1.00000000 1.00000000 0.12222222 0.13333333
 [7] 0.05555556 0.08888889 0.01111111 1.00000000 0.00000000 0.76666667
[13] 1.00000000

[[11]]
 [1] 0.9888889 1.0000000 1.0000000 1.0000000 0.1333333 0.7111111 0.4222222
 [8] 1.0000000 0.7888889 0.7222222 0.9111111 0.9333333 0.7555556

[[12]]
 [1] 0.30000000 1.00000000 1.00000000 1.00000000 0.00000000 0.00000000
 [7] 0.00000000 1.00000000 0.14444444 0.05555556 0.00000000 1.00000000
[13] 1.00000000

[[13]]
 [1] 1.0000000 1.0000000 1.0000000 1.0000000 0.3000000 0.9777778 0.7666667
 [8] 0.4666667 0.8333333 0.7777778 0.8000000 0.9333333 0.7666667

[[14]]
 [1] 0.71111111 1.00000000 1.00000000 1.00000000 0.00000000 0.10000000
 [7] 0.50000000 1.00000000 0.48888889 0.07777778 0.00000000 1.00000000
[13] 0.60000000

[[15]]
 [1] 0.74444444 1.00000000 1.00000000 1.00000000 0.00000000 0.01111111
 [7] 0.15555556 0.05555556 0.00000000 0.28888889 0.00000000 1.00000000
[13] 0.77777778

[[16]]
 [1] 0.10000000 1.00000000 1.00000000 1.00000000 0.00000000 0.00000000
 [7] 0.20000000 0.01111111 0.00000000 0.00000000 0.00000000 1.00000000
[13] 0.08888889

[[17]]
 [1] 0.11111111 1.00000000 1.00000000 1.00000000 0.00000000 0.00000000
 [7] 0.40000000 0.14444444 0.00000000 0.00000000 0.03333333 0.00000000
[13] 0.00000000

[[18]]
 [1] 0.38888889 1.00000000 1.00000000 1.00000000 0.00000000 0.01111111
 [7] 0.00000000 1.00000000 0.16666667 1.00000000 0.00000000 1.00000000
[13] 0.92222222

[[19]]
 [1] 0.05555556 1.00000000 1.00000000 1.00000000 0.00000000 0.00000000
 [7] 0.00000000 0.00000000 0.00000000 0.00000000 0.00000000 0.30000000
[13] 0.00000000

[[20]]
 [1] 1.00000000 1.00000000 1.00000000 1.00000000 1.00000000 1.00000000
 [7] 0.03333333 1.00000000 0.07777778 0.50000000 0.63333333 0.85555556
[13] 1.00000000

