[[1]]
 [1] 0.76666667 1.00000000 1.00000000 1.00000000 1.00000000 0.17777778
 [7] 1.00000000 1.00000000 0.07777778 0.62222222 0.00000000 0.37777778
[13] 1.00000000

[[2]]
 [1] 0.54444444 1.00000000 1.00000000 1.00000000 0.00000000 1.00000000
 [7] 0.25555556 0.02222222 0.00000000 0.00000000 0.00000000 0.76666667
[13] 0.11111111

[[3]]
 [1] 0.00000000 1.00000000 1.00000000 1.00000000 0.00000000 0.00000000
 [7] 1.00000000 0.80000000 0.02222222 0.18888889 0.00000000 0.02222222
[13] 1.00000000

[[4]]
 [1] 1.00000000 1.00000000 1.00000000 1.00000000 0.00000000 0.00000000
 [7] 0.00000000 0.00000000 0.05555556 0.00000000 0.00000000 1.00000000
[13] 1.00000000

[[5]]
 [1] 0.6666667 1.0000000 1.0000000 1.0000000 0.0000000 0.2333333 0.1444444
 [8] 1.0000000 0.4777778 0.4777778 0.1444444 0.4222222 0.5222222

[[6]]
 [1] 0.75555556 1.00000000 1.00000000 1.00000000 0.17777778 0.01111111
 [7] 0.06666667 1.00000000 0.00000000 0.00000000 0.00000000 0.41111111
[13] 1.00000000

[[7]]
 [1] 0.96666667 1.00000000 1.00000000 1.00000000 0.08888889 0.37777778
 [7] 0.63333333 1.00000000 1.00000000 1.00000000 0.73333333 0.96666667
[13] 1.00000000

[[8]]
 [1] 0.48888889 1.00000000 1.00000000 1.00000000 0.54444444 0.04444444
 [7] 0.00000000 1.00000000 0.00000000 1.00000000 0.00000000 0.41111111
[13] 0.34444444

[[9]]
 [1] 0.98888889 1.00000000 1.00000000 1.00000000 0.10000000 0.37777778
 [7] 0.20000000 0.24444444 1.00000000 0.08888889 0.57777778 0.04444444
[13] 0.27777778

[[10]]
 [1] 0.96666667 1.00000000 1.00000000 1.00000000 0.44444444 0.14444444
 [7] 0.21111111 0.08888889 0.01111111 1.00000000 0.16666667 0.23333333
[13] 1.00000000

[[11]]
 [1] 0.9888889 1.0000000 1.0000000 1.0000000 0.7222222 0.7000000 0.8222222
 [8] 0.6666667 0.5444444 0.3555556 0.7333333 0.9666667 0.7111111

[[12]]
 [1] 0.05555556 1.00000000 1.00000000 1.00000000 0.00000000 0.00000000
 [7] 0.58888889 1.00000000 0.06666667 0.00000000 0.00000000 0.23333333
[13] 1.00000000

[[13]]
 [1] 1.0000000 1.0000000 1.0000000 1.0000000 0.3666667 0.9888889 0.7111111
 [8] 0.6444444 0.6000000 0.9333333 1.0000000 0.9333333 0.7111111

[[14]]
 [1] 0.27777778 1.00000000 1.00000000 1.00000000 0.11111111 0.21111111
 [7] 0.14444444 0.93333333 0.06666667 0.35555556 0.50000000 1.00000000
[13] 0.74444444

[[15]]
 [1] 0.12222222 1.00000000 1.00000000 1.00000000 0.00000000 0.05555556
 [7] 0.00000000 0.01111111 0.00000000 0.04444444 0.60000000 1.00000000
[13] 0.96666667

[[16]]
 [1] 0.00000000 1.00000000 1.00000000 1.00000000 0.00000000 0.04444444
 [7] 0.00000000 0.00000000 0.16666667 0.00000000 0.00000000 1.00000000
[13] 0.01111111

[[17]]
 [1] 0.07777778 1.00000000 1.00000000 1.00000000 0.00000000 0.00000000
 [7] 0.00000000 0.00000000 0.00000000 0.00000000 0.00000000 1.00000000
[13] 0.32222222

[[18]]
 [1] 0.34444444 1.00000000 1.00000000 1.00000000 1.00000000 0.02222222
 [7] 0.30000000 0.00000000 0.00000000 0.00000000 0.00000000 1.00000000
[13] 1.00000000

[[19]]
 [1] 0.02222222 1.00000000 1.00000000 1.00000000 0.17777778 0.01111111
 [7] 0.00000000 0.00000000 0.53333333 0.00000000 0.05555556 0.00000000
[13] 0.00000000

[[20]]
 [1] 0.98888889 1.00000000 1.00000000 1.00000000 1.00000000 1.00000000
 [7] 0.20000000 1.00000000 0.06666667 0.71111111 0.37777778 1.00000000
[13] 1.00000000

