[[1]]
 [1] 1.0000 1.0000 1.0000 1.0000 0.4140 0.6594 0.5122 0.3512 0.9018 0.0230
[11] 0.3996 0.5588

[[2]]
 [1] 1.0000 1.0000 1.0000 0.0040 1.0000 0.0558 0.0580 0.0236 0.0186 0.0120
[11] 0.0084 0.1164

[[3]]
 [1] 1.0000 1.0000 1.0000 0.0008 0.0150 1.0000 0.4558 0.1436 0.0624 0.0026
[11] 0.0464 0.1368

[[4]]
 [1] 1.0000 1.0000 1.0000 0.0012 0.0354 1.0000 0.9048 0.3038 0.1564 0.1690
[11] 0.1266 0.2862

[[5]]
 [1] 1.0000 1.0000 1.0000 0.0204 0.3414 0.1174 1.0000 0.4322 0.4290 0.0928
[11] 0.9706 0.6204

[[6]]
 [1] 1.0000 1.0000 1.0000 0.0550 0.6598 0.2648 0.9980 0.9844 0.7866 0.9972
[11] 0.9412 0.9998

[[7]]
 [1] 1.0000 1.0000 1.0000 0.0590 0.6606 0.9998 1.0000 0.8088 0.8766 0.9800
[11] 0.9554 0.9614

[[8]]
 [1] 1.0000 1.0000 1.0000 0.0146 0.1026 0.5430 0.9154 0.1366 0.6080 0.0004
[11] 0.1214 0.3466

[[9]]
 [1] 1.0000 1.0000 1.0000 0.0390 0.6346 0.3152 0.2382 1.0000 0.0982 0.1380
[11] 0.8544 0.7168

[[10]]
 [1] 1.0000 1.0000 1.0000 0.0176 0.3342 0.2030 0.9448 0.3642 1.0000 0.0976
[11] 0.2316 0.9774

[[11]]
 [1] 1.0000 1.0000 1.0000 0.1970 0.8676 0.5696 0.7958 0.1838 0.4050 1.0000
[11] 0.8808 0.8228

[[12]]
 [1] 1.0000 1.0000 1.0000 0.0844 0.0794 0.9230 0.1422 0.0258 0.1232 0.0100
[11] 0.4070 1.0000

[[13]]
 [1] 1.0000 1.0000 1.0000 0.4188 0.9898 0.7546 0.7638 0.8204 0.9700 0.5808
[11] 0.9028 0.7780

[[14]]
 [1] 1.0000 1.0000 1.0000 0.2968 0.0814 0.3730 0.0462 0.0198 0.0226 0.0978
[11] 1.0000 1.0000

[[15]]
 [1] 1.0000 1.0000 1.0000 0.0070 0.8924 0.5882 0.0274 0.0394 0.0464 0.8288
[11] 1.0000 1.0000

[[16]]
 [1] 1.0000 1.0000 1.0000 0.0084 0.7106 0.1780 0.9514 0.1588 0.0850 0.0008
[11] 0.8108 0.5620

[[17]]
 [1] 1.0000 1.0000 1.0000 0.0038 0.0264 0.0736 0.0922 0.0070 0.0118 0.0120
[11] 0.0104 0.0798

[[18]]
 [1] 1.0000 1.0000 1.0000 0.0044 0.0614 0.5698 0.4374 0.2904 0.4198 0.0256
[11] 0.9822 0.9982

[[19]]
 [1] 1.0000 1.0000 1.0000 0.0022 0.1876 0.1060 0.0448 0.0178 0.0102 0.0708
[11] 0.0552 1.0000

[[20]]
 [1] 1.0000 1.0000 1.0000 0.9986 0.8514 0.6398 0.8924 0.8740 0.2688 0.7110
[11] 0.9868 0.9996

