[[1]]
 [1] 1.0000000 1.0000000 1.0000000 1.0000000 1.0000000 0.1555556 0.9222222
 [8] 0.8333333 0.3333333 0.5444444 0.3333333 0.2666667 0.8555556

[[2]]
 [1] 0.70000000 1.00000000 1.00000000 1.00000000 0.00000000 1.00000000
 [7] 0.06666667 0.03333333 0.00000000 0.00000000 0.00000000 0.11111111
[13] 0.36666667

[[3]]
 [1] 0.03333333 1.00000000 1.00000000 1.00000000 0.00000000 0.00000000
 [7] 1.00000000 0.11111111 0.00000000 0.00000000 0.00000000 0.03333333
[13] 0.18888889

[[4]]
 [1] 1.00000000 1.00000000 1.00000000 1.00000000 0.05555556 0.00000000
 [7] 1.00000000 0.32222222 0.10000000 0.84444444 0.53333333 0.96666667
[13] 0.70000000

[[5]]
 [1] 0.9333333 1.0000000 1.0000000 1.0000000 1.0000000 0.7666667 1.0000000
 [8] 1.0000000 0.7888889 1.0000000 0.5333333 0.9444444 1.0000000

[[6]]
 [1] 0.3777778 1.0000000 1.0000000 1.0000000 0.0000000 0.0000000 0.2000000
 [8] 1.0000000 0.1333333 0.2444444 0.0000000 0.1000000 1.0000000

[[7]]
 [1] 0.75555556 1.00000000 1.00000000 1.00000000 0.00000000 0.08888889
 [7] 1.00000000 1.00000000 0.00000000 0.00000000 0.00000000 1.00000000
[13] 0.90000000

[[8]]
 [1] 0.74444444 1.00000000 1.00000000 1.00000000 1.00000000 0.05555556
 [7] 0.70000000 0.50000000 0.16666667 0.94444444 0.34444444 0.82222222
[13] 0.63333333

[[9]]
 [1] 0.9888889 1.0000000 1.0000000 1.0000000 0.4777778 0.4111111 0.2888889
 [8] 0.3888889 1.0000000 0.2555556 0.4888889 0.3888889 0.3666667

[[10]]
 [1] 0.92222222 1.00000000 1.00000000 1.00000000 0.00000000 0.12222222
 [7] 0.02222222 0.16666667 0.00000000 1.00000000 0.00000000 0.10000000
[13] 1.00000000

[[11]]
 [1] 1.00000000 1.00000000 1.00000000 1.00000000 0.95555556 0.55555556
 [7] 0.46666667 0.65555556 0.08888889 0.33333333 1.00000000 0.83333333
[13] 0.51111111

[[12]]
 [1] 0.24444444 1.00000000 1.00000000 1.00000000 0.00000000 0.02222222
 [7] 1.00000000 0.54444444 0.00000000 0.02222222 1.00000000 0.28888889
[13] 0.80000000

[[13]]
 [1] 1.0000000 1.0000000 1.0000000 1.0000000 0.4444444 0.9777778 0.7111111
 [8] 0.9000000 0.7555556 0.6000000 1.0000000 0.8333333 0.7777778

[[14]]
 [1] 0.63333333 1.00000000 1.00000000 1.00000000 0.00000000 0.45555556
 [7] 0.61111111 1.00000000 0.25555556 0.83333333 0.01111111 1.00000000
[13] 0.72222222

[[15]]
 [1] 0.44444444 1.00000000 1.00000000 1.00000000 0.00000000 0.06666667
 [7] 0.00000000 0.07777778 0.00000000 0.00000000 0.00000000 1.00000000
[13] 1.00000000

[[16]]
 [1] 0.22222222 1.00000000 1.00000000 1.00000000 0.00000000 0.01111111
 [7] 0.00000000 0.00000000 0.00000000 0.00000000 0.15555556 1.00000000
[13] 0.42222222

[[17]]
 [1] 0.9777778 1.0000000 1.0000000 1.0000000 0.0000000 0.0000000 1.0000000
 [8] 0.0000000 0.0000000 0.1111111 0.0000000 0.0000000 1.0000000

[[18]]
 [1] 0.2888889 1.0000000 1.0000000 1.0000000 0.0000000 0.0000000 0.1111111
 [8] 1.0000000 0.2222222 0.6222222 0.0000000 1.0000000 0.8000000

[[19]]
 [1] 0.40000000 1.00000000 1.00000000 1.00000000 1.00000000 0.00000000
 [7] 0.88888889 1.00000000 0.02222222 0.45555556 0.05555556 1.00000000
[13] 0.61111111

[[20]]
 [1] 0.9555556 1.0000000 1.0000000 1.0000000 0.2666667 0.4222222 0.9888889
 [8] 1.0000000 0.7888889 0.7444444 0.6111111 1.0000000 0.9000000

