[[1]]
 [1] 1.0000 1.0000 1.0000 1.0000 0.3792 0.2862 0.2458 0.1830 0.9734 0.0202
[11] 0.5990 0.4250

[[2]]
 [1] 1.0000 1.0000 1.0000 0.0050 1.0000 0.1342 0.0276 0.0282 0.0134 0.0150
[11] 0.1734 0.3246

[[3]]
 [1] 1.0000 1.0000 1.0000 0.0012 0.0144 1.0000 0.3484 0.1116 0.0492 0.0022
[11] 0.0462 0.1462

[[4]]
 [1] 1.0000 1.0000 1.0000 0.0014 0.0228 1.0000 0.2272 0.0724 0.0534 0.3896
[11] 0.1422 0.2188

[[5]]
 [1] 1.0000 1.0000 1.0000 0.0170 0.1672 0.1176 1.0000 0.0698 0.0526 0.0022
[11] 0.2748 0.7738

[[6]]
 [1] 1.0000 1.0000 1.0000 0.0074 0.1252 0.0642 1.0000 0.0102 0.0170 0.0012
[11] 0.0248 0.2602

[[7]]
 [1] 1.0000 1.0000 1.0000 0.0318 0.3938 0.2826 1.0000 0.0364 0.0622 0.0012
[11] 0.5042 0.1828

[[8]]
 [1] 1.0000 1.0000 1.0000 0.0384 0.0666 0.1018 0.9400 0.0854 0.1448 0.0670
[11] 0.0732 0.1704

[[9]]
 [1] 1.0000 1.0000 1.0000 0.0668 0.5520 0.3690 0.1578 1.0000 0.1072 0.0080
[11] 0.5702 0.7688

[[10]]
 [1] 1.0000 1.0000 1.0000 0.0164 0.2006 0.1970 0.0790 0.0320 1.0000 0.2636
[11] 0.0828 0.8720

[[11]]
 [1] 1.0000 1.0000 1.0000 0.1064 0.8718 0.6312 0.4388 0.1974 0.3250 1.0000
[11] 0.8164 0.8206

[[12]]
 [1] 1.0000 1.0000 1.0000 0.0028 0.0642 0.8308 0.7090 0.1534 0.1502 1.0000
[11] 0.3122 0.7008

[[13]]
 [1] 1.0000 1.0000 1.0000 0.3408 0.9880 0.7464 0.7912 0.5990 0.8224 1.0000
[11] 0.8398 0.7972

[[14]]
 [1] 1.0000 1.0000 1.0000 0.0202 0.0944 0.9430 0.9902 0.8720 0.5872 0.8676
[11] 1.0000 1.0000

[[15]]
 [1] 1.0000 1.0000 1.0000 0.0020 0.6166 1.0000 0.2828 0.9450 0.4840 0.9890
[11] 0.9998 1.0000

[[16]]
 [1] 1.0000 1.0000 1.0000 0.0010 0.5136 0.4888 0.0370 0.0312 0.0162 0.1442
[11] 0.8580 0.8490

[[17]]
 [1] 1.0000 1.0000 1.0000 0.0006 0.2000 0.0542 0.0060 0.0006 0.0032 0.0012
[11] 1.0000 0.8712

[[18]]
 [1] 1.0000 1.0000 1.0000 0.0058 0.0620 0.7270 0.4786 0.2074 0.2328 0.0682
[11] 0.9904 0.9986

[[19]]
 [1] 1.0000 1.0000 1.0000 0.0026 0.1852 0.1164 0.0544 0.0240 0.0070 0.0012
[11] 0.0112 1.0000

[[20]]
 [1] 1.0000 1.0000 1.0000 1.0000 0.7616 0.6548 1.0000 0.9996 0.1800 0.1818
[11] 0.9624 0.9824

