[[1]]
 [1] 1.0000 1.0000 1.0000 0.7248 1.0000 0.2478 0.3268 0.4480 0.4070 0.2028
[11] 0.1480 0.6778

[[2]]
 [1] 1.0000 1.0000 1.0000 0.5122 0.0138 1.0000 0.0444 0.1820 0.0032 0.0064
[11] 0.1142 0.2556

[[3]]
 [1] 1.0000 1.0000 1.0000 0.5314 0.0028 0.9568 1.0000 0.2864 0.9096 0.0190
[11] 0.5118 0.1014

[[4]]
 [1] 1.0000 1.0000 1.0000 1.0000 0.0260 0.0688 0.7932 0.0496 0.6728 0.0278
[11] 0.2236 0.3144

[[5]]
 [1] 1.0000 1.0000 1.0000 0.7814 0.9812 0.9988 0.9980 0.9974 0.2830 0.9976
[11] 0.2992 0.9712

[[6]]
 [1] 1.0000 1.0000 1.0000 0.4436 0.0056 0.0402 1.0000 0.5780 0.0576 0.0414
[11] 0.0622 0.0958

[[7]]
 [1] 1.0000 1.0000 1.0000 0.5786 0.4326 0.0792 1.0000 0.3854 0.0730 0.2660
[11] 0.0142 0.8606

[[8]]
 [1] 1.0000 1.0000 1.0000 0.6454 0.2406 0.0634 0.9344 0.2626 0.0622 0.9118
[11] 0.6184 0.3924

[[9]]
 [1] 1.0000 1.0000 1.0000 0.7940 0.0584 0.2234 0.0918 0.7156 1.0000 0.0274
[11] 0.2718 0.8956

[[10]]
 [1] 1.0000 1.0000 1.0000 0.8382 0.4882 0.3098 0.9988 0.8784 0.3924 1.0000
[11] 0.5514 0.3808

[[11]]
 [1] 1.0000 1.0000 1.0000 0.9272 0.7540 0.8702 0.4568 0.8560 0.2102 0.8654
[11] 0.5544 0.8094

[[12]]
 [1] 1.0000 1.0000 1.0000 0.9918 0.5178 0.1050 0.9364 0.3418 0.0722 0.8848
[11] 0.7370 0.6764

[[13]]
 [1] 1.0000 1.0000 1.0000 0.9854 0.3876 0.8082 0.6252 0.9558 0.3904 0.5274
[11] 0.9998 0.9220

[[14]]
 [1] 1.0000 1.0000 1.0000 0.7258 0.0092 0.4858 0.1792 0.4472 0.0108 0.0946
[11] 1.0000 0.9864

[[15]]
 [1] 1.0000 1.0000 1.0000 0.9472 0.0062 0.1532 0.0026 0.1262 0.0034 0.0068
[11] 1.0000 0.3156

[[16]]
 [1] 1.0000 1.0000 1.0000 0.9886 0.0066 0.0180 0.0056 0.0412 0.1126 0.0258
[11] 0.0816 0.1950

[[17]]
 [1] 1.0000 1.0000 1.0000 0.4512 0.0028 0.0994 0.0110 0.0166 0.0014 0.0000
[11] 1.0000 0.1300

[[18]]
 [1] 1.0000 1.0000 1.0000 0.5744 0.0062 0.1490 0.8970 0.1042 0.0084 0.0966
[11] 0.9914 1.0000

[[19]]
 [1] 1.0000 1.0000 1.0000 1.0000 0.4462 1.0000 0.9792 0.4462 0.7102 0.0916
[11] 0.3600 0.4568

[[20]]
 [1] 1.0000 1.0000 1.0000 0.7456 0.4072 0.5870 0.9864 0.9910 0.1718 0.9802
[11] 0.9978 0.8232

