[[1]]
 [1] 1.0000 1.0000 1.0000 0.7276 1.0000 0.2656 0.9406 0.5844 0.1720 0.0364
[11] 0.3782 0.5330

[[2]]
 [1] 1.0000 1.0000 1.0000 0.8438 0.0128 1.0000 0.0220 0.2114 0.0030 0.0058
[11] 0.0604 0.1438

[[3]]
 [1] 1.0000 1.0000 1.0000 0.4532 0.0020 1.0000 0.0000 0.0144 0.0006 0.0168
[11] 0.0000 0.0072

[[4]]
 [1] 1.0000 1.0000 1.0000 1.0000 0.0016 0.9942 0.0516 0.1898 0.0036 0.0120
[11] 0.0056 0.0146

[[5]]
 [1] 1.0000 1.0000 1.0000 0.6388 0.0224 0.2088 1.0000 0.9990 0.0162 0.2530
[11] 0.3106 0.2616

[[6]]
 [1] 1.0000 1.0000 1.0000 0.8716 0.7212 0.0568 1.0000 0.7580 0.8424 0.9978
[11] 0.6618 0.5994

[[7]]
 [1] 1.0000 1.0000 1.0000 0.5858 0.0470 0.1352 1.0000 0.1902 0.0088 0.0846
[11] 0.0284 0.6020

[[8]]
 [1] 1.0000 1.0000 1.0000 0.5794 0.0082 0.0548 0.9730 0.2900 0.0078 0.4344
[11] 0.3352 0.3340

[[9]]
 [1] 1.0000 1.0000 1.0000 0.8016 0.0476 0.4202 0.0306 0.5892 1.0000 0.2072
[11] 0.0880 0.6564

[[10]]
 [1] 1.0000 1.0000 1.0000 0.7928 0.5060 0.4952 0.8204 0.7616 0.2980 0.9304
[11] 0.7682 0.7494

[[11]]
 [1] 1.0000 1.0000 1.0000 0.9370 0.8554 0.7064 0.4934 0.8214 0.3162 0.8908
[11] 0.5466 0.8570

[[12]]
 [1] 1.0000 1.0000 1.0000 0.9910 0.0072 0.1362 0.4858 0.1060 0.0376 1.0000
[11] 0.3798 0.2168

[[13]]
 [1] 1.0000 1.0000 1.0000 0.6660 0.4526 0.9814 0.9870 0.6446 0.4800 0.1450
[11] 0.3766 0.4252

[[14]]
 [1] 1.0000 1.0000 1.0000 0.6268 0.0136 0.7492 0.2012 0.5062 0.0068 0.0080
[11] 1.0000 0.3604

[[15]]
 [1] 1.0000 1.0000 1.0000 0.9184 0.2574 0.2868 0.7706 0.5548 0.0792 0.2668
[11] 1.0000 0.4628

[[16]]
 [1] 1.0000 1.0000 1.0000 0.7390 0.0204 0.0136 0.0590 0.0300 0.0044 0.0132
[11] 0.9974 0.3642

[[17]]
 [1] 1.0000 1.0000 1.0000 0.9610 0.0120 0.1508 0.0000 0.0924 0.0030 0.0054
[11] 0.0942 0.0340

[[18]]
 [1] 1.0000 1.0000 1.0000 0.6974 0.0092 0.4284 0.2708 0.1374 0.0022 0.0692
[11] 0.0346 1.0000

[[19]]
 [1] 1.0000 1.0000 1.0000 0.9294 0.0364 0.0456 1.0000 0.1402 0.0070 0.4190
[11] 0.0768 0.1582

[[20]]
 [1] 1.0000 1.0000 1.0000 0.6816 0.4772 0.4376 0.9994 0.9558 0.8236 0.5420
[11] 1.0000 0.6630

