[[1]]
 [1] 1.0000 1.0000 1.0000 1.0000 0.2012 0.6992 0.9550 0.3068 0.5322 0.9544
[11] 0.2762

[[2]]
 [1] 1.0000 1.0000 1.0000 0.0054 1.0000 0.0596 0.0112 0.0070 0.0128 0.0036
[11] 0.1038

[[3]]
 [1] 1.0000 1.0000 1.0000 0.0012 0.0080 1.0000 0.9998 0.4422 0.2770 1.0000
[11] 0.4860

[[4]]
 [1] 1.0000 1.0000 1.0000 0.0006 0.0038 1.0000 0.0920 0.0256 0.0174 0.0046
[11] 0.0108

[[5]]
 [1] 1.0000 1.0000 1.0000 0.0978 0.5960 0.1664 1.0000 0.8250 0.2316 0.9340
[11] 0.8296

[[6]]
 [1] 1.0000 1.0000 1.0000 0.0044 0.0290 0.1058 1.0000 0.2572 0.2904 0.7924
[11] 0.0726

[[7]]
 [1] 1.0000 1.0000 1.0000 0.0654 0.9468 0.5514 0.9028 0.9054 0.6472 1.0000
[11] 0.9860

[[8]]
 [1] 1.0000 1.0000 1.0000 0.0290 0.0412 0.4378 1.0000 0.2614 0.2038 0.3948
[11] 0.2188

[[9]]
 [1] 1.0000 1.0000 1.0000 0.1772 0.4124 0.5192 0.3636 1.0000 0.1486 0.2678
[11] 0.2046

[[10]]
 [1] 1.0000 1.0000 1.0000 0.0476 0.1468 0.6586 0.3926 0.1628 1.0000 0.0288
[11] 0.2290

[[11]]
 [1] 1.0000 1.0000 1.0000 0.3066 0.5734 0.5904 0.9890 0.1092 0.8942 1.0000
[11] 0.9990

[[12]]
 [1] 1.0000 1.0000 1.0000 0.0048 0.0596 1.0000 1.0000 0.9930 0.3396 0.0302
[11] 0.4708

[[13]]
 [1] 1.0000 1.0000 1.0000 0.4272 0.9682 0.7580 0.6850 0.6954 0.8996 0.8442
[11] 0.8426

[[14]]
 [1] 1.0000 1.0000 1.0000 0.0528 0.6788 0.2520 0.9862 0.1518 0.0666 0.0010
[11] 1.0000

[[15]]
 [1] 1.0000 1.0000 1.0000 0.0026 0.0878 1.0000 0.4034 0.1976 0.2280 0.0120
[11] 1.0000

[[16]]
 [1] 1.0000 1.0000 1.0000 0.0092 0.0270 0.2844 0.3238 0.1016 0.0458 0.0036
[11] 0.1314

[[17]]
 [1] 1.0000 1.0000 1.0000 0.0012 0.0114 0.3038 0.0072 0.0022 0.0058 0.0082
[11] 1.0000

[[18]]
 [1] 1.0000 1.0000 1.0000 0.0484 0.0354 0.9562 0.4310 0.0400 0.0704 0.9998
[11] 1.0000

[[19]]
 [1] 1.0000 1.0000 1.0000 0.0018 0.0122 0.0420 0.0892 0.0322 0.0040 1.0000
[11] 0.6474

[[20]]
 [1] 1.0000 1.0000 1.0000 0.9782 0.9970 0.5092 0.5188 0.1160 0.2738 1.0000
[11] 0.9996

