[[1]]
 [1] 1.0000 1.0000 1.0000 1.0000 0.2434 0.9030 0.9392 0.0624 0.9366 0.3200
[11] 0.2202 0.9338

[[2]]
 [1] 1.0000 1.0000 1.0000 0.0054 1.0000 0.0584 0.0544 0.0102 0.0192 0.0024
[11] 0.4904 0.0794

[[3]]
 [1] 1.0000 1.0000 1.0000 0.0008 0.0032 1.0000 0.3122 0.0698 0.0820 0.0002
[11] 0.0400 0.1348

[[4]]
 [1] 1.0000 1.0000 1.0000 0.0012 0.0066 1.0000 0.9996 0.0304 0.0868 0.0134
[11] 0.9998 0.9990

[[5]]
 [1] 1.0000 1.0000 1.0000 0.0554 0.2804 0.4178 1.0000 0.4800 0.4722 0.0014
[11] 0.6382 0.8168

[[6]]
 [1] 1.0000 1.0000 1.0000 0.0042 0.0306 0.2112 1.0000 0.3006 0.3680 0.0004
[11] 0.0596 0.7800

[[7]]
 [1] 1.0000 1.0000 1.0000 0.2372 0.0570 0.1288 1.0000 0.2130 0.2572 0.2644
[11] 0.2402 0.2156

[[8]]
 [1] 1.0000 1.0000 1.0000 0.0094 0.0288 0.1860 1.0000 0.1094 0.3810 0.4926
[11] 0.4216 0.4416

[[9]]
 [1] 1.0000 1.0000 1.0000 0.1362 0.3886 0.6116 0.4774 1.0000 0.1012 0.0210
[11] 0.4350 0.4332

[[10]]
 [1] 1.0000 1.0000 1.0000 0.0244 0.1116 0.3932 0.3958 0.0884 1.0000 0.2112
[11] 0.1304 0.9004

[[11]]
 [1] 1.0000 1.0000 1.0000 0.8074 0.7334 0.8006 0.5224 0.3498 0.2866 0.8764
[11] 0.9128 0.7806

[[12]]
 [1] 1.0000 1.0000 1.0000 0.0872 0.0212 0.2462 0.9936 0.8806 0.0220 0.0018
[11] 0.7206 1.0000

[[13]]
 [1] 1.0000 1.0000 1.0000 0.3906 0.9730 0.7516 0.6202 0.6450 0.7944 0.6106
[11] 0.8774 0.6650

[[14]]
 [1] 1.0000 1.0000 1.0000 0.0108 0.6656 0.1574 0.9944 0.1494 0.3364 0.0520
[11] 1.0000 0.7878

[[15]]
 [1] 1.0000 1.0000 1.0000 0.0076 0.0802 0.2094 0.2790 0.0676 0.0616 0.0080
[11] 1.0000 0.8432

[[16]]
 [1] 1.0000 1.0000 1.0000 0.0054 0.0366 0.2862 0.0322 0.1150 0.0074 0.0564
[11] 0.0490 0.1192

[[17]]
 [1] 1.0000 1.0000 1.0000 0.0020 0.0084 0.1124 0.0104 0.0010 0.0024 0.0108
[11] 0.0122 0.1548

[[18]]
 [1] 1.0000 1.0000 1.0000 0.0100 0.0278 0.0998 1.0000 0.2026 0.2894 0.1630
[11] 1.0000 0.9670

[[19]]
 [1] 1.0000 1.0000 1.0000 0.0016 0.0112 1.0000 0.9312 0.1802 0.0314 0.0462
[11] 0.4060 1.0000

[[20]]
 [1] 1.0000 1.0000 1.0000 0.8808 0.9712 0.9952 0.6008 0.5752 0.4110 0.5970
[11] 0.9994 1.0000

