[[1]]
 [1] 1.0000 1.0000 1.0000 1.0000 0.3798 0.4326 0.4342 0.2020 0.9996 0.1448
[11] 0.2560 0.5784

[[2]]
 [1] 1.0000 1.0000 1.0000 0.0056 1.0000 0.1980 0.0408 0.0934 0.0144 0.0040
[11] 0.0766 0.3444

[[3]]
 [1] 1.0000 1.0000 1.0000 0.0014 0.0126 1.0000 0.3416 0.0336 0.0408 0.0194
[11] 0.0014 0.1244

[[4]]
 [1] 1.0000 1.0000 1.0000 0.0006 0.0198 1.0000 0.1372 0.0278 0.0508 0.2776
[11] 0.1092 0.2356

[[5]]
 [1] 1.0000 1.0000 1.0000 0.6110 0.9800 0.9886 1.0000 0.9520 0.9880 0.9972
[11] 0.7352 0.9696

[[6]]
 [1] 1.0000 1.0000 1.0000 0.0058 0.1554 0.1470 1.0000 0.2738 0.1570 0.0018
[11] 0.3668 0.4100

[[7]]
 [1] 1.0000 1.0000 1.0000 0.0214 0.3008 0.4298 1.0000 0.2414 0.5162 0.0088
[11] 0.6116 0.5112

[[8]]
 [1] 1.0000 1.0000 1.0000 0.0228 0.0802 0.0978 1.0000 0.1904 0.7870 0.0012
[11] 0.2480 0.4992

[[9]]
 [1] 1.0000 1.0000 1.0000 0.0652 0.6154 0.3722 0.2644 1.0000 0.1342 0.0220
[11] 0.6370 0.7396

[[10]]
 [1] 1.0000 1.0000 1.0000 0.0226 0.1998 0.1812 0.2798 0.0522 1.0000 0.0260
[11] 0.0930 0.9856

[[11]]
 [1] 1.0000 1.0000 1.0000 0.0986 0.8716 0.6196 0.4596 0.2624 0.3628 1.0000
[11] 0.7988 0.8172

[[12]]
 [1] 1.0000 1.0000 1.0000 0.0034 0.0628 0.6428 0.7794 0.0752 0.0826 1.0000
[11] 0.0378 0.1672

[[13]]
 [1] 1.0000 1.0000 1.0000 0.3508 0.9900 0.7588 0.8918 0.8076 0.9320 0.5374
[11] 0.8840 0.7894

[[14]]
 [1] 1.0000 1.0000 1.0000 0.0128 0.7082 0.0812 0.8988 0.0684 0.0212 0.0280
[11] 1.0000 1.0000

[[15]]
 [1] 1.0000 1.0000 1.0000 0.0030 0.3864 0.1518 0.2202 0.0438 0.0290 0.2316
[11] 1.0000 1.0000

[[16]]
 [1] 1.0000 1.0000 1.0000 0.0020 0.2082 0.7526 0.4186 0.0818 0.0410 0.0000
[11] 1.0000 0.4442

[[17]]
 [1] 1.0000 1.0000 1.0000 0.0026 0.9524 0.1060 0.0846 0.0054 0.0066 0.0240
[11] 0.0122 0.1038

[[18]]
 [1] 1.0000 1.0000 1.0000 0.0042 0.0562 0.8756 0.1952 0.2968 0.1800 0.0642
[11] 1.0000 0.9922

[[19]]
 [1] 1.0000 1.0000 1.0000 0.0024 0.2700 0.1108 0.0112 0.0140 0.0046 0.0014
[11] 0.0970 1.0000

[[20]]
 [1] 1.0000 1.0000 1.0000 0.9940 0.6978 0.3274 1.0000 0.9998 0.2388 0.0574
[11] 0.9904 0.7186

