[[1]]
 [1] 1.0000 1.0000 1.0000 1.0000 0.4188 0.4010 0.2756 0.3062 0.9926 0.1460
[11] 0.7624 0.4790

[[2]]
 [1] 1.0000 1.0000 1.0000 0.0062 1.0000 0.0680 0.1040 0.0058 0.0102 0.0502
[11] 0.1044 0.1420

[[3]]
 [1] 1.0000 1.0000 1.0000 0.0044 0.0426 1.0000 1.0000 1.0000 0.0766 0.1422
[11] 0.0418 0.5206

[[4]]
 [1] 1.0000 1.0000 1.0000 0.0008 0.0138 1.0000 0.0544 0.0056 0.0088 0.0340
[11] 0.0316 0.0706

[[5]]
 [1] 1.0000 1.0000 1.0000 0.0184 0.2002 0.1116 1.0000 0.0692 0.0494 0.0012
[11] 0.4954 0.6930

[[6]]
 [1] 1.0000 1.0000 1.0000 0.2208 0.7006 0.8664 0.9994 0.9682 0.7514 0.7780
[11] 0.9250 0.9996

[[7]]
 [1] 1.0000 1.0000 1.0000 0.0404 0.8314 1.0000 0.6510 0.1940 0.6934 1.0000
[11] 0.8638 1.0000

[[8]]
 [1] 1.0000 1.0000 1.0000 0.0134 0.0772 0.1000 0.4292 0.0946 0.8502 0.0006
[11] 0.1136 0.3822

[[9]]
 [1] 1.0000 1.0000 1.0000 0.0708 0.4646 0.3510 0.5962 1.0000 0.2056 0.0066
[11] 0.3814 0.6566

[[10]]
 [1] 1.0000 1.0000 1.0000 0.0176 0.3552 0.3066 0.9164 0.0480 1.0000 0.3180
[11] 0.6182 0.4370

[[11]]
 [1] 1.0000 1.0000 1.0000 0.0970 0.7532 0.7724 0.5472 0.2030 0.3158 1.0000
[11] 0.9364 0.7032

[[12]]
 [1] 1.0000 1.0000 1.0000 0.0062 0.2594 0.1252 1.0000 0.3530 0.4298 0.0144
[11] 0.3346 0.4622

[[13]]
 [1] 1.0000 1.0000 1.0000 0.4858 0.7266 0.5102 0.8920 0.8830 0.9498 0.3276
[11] 0.8576 0.7510

[[14]]
 [1] 1.0000 1.0000 1.0000 0.0334 0.0458 0.9240 0.9238 0.9834 0.0524 0.1100
[11] 1.0000 0.9998

[[15]]
 [1] 1.0000 1.0000 1.0000 0.0028 0.1910 1.0000 1.0000 0.9996 0.1536 0.0054
[11] 0.0720 1.0000

[[16]]
 [1] 1.0000 1.0000 1.0000 0.0012 0.6900 0.2980 0.2344 0.1802 0.0176 0.0030
[11] 0.9684 0.6518

[[17]]
 [1] 1.0000 1.0000 1.0000 0.0010 0.0272 0.0694 0.0034 0.0038 0.0096 0.2848
[11] 0.1082 0.1290

[[18]]
 [1] 1.0000 1.0000 1.0000 0.0026 0.1562 0.9948 0.6132 0.4520 0.5830 0.1584
[11] 0.9026 1.0000

[[19]]
 [1] 1.0000 1.0000 1.0000 0.0026 0.1304 0.0592 0.0578 0.1970 0.0048 0.0478
[11] 0.0340 1.0000

[[20]]
 [1] 1.0000 1.0000 1.0000 0.9080 0.7578 0.5444 0.8752 0.9666 0.7612 0.8514
[11] 0.8418 0.6648

