[[1]]
 [1] 1.0000 1.0000 1.0000 1.0000 0.2674 0.5128 0.5258 0.1196 0.4182 0.9996
[11] 0.8814 0.7514

[[2]]
 [1] 1.0000 1.0000 1.0000 0.0118 1.0000 0.1084 0.1046 0.0456 0.0652 0.2496
[11] 0.0892 0.2152

[[3]]
 [1] 1.0000 1.0000 1.0000 0.0020 0.0102 1.0000 0.0222 0.0092 0.0116 0.0108
[11] 0.0168 0.0540

[[4]]
 [1] 1.0000 1.0000 1.0000 0.0016 0.0148 1.0000 0.0608 0.0204 0.0214 0.0014
[11] 0.0206 0.0678

[[5]]
 [1] 1.0000 1.0000 1.0000 0.4354 0.9944 1.0000 1.0000 0.9102 1.0000 0.1872
[11] 0.8070 0.9998

[[6]]
 [1] 1.0000 1.0000 1.0000 0.0882 0.9522 1.0000 1.0000 0.8992 1.0000 0.3972
[11] 0.7456 0.9994

[[7]]
 [1] 1.0000 1.0000 1.0000 0.0124 0.1488 0.7646 1.0000 0.0682 0.1080 0.0450
[11] 0.6716 0.2308

[[8]]
 [1] 1.0000 1.0000 1.0000 0.0762 0.0780 0.4198 0.6390 0.1736 0.8180 0.3100
[11] 0.3544 0.3328

[[9]]
 [1] 1.0000 1.0000 1.0000 0.0740 0.7664 0.4000 0.2620 1.0000 0.1354 0.0302
[11] 0.4430 0.4998

[[10]]
 [1] 1.0000 1.0000 1.0000 0.0390 0.3010 0.3000 0.6858 0.0198 1.0000 0.0134
[11] 0.5444 0.8874

[[11]]
 [1] 1.0000 1.0000 1.0000 0.3522 0.8602 0.5138 0.3048 0.0668 0.8052 1.0000
[11] 0.5648 0.6112

[[12]]
 [1] 1.0000 1.0000 1.0000 0.0164 0.0756 0.9564 0.9730 0.7022 0.0448 0.0020
[11] 0.1078 1.0000

[[13]]
 [1] 1.0000 1.0000 1.0000 0.6806 0.6514 0.4852 0.8752 0.9384 0.3506 0.4846
[11] 0.6852 0.8246

[[14]]
 [1] 1.0000 1.0000 1.0000 0.0228 0.1226 0.3378 0.9904 0.5998 0.3976 0.3186
[11] 0.9630 0.6898

[[15]]
 [1] 1.0000 1.0000 1.0000 0.0132 0.0752 0.1510 0.9758 0.2984 0.1300 0.0014
[11] 1.0000 0.5364

[[16]]
 [1] 1.0000 1.0000 1.0000 0.0048 0.0794 0.1706 0.7848 0.2912 0.2968 0.0046
[11] 0.0856 0.3348

[[17]]
 [1] 1.0000 1.0000 1.0000 0.0056 0.0196 0.0566 0.0128 0.0040 0.0048 0.0462
[11] 1.0000 0.0666

[[18]]
 [1] 1.0000 1.0000 1.0000 0.0156 0.0616 0.9824 0.7832 0.5824 0.1398 0.1080
[11] 0.3578 0.9994

[[19]]
 [1] 1.0000 1.0000 1.0000 0.0222 0.0396 0.1206 0.9834 0.2730 0.1662 0.0010
[11] 0.0896 1.0000

[[20]]
 [1] 1.0000 1.0000 1.0000 0.6502 0.8032 0.7576 0.9848 0.4770 0.6050 0.7588
[11] 1.0000 0.6946

