[[1]]
 [1] 1.0000 1.0000 1.0000 1.0000 0.1842 0.3464 0.2654 0.0492 0.9890 0.9668
[11] 0.6334 0.4546

[[2]]
 [1] 1.0000 1.0000 1.0000 0.0124 1.0000 0.1686 0.1994 0.0478 0.0786 0.0010
[11] 0.0602 0.1848

[[3]]
 [1] 1.0000 1.0000 1.0000 0.0020 0.0334 1.0000 0.2618 0.4166 0.1186 0.1000
[11] 0.9182 0.8056

[[4]]
 [1] 1.0000 1.0000 1.0000 0.0006 0.0046 1.0000 0.3406 0.1402 0.1502 0.0110
[11] 0.0524 0.1830

[[5]]
 [1] 1.0000 1.0000 1.0000 0.4768 0.6630 0.9592 1.0000 0.6848 0.9888 0.9790
[11] 0.9982 0.9800

[[6]]
 [1] 1.0000 1.0000 1.0000 0.0064 0.0326 0.0724 1.0000 0.1850 0.1710 0.0394
[11] 0.3714 0.9254

[[7]]
 [1] 1.0000 1.0000 1.0000 0.0100 0.0560 0.4494 1.0000 0.1076 0.6458 0.0110
[11] 0.4886 0.4350

[[8]]
 [1] 1.0000 1.0000 1.0000 0.1024 0.0462 0.3282 0.1030 0.0398 0.2320 0.0420
[11] 0.2228 0.6380

[[9]]
 [1] 1.0000 1.0000 1.0000 0.0800 0.3166 0.3054 0.1162 1.0000 0.1678 0.0124
[11] 0.1500 0.6180

[[10]]
 [1] 1.0000 1.0000 1.0000 0.0160 0.1624 0.1118 0.0892 0.0104 1.0000 0.0012
[11] 0.1368 0.9854

[[11]]
 [1] 1.0000 1.0000 1.0000 0.3288 0.7592 0.8782 1.0000 0.8038 0.9114 0.2470
[11] 0.8760 0.6988

[[12]]
 [1] 1.0000 1.0000 1.0000 0.0082 0.0262 1.0000 0.9984 0.4382 0.2400 1.0000
[11] 0.2054 0.3624

[[13]]
 [1] 1.0000 1.0000 1.0000 0.3370 0.9522 0.7566 0.6298 0.3514 0.5914 1.0000
[11] 0.9538 0.8132

[[14]]
 [1] 1.0000 1.0000 1.0000 0.1216 0.5074 0.1704 0.3988 0.0700 0.1082 0.1130
[11] 1.0000 0.8632

[[15]]
 [1] 1.0000 1.0000 1.0000 0.0218 0.0754 0.2892 0.8196 0.2474 0.6322 0.0222
[11] 1.0000 0.9682

[[16]]
 [1] 1.0000 1.0000 1.0000 0.0032 0.0150 0.1390 0.0186 0.0186 0.0108 0.0002
[11] 0.9750 0.0876

[[17]]
 [1] 1.0000 1.0000 1.0000 0.0024 0.0130 0.0630 0.7862 0.2868 0.2442 0.0290
[11] 0.0634 0.8546

[[18]]
 [1] 1.0000 1.0000 1.0000 0.0184 0.0788 0.9078 0.7412 0.3292 0.2242 0.0066
[11] 1.0000 0.9462

[[19]]
 [1] 1.0000 1.0000 1.0000 0.0024 0.0134 0.0860 1.0000 0.2114 0.4068 0.0192
[11] 0.1636 1.0000

[[20]]
 [1] 1.0000 1.0000 1.0000 0.9812 0.4288 0.9874 1.0000 0.1726 0.3440 0.0260
[11] 0.4598 0.9806

