[[1]]
 [1] 1.0000 1.0000 1.0000 1.0000 0.4616 0.9902 0.7550 0.0954 0.9374 0.0294
[11] 0.3020 0.9100

[[2]]
 [1] 1.0000 1.0000 1.0000 0.0078 1.0000 0.1408 0.1756 0.0266 0.0456 0.0426
[11] 0.9772 0.3174

[[3]]
 [1] 1.0000 1.0000 1.0000 0.0014 0.0144 1.0000 0.0140 0.0076 0.0146 0.0032
[11] 0.0128 0.0520

[[4]]
 [1] 1.0000 1.0000 1.0000 0.0036 0.0150 1.0000 0.5310 0.4204 0.0910 0.0474
[11] 0.0590 0.1906

[[5]]
 [1] 1.0000 1.0000 1.0000 0.0334 0.5390 0.1594 1.0000 0.4148 0.3952 0.0038
[11] 0.4786 0.4528

[[6]]
 [1] 1.0000 1.0000 1.0000 0.0086 0.2476 0.0758 1.0000 0.1904 0.3190 0.6028
[11] 0.2212 0.4202

[[7]]
 [1] 1.0000 1.0000 1.0000 0.1768 0.2302 0.5572 1.0000 0.2380 0.4188 0.0008
[11] 0.8196 0.5436

[[8]]
 [1] 1.0000 1.0000 1.0000 0.0178 0.1576 0.0714 0.5198 0.2538 0.3012 0.0534
[11] 0.5244 0.6718

[[9]]
 [1] 1.0000 1.0000 1.0000 0.2258 0.9290 0.3792 0.2422 1.0000 0.1810 0.0482
[11] 0.4798 0.4778

[[10]]
 [1] 1.0000 1.0000 1.0000 0.0142 0.3178 0.2082 0.1840 0.0088 1.0000 0.2044
[11] 0.1024 0.9902

[[11]]
 [1] 1.0000 1.0000 1.0000 0.1594 0.9078 0.8036 0.4078 0.1768 0.3398 1.0000
[11] 0.7528 0.7158

[[12]]
 [1] 1.0000 1.0000 1.0000 0.0300 0.3382 1.0000 0.8688 0.1908 0.0476 0.0050
[11] 0.0828 0.9736

[[13]]
 [1] 1.0000 1.0000 1.0000 0.5098 0.9952 0.7382 0.9384 0.3840 0.5262 0.9962
[11] 0.8746 0.7638

[[14]]
 [1] 1.0000 1.0000 1.0000 0.0276 0.9772 0.2662 0.1658 0.9998 0.1154 0.1610
[11] 1.0000 1.0000

[[15]]
 [1] 1.0000 1.0000 1.0000 0.0052 0.9954 0.6986 0.2234 1.0000 0.0542 0.0022
[11] 0.9972 1.0000

[[16]]
 [1] 1.0000 1.0000 1.0000 0.0020 0.4702 0.3564 0.1088 0.4930 0.0660 0.2468
[11] 0.7892 0.3248

[[17]]
 [1] 1.0000 1.0000 1.0000 0.0020 0.5182 0.0452 0.0058 0.0010 0.0034 0.0278
[11] 1.0000 0.1476

[[18]]
 [1] 1.0000 1.0000 1.0000 0.0040 0.9992 1.0000 0.2032 1.0000 0.3582 0.0148
[11] 0.5360 1.0000

[[19]]
 [1] 1.0000 1.0000 1.0000 0.0018 0.2740 0.1508 0.0094 0.0052 0.0088 0.1266
[11] 0.0192 1.0000

[[20]]
 [1] 1.0000 1.0000 1.0000 1.0000 1.0000 0.6854 0.4886 0.9980 0.5516 0.0754
[11] 1.0000 0.6978

