[[1]]
 [1] 1.0000 1.0000 1.0000 1.0000 0.1276 0.2152 0.3280 0.2002 0.1554 0.1080
[11] 0.5972 0.5314

[[2]]
 [1] 1.0000 1.0000 1.0000 0.0520 1.0000 0.1436 0.2374 0.1196 0.1200 0.0134
[11] 0.2478 0.4236

[[3]]
 [1] 1.0000 1.0000 1.0000 0.0112 0.0122 1.0000 0.0412 0.0138 0.0110 0.0036
[11] 0.0388 0.1354

[[4]]
 [1] 1.0000 1.0000 1.0000 0.2742 0.0418 1.0000 0.1418 0.1506 0.5736 0.1634
[11] 0.6336 0.5282

[[5]]
 [1] 1.0000 1.0000 1.0000 0.0618 0.9036 0.3708 1.0000 0.6308 0.3330 0.7020
[11] 0.2856 0.6934

[[6]]
 [1] 1.0000 1.0000 1.0000 0.0168 0.1558 0.0948 1.0000 0.2410 0.0850 0.7686
[11] 0.2180 0.3834

[[7]]
 [1] 1.0000 1.0000 1.0000 0.1430 0.4366 0.4652 0.9980 0.9084 0.9654 0.5292
[11] 0.9992 0.9942

[[8]]
 [1] 1.0000 1.0000 1.0000 0.0406 0.0610 0.2222 0.2960 0.0832 0.1376 0.1362
[11] 0.6302 0.8734

[[9]]
 [1] 1.0000 1.0000 1.0000 0.2216 0.5042 0.3786 0.6190 1.0000 0.2160 0.0578
[11] 0.6996 0.6582

[[10]]
 [1] 1.0000 1.0000 1.0000 0.1524 0.2640 0.3606 0.6562 0.4042 1.0000 0.4026
[11] 0.4592 0.8168

[[11]]
 [1] 1.0000 1.0000 1.0000 0.2960 0.7510 0.6478 0.8428 0.6684 0.4312 0.9410
[11] 0.6108 0.7242

[[12]]
 [1] 1.0000 1.0000 1.0000 0.0840 0.0532 0.6690 0.6592 0.5592 0.3140 1.0000
[11] 0.7082 0.6156

[[13]]
 [1] 1.0000 1.0000 1.0000 0.0960 0.3444 0.9938 0.9920 0.8074 0.5168 0.9322
[11] 0.9266 0.7638

[[14]]
 [1] 1.0000 1.0000 1.0000 0.0636 0.3414 0.4144 0.2374 0.4026 0.3298 0.3164
[11] 1.0000 0.8014

[[15]]
 [1] 1.0000 1.0000 1.0000 0.0324 0.1132 0.1580 0.2312 0.1848 0.1912 0.3016
[11] 1.0000 0.7376

[[16]]
 [1] 1.0000 1.0000 1.0000 0.0122 0.0360 0.0854 0.1112 0.0378 0.0210 0.0022
[11] 0.5410 0.3228

[[17]]
 [1] 1.0000 1.0000 1.0000 0.0086 0.0290 0.1560 0.1542 0.0714 0.0352 0.0056
[11] 0.2756 0.2608

[[18]]
 [1] 1.0000 1.0000 1.0000 0.7464 0.0824 0.6004 0.4430 0.2170 0.6364 0.0996
[11] 0.9958 0.8250

[[19]]
 [1] 1.0000 1.0000 1.0000 0.0338 0.0202 0.7214 0.3884 0.8402 0.0364 0.0050
[11] 0.0474 0.9830

[[20]]
 [1] 1.0000 1.0000 1.0000 0.1670 0.5028 0.5090 0.9790 0.7156 0.6022 1.0000
[11] 0.8582 0.7012

