[[1]]
                     Prob         Low        Med           Up          Mean
per03           1.0000000 -0.02922575  0.5697451  1.959669354  0.8386272204
per04           1.0000000 -0.25049489  0.5626411  1.282577992  0.4879154345
per05           1.0000000 -2.10750200 -0.5029071  1.735074018 -0.2194128857
per06           1.0000000 -1.81004940 -1.1477839  0.356036667 -0.8968072084
per07           1.0000000 -0.47758624  0.2699846  1.054808824  0.2835903436
per08           1.0000000 -1.13440927  0.1093609  1.307565676  0.0456440449
cc2             1.0000000 -0.27469734  0.3419638  1.615736146  0.5156069196
cc3             1.0000000  0.24912713  1.3350357  2.554893970  1.5084536884
cc4             1.0000000 -7.58848549 -3.0978145 -1.535931055 -3.3516984485
cc5             1.0000000 -0.32750220  1.1388876  3.128334497  1.2560206920
cc6             1.0000000 -0.71177572  0.1673450  1.634593363  0.3296525798
cc7             1.0000000 -2.16968148 -0.8135204 -0.304693366 -1.2151203253
cc8             1.0000000 -0.53533162  0.7740085  2.132322022  0.8218748300
cc9             1.0000000 -0.69871421  0.5082375  2.029310401  0.4228378371
cc10            1.0000000 -0.69746783  1.4499010  2.100517178  0.9346293153
cc11            1.0000000 -0.38721399  0.7363423  2.177484563  0.8635268190
cc12            1.0000000 -1.37848533 -0.6257769  0.611284512 -0.6346847513
1               0.5555556 -0.71708582  0.0000000  2.489816009  0.3903425937
lcentralization 0.0000000  0.00000000  0.0000000  0.000000000  0.0000000000
lwarfare        1.0000000 -0.62353096 -0.2511071 -0.043268661 -0.3024689314
larea           1.0000000  0.80227064  2.0328885  2.501531261  1.8640406360
lpopulation     1.0000000  0.90159040  1.9297020  2.734303738  1.8112825794
ldepend15       0.1111111  0.00000000  0.0000000  0.075108978  0.0104318026
ldepend64       1.0000000  2.89344593  3.2181498  3.797793403  3.3066478666
lurban          0.7777778 -0.04896907  0.0000000  0.129142679  0.0213470748
lpop_growth     0.7777778 -0.80203773  0.0000000  0.524218050 -0.0480723452
ltrade          1.0000000  0.27694876  0.3389873  0.358710824  0.3278319252
lgini_gross     0.1111111  0.00000000  0.0000000  0.036243346  0.0050337981
ldebt           0.5555556 -0.02746665  0.0000000  0.009774892 -0.0077120119
lfdi_liab       1.0000000 -3.30563699 -2.8985209 -2.385875286 -2.8745363721
linflation      0.6666667 -0.01770939  0.0000000  0.020982512 -0.0005299834
ldemocracy      0.1111111 -0.29062398  0.0000000  0.000000000 -0.0403644423
lpol_comp       0.4444444 -0.78725500  0.0000000  0.000000000 -0.3303293724
lpresidential   0.0000000  0.00000000  0.0000000  0.000000000  0.0000000000
lplurality      0.0000000  0.00000000  0.0000000  0.000000000  0.0000000000
lpol_rights     1.0000000  3.13911166  3.8971485  4.502558714  3.8701550732
lgdp_pc         0.0000000  0.00000000  0.0000000  0.000000000  0.0000000000
                        SD     CondMean     CondSD
per03           0.74472372  0.838627220 0.74472372
per04           0.54516337  0.487915435 0.54516337
per05           1.32520178 -0.219412886 1.32520178
per06           0.70455292 -0.896807208 0.70455292
per07           0.47024933  0.283590344 0.47024933
per08           0.85642586  0.045644045 0.85642586
cc2             0.67386002  0.515606920 0.67386002
cc3             0.78568164  1.508453688 0.78568164
cc4             2.12143970 -3.351698449 2.12143970
cc5             1.26917378  1.256020692 1.26917378
cc6             0.76896265  0.329652580 0.76896265
cc7             0.71005727 -1.215120325 0.71005727
cc8             0.87966260  0.821874830 0.87966260
cc9             0.93961013  0.422837837 0.93961013
cc10            1.12786082  0.934629315 1.12786082
cc11            0.92854552  0.863526819 0.92854552
cc12            0.68362400 -0.634684751 0.68362400
1               1.09441507  0.702616669 1.45644343
lcentralization 0.00000000          NaN         NA
lwarfare        0.21040887 -0.302468931 0.21040887
larea           0.57365709  1.864040636 0.57365709
lpopulation     0.59850834  1.811282579 0.59850834
ldepend15       0.03129541  0.093886223         NA
ldepend64       0.32845003  3.306647867 0.32845003
lurban          0.05781392  0.027446239 0.06527863
lpop_growth     0.43347483 -0.061807301 0.49954328
ltrade          0.02801604  0.327831925 0.02801604
lgini_gross     0.01510139  0.045304183         NA
ldebt           0.01329195 -0.013881621 0.01569384
lfdi_liab       0.30789074 -2.874536372 0.30789074
linflation      0.01268927 -0.000794975 0.01604292
ldemocracy      0.12109333 -0.363279981         NA
lpol_comp       0.39334649 -0.743241088 0.05830912
lpresidential   0.00000000          NaN         NA
lplurality      0.00000000          NaN         NA
lpol_rights     0.48111735  3.870155073 0.48111735
lgdp_pc         0.00000000          NaN         NA

[[2]]
                     Prob         Low         Med          Up         Mean
per03           1.0000000 -0.82485588 -0.19899032  0.29128760 -0.166109872
per04           1.0000000 -1.02064859  0.03232252  0.89510347  0.062214807
per05           1.0000000 -0.52135459 -0.15023836  0.37739089 -0.119445195
per06           1.0000000 -1.17490556 -0.56685927 -0.14385996 -0.608912992
per07           1.0000000 -0.76229253  0.04155313  1.10789959  0.061929007
per08           1.0000000 -1.44958192 -0.05109756  1.11207755 -0.077650951
cc2             1.0000000 -0.62978681  0.24108844  1.73134964  0.315545494
cc3             1.0000000 -2.29867297 -1.14272137  0.19562638 -1.081100772
cc4             1.0000000 -0.58359009  0.45855717  0.89601803  0.301547262
cc5             1.0000000  0.21565628  1.12532062  1.69032639  1.052323867
cc6             1.0000000 -0.86411246  0.77110651  1.78139690  0.671013879
cc7             1.0000000 -1.46850329 -0.65635977 -0.17383114 -0.701188725
cc8             1.0000000 -1.25266488 -0.35128322  0.43994674 -0.366523353
cc9             1.0000000 -0.61723323  0.04126558  0.45308972  0.054102742
cc10            1.0000000 -0.91123603  0.01215806  0.47468292 -0.107700359
cc11            1.0000000 -1.17846438 -0.24367349  0.89836989 -0.123181185
cc12            1.0000000 -2.16370177 -0.38460759  0.25936137 -0.635442180
1               0.7777778 -1.78794578  0.16326282  2.25802918  0.200441491
lcentralization 1.0000000  0.02840131  0.05341667  0.07505358  0.053736346
lwarfare        1.0000000  0.27448208  0.52206093  0.56876686  0.459020013
larea           0.0000000  0.00000000  0.00000000  0.00000000  0.000000000
lpopulation     0.0000000  0.00000000  0.00000000  0.00000000  0.000000000
ldepend15       1.0000000 -0.03061031 -0.01260396  0.01488496 -0.009728453
ldepend64       0.0000000  0.00000000  0.00000000  0.00000000  0.000000000
lurban          1.0000000 -0.05879784 -0.03995013 -0.02612605 -0.042573582
lpop_growth     0.5555556 -0.06631968  0.00000000  0.25119326  0.024970569
ltrade          0.0000000  0.00000000  0.00000000  0.00000000  0.000000000
lgini_gross     0.0000000  0.00000000  0.00000000  0.00000000  0.000000000
ldebt           0.0000000  0.00000000  0.00000000  0.00000000  0.000000000
lfdi_liab       0.0000000  0.00000000  0.00000000  0.00000000  0.000000000
linflation      0.0000000  0.00000000  0.00000000  0.00000000  0.000000000
ldemocracy      0.0000000  0.00000000  0.00000000  0.00000000  0.000000000
lpol_comp       0.0000000  0.00000000  0.00000000  0.00000000  0.000000000
lpresidential   0.0000000  0.00000000  0.00000000  0.00000000  0.000000000
lplurality      0.0000000  0.00000000  0.00000000  0.00000000  0.000000000
lpol_rights     0.7777778 -0.63668831 -0.39182527  0.00000000 -0.362136035
lgdp_pc         0.0000000  0.00000000  0.00000000  0.00000000  0.000000000
                        SD     CondMean     CondSD
per03           0.40593347 -0.166109872 0.40593347
per04           0.65806561  0.062214807 0.65806561
per05           0.29038354 -0.119445195 0.29038354
per06           0.38406313 -0.608912992 0.38406313
per07           0.58217755  0.061929007 0.58217755
per08           0.78987038 -0.077650951 0.78987038
cc2             0.86173015  0.315545494 0.86173015
cc3             0.85686461 -1.081100772 0.85686461
cc4             0.53799800  0.301547262 0.53799800
cc5             0.48379788  1.052323867 0.48379788
cc6             1.01122394  0.671013879 1.01122394
cc7             0.50392757 -0.701188725 0.50392757
cc8             0.59945328 -0.366523353 0.59945328
cc9             0.37374941  0.054102742 0.37374941
cc10            0.51387312 -0.107700359 0.51387312
cc11            0.77440933 -0.123181185 0.77440933
cc12            0.89231690 -0.635442180 0.89231690
1               1.32368503  0.257710488 1.52281673
lcentralization 0.01619915  0.053736346 0.01619915
lwarfare        0.11664031  0.459020013 0.11664031
larea           0.00000000          NaN         NA
lpopulation     0.00000000          NaN         NA
ldepend15       0.01515879 -0.009728453 0.01515879
ldepend64       0.00000000          NaN         NA
lurban          0.01145897 -0.042573582 0.01145897
lpop_growth     0.11091219  0.044947025 0.15323405
ltrade          0.00000000          NaN         NA
lgini_gross     0.00000000          NaN         NA
ldebt           0.00000000          NaN         NA
lfdi_liab       0.00000000          NaN         NA
linflation      0.00000000          NaN         NA
ldemocracy      0.00000000          NaN         NA
lpol_comp       0.00000000          NaN         NA
lpresidential   0.00000000          NaN         NA
lplurality      0.00000000          NaN         NA
lpol_rights     0.22993308 -0.465603473 0.11953395
lgdp_pc         0.00000000          NaN         NA

[[3]]
                     Prob         Low          Med         Up         Mean
per03           1.0000000 -0.10836194  0.041687043 0.24915435  0.054778484
per04           1.0000000 -0.08883375  0.013448862 0.11258627  0.023865914
per05           1.0000000 -0.33062766 -0.065472969 0.06857817 -0.067956665
per06           1.0000000 -0.05220807  0.033962841 0.06082206  0.011008412
per07           1.0000000 -0.20929795  0.063444996 0.21036168  0.028141966
per08           1.0000000 -0.13860495  0.101567451 0.26301144  0.070538251
cc2             1.0000000 -0.38988546 -0.028448010 0.15802187 -0.086630217
cc3             1.0000000 -0.09006550  0.116239148 0.38899397  0.124233496
cc4             1.0000000  0.19251392  0.347188595 0.71185226  0.425511664
cc5             1.0000000 -0.11387165  0.101995434 0.28806160  0.062964181
cc6             1.0000000 -0.29502903  0.275724571 0.56646494  0.225453598
cc7             1.0000000 -0.14136406  0.095750512 0.33577749  0.076965698
cc8             1.0000000 -0.23511755  0.057988210 0.25049317  0.029016486
cc9             1.0000000 -0.45371552 -0.008429196 0.22800140 -0.076667002
cc10            1.0000000 -0.13241398  0.038735079 0.34751203  0.099857436
cc11            1.0000000 -0.51250104 -0.071325920 0.43452873  0.008675441
cc12            1.0000000 -0.26993541  0.074679649 0.32095068  0.045933312
1               0.4444444  0.00000000  0.000000000 1.76243152  0.345611737
lcentralization 0.0000000  0.00000000  0.000000000 0.00000000  0.000000000
lwarfare        0.0000000  0.00000000  0.000000000 0.00000000  0.000000000
larea           1.0000000  0.87611054  0.965698130 0.99552491  0.959249683
lpopulation     0.0000000  0.00000000  0.000000000 0.00000000  0.000000000
ldepend15       0.0000000  0.00000000  0.000000000 0.00000000  0.000000000
ldepend64       0.0000000  0.00000000  0.000000000 0.00000000  0.000000000
lurban          0.0000000  0.00000000  0.000000000 0.00000000  0.000000000
lpop_growth     0.5555556  0.00000000  0.004555454 0.12148705  0.030108085
ltrade          0.0000000  0.00000000  0.000000000 0.00000000  0.000000000
lgini_gross     0.0000000  0.00000000  0.000000000 0.00000000  0.000000000
ldebt           0.0000000  0.00000000  0.000000000 0.00000000  0.000000000
lfdi_liab       0.0000000  0.00000000  0.000000000 0.00000000  0.000000000
linflation      0.0000000  0.00000000  0.000000000 0.00000000  0.000000000
ldemocracy      0.0000000  0.00000000  0.000000000 0.00000000  0.000000000
lpol_comp       0.0000000  0.00000000  0.000000000 0.00000000  0.000000000
lpresidential   0.0000000  0.00000000  0.000000000 0.00000000  0.000000000
lplurality      0.0000000  0.00000000  0.000000000 0.00000000  0.000000000
lpol_rights     0.0000000  0.00000000  0.000000000 0.00000000  0.000000000
lgdp_pc         0.0000000  0.00000000  0.000000000 0.00000000  0.000000000
                        SD     CondMean     CondSD
per03           0.11008312  0.054778484 0.11008312
per04           0.06780300  0.023865914 0.06780300
per05           0.13495952 -0.067956665 0.13495952
per06           0.04342568  0.011008412 0.04342568
per07           0.14726274  0.028141966 0.14726274
per08           0.14348168  0.070538251 0.14348168
cc2             0.21177069 -0.086630217 0.21177069
cc3             0.16343428  0.124233496 0.16343428
cc4             0.20194867  0.425511664 0.20194867
cc5             0.14233551  0.062964181 0.14233551
cc6             0.28315835  0.225453598 0.28315835
cc7             0.15613691  0.076965698 0.15613691
cc8             0.15981659  0.029016486 0.15981659
cc9             0.22470450 -0.076667002 0.22470450
cc10            0.16073033  0.099857436 0.16073033
cc11            0.32466366  0.008675441 0.32466366
cc12            0.19616518  0.045933312 0.19616518
1               0.67666807  0.777626409 0.87925220
lcentralization 0.00000000          NaN         NA
lwarfare        0.00000000          NaN         NA
larea           0.04167055  0.959249683 0.04167055
lpopulation     0.00000000          NaN         NA
ldepend15       0.00000000          NaN         NA
ldepend64       0.00000000          NaN         NA
lurban          0.00000000          NaN         NA
lpop_growth     0.04644319  0.054194552 0.05179041
ltrade          0.00000000          NaN         NA
lgini_gross     0.00000000          NaN         NA
ldebt           0.00000000          NaN         NA
lfdi_liab       0.00000000          NaN         NA
linflation      0.00000000          NaN         NA
ldemocracy      0.00000000          NaN         NA
lpol_comp       0.00000000          NaN         NA
lpresidential   0.00000000          NaN         NA
lplurality      0.00000000          NaN         NA
lpol_rights     0.00000000          NaN         NA
lgdp_pc         0.00000000          NaN         NA

[[4]]
                     Prob           Low          Med           Up         Mean
per03           1.0000000 -0.1572176873 -0.033864419  0.201049372  0.007345690
per04           1.0000000 -0.2721350675  0.020293368  0.308202014  0.028833270
per05           1.0000000 -0.1114946521  0.033689195  0.271802544  0.062861220
per06           1.0000000 -0.0993952387  0.173390581  0.427757740  0.145379727
per07           1.0000000  0.0419991177  0.399882519  0.675060875  0.370799440
per08           1.0000000  0.2555624125  0.576399230  0.861461825  0.519827947
cc2             1.0000000 -0.4745310812 -0.055615944  0.487319092  0.058052989
cc3             1.0000000 -0.5507579940 -0.198621215 -0.011665655 -0.248284647
cc4             1.0000000 -0.1228184146  0.766588736  1.633415408  0.599231682
cc5             1.0000000 -0.3628946919  0.050419529  0.154828037 -0.007321193
cc6             1.0000000 -0.9092063222 -0.151404463  0.147436038 -0.217853878
cc7             1.0000000 -0.9358637534 -0.273823642  0.121891008 -0.346204939
cc8             1.0000000 -0.5059519887 -0.131592110 -0.023735086 -0.182771047
cc9             1.0000000 -0.8296720710 -0.275197054 -0.208682799 -0.373643717
cc10            1.0000000 -0.6008602933 -0.105014273  0.273381712 -0.112408206
cc11            1.0000000 -0.1372581366  0.056649795  0.310291950  0.066852813
cc12            1.0000000 -0.4317267402 -0.062280523  0.243429676 -0.051494011
1               1.0000000 -1.2584236313 -0.149632730  1.551565605 -0.004799979
lcentralization 1.0000000  0.0013621156  0.023807420  0.031507719  0.018823450
lwarfare        0.0000000  0.0000000000  0.000000000  0.000000000  0.000000000
larea           0.0000000  0.0000000000  0.000000000  0.000000000  0.000000000
lpopulation     1.0000000  0.7820654472  0.912796058  0.977400962  0.885887121
ldepend15       1.0000000 -0.0003716143  0.007109327  0.010978217  0.006783147
ldepend64       0.0000000  0.0000000000  0.000000000  0.000000000  0.000000000
lurban          0.0000000  0.0000000000  0.000000000  0.000000000  0.000000000
lpop_growth     0.5555556  0.0000000000  0.007764865  0.152532958  0.044640187
ltrade          1.0000000 -0.0113206631 -0.006214677 -0.002272669 -0.006633294
lgini_gross     0.0000000  0.0000000000  0.000000000  0.000000000  0.000000000
ldebt           0.0000000  0.0000000000  0.000000000  0.000000000  0.000000000
lfdi_liab       0.0000000  0.0000000000  0.000000000  0.000000000  0.000000000
linflation      0.0000000  0.0000000000  0.000000000  0.000000000  0.000000000
ldemocracy      0.1111111  0.0000000000  0.000000000  0.008988136  0.001248352
lpol_comp       0.0000000  0.0000000000  0.000000000  0.000000000  0.000000000
lpresidential   0.1111111 -0.1288597783  0.000000000  0.000000000 -0.017897191
lplurality      0.1111111  0.0000000000  0.000000000  0.129039208  0.017922112
lpol_rights     0.0000000  0.0000000000  0.000000000  0.000000000  0.000000000
lgdp_pc         0.0000000  0.0000000000  0.000000000  0.000000000  0.000000000
                         SD     CondMean      CondSD
per03           0.131765785  0.007345690 0.131765785
per04           0.195378503  0.028833270 0.195378503
per05           0.136538658  0.062861220 0.136538658
per06           0.188461886  0.145379727 0.188461886
per07           0.221279118  0.370799440 0.221279118
per08           0.209785758  0.519827947 0.209785758
cc2             0.345040728  0.058052989 0.345040728
cc3             0.196442565 -0.248284647 0.196442565
cc4             0.646265474  0.599231682 0.646265474
cc5             0.175828996 -0.007321193 0.175828996
cc6             0.347412294 -0.217853878 0.347412294
cc7             0.368967405 -0.346204939 0.368967405
cc8             0.170129898 -0.182771047 0.170129898
cc9             0.224511983 -0.373643717 0.224511983
cc10            0.272256783 -0.112408206 0.272256783
cc11            0.154307403  0.066852813 0.154307403
cc12            0.223252026 -0.051494011 0.223252026
1               1.010510375 -0.004799979 1.010510375
lcentralization 0.011035032  0.018823450 0.011035032
lwarfare        0.000000000          NaN          NA
larea           0.000000000          NaN          NA
lpopulation     0.070335932  0.885887121 0.070335932
ldepend15       0.003994635  0.006783147 0.003994635
ldepend64       0.000000000          NaN          NA
lurban          0.000000000          NaN          NA
lpop_growth     0.059117035  0.080352337 0.058332703
ltrade          0.003028774 -0.006633294 0.003028774
lgini_gross     0.000000000          NaN          NA
ldebt           0.000000000          NaN          NA
lfdi_liab       0.000000000          NaN          NA
linflation      0.000000000          NaN          NA
ldemocracy      0.003745057  0.011235170          NA
lpol_comp       0.000000000          NaN          NA
lpresidential   0.053691574 -0.161074723          NA
lplurality      0.053766337  0.161299010          NA
lpol_rights     0.000000000          NaN          NA
lgdp_pc         0.000000000          NaN          NA

[[5]]
                     Prob         Low        Med           Up          Mean
per03           1.0000000  0.30811944  1.1107101  1.708579861  1.0235925228
per04           1.0000000  0.27488877  1.3602437  2.769491130  1.4787440322
per05           1.0000000 -1.35970558 -0.6154243  0.304088381 -0.5703702261
per06           1.0000000 -4.24542472 -2.8663502 -1.664078231 -2.9328552531
per07           1.0000000 -2.63973556 -0.7832057 -0.299806720 -1.0657908020
per08           1.0000000 -1.12606482  0.3817842  1.686677602  0.2271077682
cc2             1.0000000 -1.13813573  0.1155875  1.022054208  0.1169340961
cc3             1.0000000 -1.04643807 -0.0605464  1.838237411  0.1821789949
cc4             1.0000000 -0.77425485 -0.2703963  1.873433845  0.3516280785
cc5             1.0000000 -1.80014338 -0.6771948  0.824129320 -0.5290711396
cc6             1.0000000 -0.41992359  0.6651987  1.140139387  0.4315362848
cc7             1.0000000 -1.46613498 -0.1685339  2.000298616  0.0203025767
cc8             1.0000000 -0.25064267  0.2499142  1.971080186  0.5297953687
cc9             1.0000000 -0.17534019  0.5832933  2.587823938  0.8333884797
cc10            1.0000000 -0.51867121  0.3710755  1.265218846  0.3580341964
cc11            1.0000000 -3.39160292 -1.8709080  0.028465747 -1.8282923361
cc12            1.0000000 -0.86938195  0.6165872  1.116407705  0.3783285468
1               0.5555556 -1.63646663  0.0000000  1.808352248  0.0288665008
lcentralization 0.3333333 -0.03522913  0.0000000  0.000000000 -0.0073127897
lwarfare        1.0000000  0.18944607  0.4695003  0.731062927  0.4656931053
larea           0.0000000  0.00000000  0.0000000  0.000000000  0.0000000000
lpopulation     0.8888889 -0.42363316  0.0000000  0.119097740 -0.1068843367
ldepend15       1.0000000  0.88410125  0.9556389  1.028321842  0.9425509935
ldepend64       0.7777778 -0.31594329 -0.1227369  0.111720042 -0.1154590117
lurban          0.0000000  0.00000000  0.0000000  0.000000000  0.0000000000
lpop_growth     1.0000000  0.48984036  0.8728970  1.131688109  0.8094815431
ltrade          0.0000000  0.00000000  0.0000000  0.000000000  0.0000000000
lgini_gross     0.0000000  0.00000000  0.0000000  0.000000000  0.0000000000
ldebt           0.0000000  0.00000000  0.0000000  0.000000000  0.0000000000
lfdi_liab       0.0000000  0.00000000  0.0000000  0.000000000  0.0000000000
linflation      0.1111111  0.00000000  0.0000000  0.002223136  0.0003087688
ldemocracy      0.1111111  0.00000000  0.0000000  0.117603027  0.0163337538
lpol_comp       0.0000000  0.00000000  0.0000000  0.000000000  0.0000000000
lpresidential   0.0000000  0.00000000  0.0000000  0.000000000  0.0000000000
lplurality      0.0000000  0.00000000  0.0000000  0.000000000  0.0000000000
lpol_rights     0.4444444 -0.30076900  0.0000000  0.204685582 -0.0124008575
lgdp_pc         0.0000000  0.00000000  0.0000000  0.000000000  0.0000000000
                          SD    CondMean     CondSD
per03           0.5123704227  1.02359252 0.51237042
per04           0.8216637060  1.47874403 0.82166371
per05           0.5890050483 -0.57037023 0.58900505
per06           0.9519816902 -2.93285525 0.95198169
per07           0.8378003302 -1.06579080 0.83780033
per08           0.9898339798  0.22710777 0.98983398
cc2             0.7201036386  0.11693410 0.72010364
cc3             1.1247002485  0.18217899 1.12470025
cc4             1.0346191083  0.35162808 1.03461911
cc5             0.9172649899 -0.52907114 0.91726499
cc6             0.6132852652  0.43153628 0.61328527
cc7             1.1301301536  0.02030258 1.13013015
cc8             0.7954230631  0.52979537 0.79542306
cc9             0.9162869586  0.83338848 0.91628696
cc10            0.5754526042  0.35803420 0.57545260
cc11            1.2234233540 -1.82829234 1.22342335
cc12            0.8090713460  0.37832855 0.80907135
1               1.0525519242  0.05195970 1.48802930
lcentralization 0.0138474458 -0.02193837 0.01690311
lwarfare        0.1750757208  0.46569311 0.17507572
larea           0.0000000000         NaN         NA
lpopulation     0.2015036186 -0.12024488 0.21111181
ldepend15       0.0501898783  0.94255099 0.05018988
ldepend64       0.1457046217 -0.14844730 0.15031053
lurban          0.0000000000         NaN         NA
lpop_growth     0.2238358712  0.80948154 0.22383587
ltrade          0.0000000000         NaN         NA
lgini_gross     0.0000000000         NaN         NA
ldebt           0.0000000000         NaN         NA
lfdi_liab       0.0000000000         NaN         NA
linflation      0.0009263065  0.00277892         NA
ldemocracy      0.0490012613  0.14700378         NA
lpol_comp       0.0000000000         NaN         NA
lpresidential   0.0000000000         NaN         NA
lplurality      0.0000000000         NaN         NA
lpol_rights     0.1583904819 -0.02790193 0.25753338
lgdp_pc         0.0000000000         NaN         NA

[[6]]
                     Prob           Low          Med          Up          Mean
per03           1.0000000 -0.3151533284  0.061296639  0.32141062  0.0368512379
per04           1.0000000  0.1563492229  0.687325224  0.91947048  0.6290783483
per05           1.0000000  0.7608815721  1.261099343  1.49125066  1.1805840938
per06           1.0000000  0.7000247614  1.168997588  1.59209057  1.2173414298
per07           1.0000000  0.7244155773  1.498218210  1.95482011  1.4656574202
per08           1.0000000 -0.2480759558  1.193763484  1.40966171  0.8624939861
cc2             1.0000000 -0.8123959893 -0.373742237  0.63533442 -0.2859253041
cc3             1.0000000 -0.5770438092 -0.351718146  0.33185509 -0.2578734416
cc4             1.0000000 -1.9414352694 -1.470528813 -0.81101334 -1.4248102030
cc5             1.0000000 -1.1710545972 -0.759081016 -0.42984138 -0.8027378175
cc6             1.0000000  4.9640652130  5.682247823  6.45019290  5.5802007790
cc7             1.0000000 -2.1197714324 -1.713320886 -1.43134258 -1.7845607678
cc8             1.0000000 -0.3117631335  0.129172522  0.43175509  0.1012508746
cc9             1.0000000 -1.9800359332 -1.702115568  0.06809676 -1.3829760486
cc10            1.0000000 -0.9032309249 -0.627808867 -0.43685714 -0.6354741594
cc11            1.0000000  0.5554391708  1.174452001  1.96335572  1.1946423295
cc12            1.0000000  0.7689178475  1.176250607  1.38476947  1.0656928566
1               1.0000000  2.0880527186  2.947724975  3.93243298  3.0124700742
lcentralization 0.0000000  0.0000000000  0.000000000  0.00000000  0.0000000000
lwarfare        0.0000000  0.0000000000  0.000000000  0.00000000  0.0000000000
larea           0.0000000  0.0000000000  0.000000000  0.00000000  0.0000000000
lpopulation     0.0000000  0.0000000000  0.000000000  0.00000000  0.0000000000
ldepend15       0.0000000  0.0000000000  0.000000000  0.00000000  0.0000000000
ldepend64       0.0000000  0.0000000000  0.000000000  0.00000000  0.0000000000
lurban          0.0000000  0.0000000000  0.000000000  0.00000000  0.0000000000
lpop_growth     0.0000000  0.0000000000  0.000000000  0.00000000  0.0000000000
ltrade          0.0000000  0.0000000000  0.000000000  0.00000000  0.0000000000
lgini_gross     1.0000000  0.0531844246  0.079589172  0.08362419  0.0718720280
ldebt           1.0000000  0.0047644927  0.006483166  0.01060030  0.0071937790
lfdi_liab       0.2222222  0.0000000000  0.000000000  0.31975747  0.0689216381
linflation      0.1111111 -0.0007826441  0.000000000  0.00000000 -0.0001087006
ldemocracy      0.2222222  0.0000000000  0.000000000  0.08179503  0.0151238971
lpol_comp       0.1111111 -0.0121808752  0.000000000  0.00000000 -0.0016917882
lpresidential   0.2222222  0.0000000000  0.000000000  0.56720466  0.1144913919
lplurality      0.0000000  0.0000000000  0.000000000  0.00000000  0.0000000000
lpol_rights     0.2222222 -0.0292406929  0.000000000  0.00000000 -0.0043710075
lgdp_pc         0.0000000  0.0000000000  0.000000000  0.00000000  0.0000000000
                          SD      CondMean      CondSD
per03           0.2083202725  0.0368512379 0.208320273
per04           0.2836752386  0.6290783483 0.283675239
per05           0.2606856759  1.1805840938 0.260685676
per06           0.3502562223  1.2173414298 0.350256222
per07           0.4777996182  1.4656574202 0.477799618
per08           0.6307770684  0.8624939861 0.630777068
cc2             0.5082712247 -0.2859253041 0.508271225
cc3             0.3186189795 -0.2578734416 0.318618980
cc4             0.3759849099 -1.4248102030 0.375984910
cc5             0.3038557145 -0.8027378175 0.303855714
cc6             0.5577957249  5.5802007790 0.557795725
cc7             0.2498308949 -1.7845607678 0.249830895
cc8             0.2899098115  0.1012508746 0.289909811
cc9             0.7611756571 -1.3829760486 0.761175657
cc10            0.1737650905 -0.6354741594 0.173765090
cc11            0.5219817184  1.1946423295 0.521981718
cc12            0.2597020422  1.0656928566 0.259702042
1               0.6218661494  3.0124700742 0.621866149
lcentralization 0.0000000000           NaN          NA
lwarfare        0.0000000000           NaN          NA
larea           0.0000000000           NaN          NA
lpopulation     0.0000000000           NaN          NA
ldepend15       0.0000000000           NaN          NA
ldepend64       0.0000000000           NaN          NA
lurban          0.0000000000           NaN          NA
lpop_growth     0.0000000000           NaN          NA
ltrade          0.0000000000           NaN          NA
lgini_gross     0.0120214574  0.0718720280 0.012021457
ldebt           0.0022659654  0.0071937790 0.002265965
lfdi_liab       0.1369964107  0.3101473715 0.022651228
linflation      0.0003261017 -0.0009783051          NA
ldemocracy      0.0321199004  0.0680575371 0.032379587
lpol_comp       0.0050753647 -0.0152260941          NA
lpresidential   0.2312815350  0.5152112634 0.122549602
lplurality      0.0000000000           NaN          NA
lpol_rights     0.0117832403 -0.0196695338 0.022559438
lgdp_pc         0.0000000000           NaN          NA

[[7]]
                     Prob          Low          Med           Up          Mean
per03           1.0000000 -0.887472078 -0.510200240  0.238950193 -0.4557198449
per04           1.0000000 -0.949791637 -0.634695600  1.675927420 -0.1118944394
per05           1.0000000 -1.520679994 -0.948747126  0.139472609 -0.8759192019
per06           1.0000000 -1.201389107 -0.599700586  0.860177504 -0.2842389850
per07           1.0000000 -1.108698203 -0.235169540  0.471038477 -0.2477366389
per08           1.0000000 -0.408714002  0.384194776  1.983602850  0.6639213113
cc2             1.0000000 -0.524005328  0.699954489  1.617845377  0.5506087811
cc3             1.0000000 -2.963092804 -1.444303160 -0.617734031 -1.5186146875
cc4             1.0000000 -3.324294029 -1.839209829 -0.767634308 -1.9780950710
cc5             1.0000000 -1.956796098 -0.053265460  0.500155953 -0.3909197056
cc6             1.0000000 -1.511693215 -0.007866606  0.805634635 -0.2494341531
cc7             1.0000000 -1.582840794 -0.678962123  0.732609203 -0.6232931258
cc8             1.0000000 -0.692560889 -0.149690211  1.467940241  0.0943017377
cc9             1.0000000 -0.154582333  0.505868146  1.281208367  0.5985172521
cc10            1.0000000 -1.961831569 -0.230869470  1.313303744 -0.1974605456
cc11            1.0000000 -1.953026792 -0.821732522  0.953128327 -0.7462012781
cc12            1.0000000 -0.893827941  0.123080001  0.575371170 -0.0091816634
1               0.7777778 -0.516482887  0.536831063  2.520870934  0.5869616273
lcentralization 0.0000000  0.000000000  0.000000000  0.000000000  0.0000000000
lwarfare        0.0000000  0.000000000  0.000000000  0.000000000  0.0000000000
larea           0.0000000  0.000000000  0.000000000  0.000000000  0.0000000000
lpopulation     1.0000000 -0.304440835 -0.081558350  0.040999328 -0.0925438062
ldepend15       0.8888889  0.006060792  0.065386462  0.089681212  0.0597283239
ldepend64       0.0000000  0.000000000  0.000000000  0.000000000  0.0000000000
lurban          1.0000000  0.927301493  0.983544949  0.990515386  0.9723642545
lpop_growth     1.0000000  0.307361724  0.499780851  1.835153928  0.7857041644
ltrade          0.1111111  0.000000000  0.000000000  0.002266757  0.0003148274
lgini_gross     0.7777778 -0.094071030 -0.069619040  0.000000000 -0.0565309076
ldebt           0.7777778 -0.009460542 -0.002695363  0.000000000 -0.0034407212
lfdi_liab       1.0000000  0.076820013  0.242179016  0.530074941  0.2783899924
linflation      0.6666667 -0.012324028 -0.001376335  0.001785466 -0.0039016790
ldemocracy      0.0000000  0.000000000  0.000000000  0.000000000  0.0000000000
lpol_comp       0.0000000  0.000000000  0.000000000  0.000000000  0.0000000000
lpresidential   0.7777778 -0.214267483  0.399995019  1.134417127  0.4183705274
lplurality      0.5555556 -1.110102229  0.000000000  0.028085862 -0.2482640627
lpol_rights     1.0000000 -0.353299406 -0.153487867  0.229586503 -0.1211355095
lgdp_pc         0.0000000  0.000000000  0.000000000  0.000000000  0.0000000000
                          SD     CondMean      CondSD
per03           0.3998840002 -0.455719845 0.399884000
per04           1.0162147554 -0.111894439 1.016214755
per05           0.5891408534 -0.875919202 0.589140853
per06           0.7421712180 -0.284238985 0.742171218
per07           0.5078763084 -0.247736639 0.507876308
per08           0.8792704028  0.663921311 0.879270403
cc2             0.7291604683  0.550608781 0.729160468
cc3             0.8049616251 -1.518614687 0.804961625
cc4             0.8639799287 -1.978095071 0.863979929
cc5             0.8752859437 -0.390919706 0.875285944
cc6             0.8415634372 -0.249434153 0.841563437
cc7             0.7613792953 -0.623293126 0.761379295
cc8             0.7538940242  0.094301738 0.753894024
cc9             0.5024029249  0.598517252 0.502402925
cc10            1.1403203989 -0.197460546 1.140320399
cc11            0.9288545569 -0.746201278 0.928854557
cc12            0.4857940402 -0.009181663 0.485794040
1               1.0220226386  0.754664949 1.115819837
lcentralization 0.0000000000          NaN          NA
lwarfare        0.0000000000          NaN          NA
larea           0.0000000000          NaN          NA
lpopulation     0.1122491115 -0.092543806 0.112249111
ldepend15       0.0282144429  0.067194364 0.018342112
ldepend64       0.0000000000          NaN          NA
lurban          0.0229379609  0.972364254 0.022937961
lpop_growth     0.5752812288  0.785704164 0.575281229
ltrade          0.0009444821  0.002833446          NA
lgini_gross     0.0363511257 -0.072682595 0.019805759
ldebt           0.0032187327 -0.004423784 0.002956346
lfdi_liab       0.1584698097  0.278389992 0.158469810
linflation      0.0052843882 -0.005852518 0.005565863
ldemocracy      0.0000000000          NaN          NA
lpol_comp       0.0000000000          NaN          NA
lpresidential   0.5068948929  0.537904964 0.517276891
lplurality      0.4277799806 -0.446875313 0.505023111
lpol_rights     0.1952450139 -0.121135510 0.195245014
lgdp_pc         0.0000000000          NaN          NA

[[8]]
                     Prob          Low           Med           Up          Mean
per03           1.0000000 -0.908773281 -0.7465304099 -0.210497303 -0.6555145295
per04           1.0000000 -1.596058409 -1.0561120884 -0.530190348 -1.0484187594
per05           1.0000000 -1.449933000 -0.8224928444 -0.409822749 -0.8784876425
per06           1.0000000 -2.024806125 -1.4695211716 -0.700301525 -1.4154599343
per07           1.0000000 -1.553557108 -1.2199444101 -0.356386515 -1.0458991388
per08           1.0000000 -0.730723732 -0.3529830091  0.010795880 -0.3086018319
cc2             1.0000000 -0.621720038  0.0128052927  0.531312431  0.0013912914
cc3             1.0000000 -1.671524024 -0.9544523116 -0.678696269 -1.0483586474
cc4             1.0000000 -1.761184939 -0.9944293164 -0.467770888 -0.9302048722
cc5             1.0000000 -0.810267606  0.0631550326  0.908092013 -0.0177081511
cc6             1.0000000 -1.129333068  1.0089405711  2.329207348  0.7840969276
cc7             1.0000000  0.422577130  1.1977618106  2.555648875  1.3806123053
cc8             1.0000000 -2.023307189 -1.1647832239 -0.876171377 -1.2088702301
cc9             1.0000000 -0.677454814 -0.0673144751  1.442226516  0.1963315009
cc10            1.0000000  0.116312230  0.5375416462  0.905677815  0.5497131931
cc11            1.0000000 -0.434711270  0.0523692745  0.699158352  0.1052037267
cc12            1.0000000 -0.505499819  0.5308416225  0.881710598  0.4496091557
1               0.0000000  0.000000000  0.0000000000  0.000000000  0.0000000000
lcentralization 0.0000000  0.000000000  0.0000000000  0.000000000  0.0000000000
lwarfare        0.8888889 -0.062420658 -0.0006968372  0.017190430 -0.0110661597
larea           1.0000000  0.339843837  0.4111111853  0.491182254  0.4131005793
lpopulation     0.1111111  0.000000000  0.0000000000  0.036440885  0.0050612340
ldepend15       0.1111111  0.000000000  0.0000000000  0.001620060  0.0002250083
ldepend64       0.0000000  0.000000000  0.0000000000  0.000000000  0.0000000000
lurban          0.5555556 -0.002996288  0.0000000000  0.050334961  0.0155745424
lpop_growth     0.1111111 -0.102450205  0.0000000000  0.000000000 -0.0142291951
ltrade          0.8888889 -0.002772159  0.0041408287  0.016245148  0.0048266978
lgini_gross     0.0000000  0.000000000  0.0000000000  0.000000000  0.0000000000
ldebt           0.0000000  0.000000000  0.0000000000  0.000000000  0.0000000000
lfdi_liab       0.0000000  0.000000000  0.0000000000  0.000000000  0.0000000000
linflation      0.7777778 -0.004576501 -0.0019533788  0.001055939 -0.0017219297
ldemocracy      1.0000000  0.045541711  0.1064266697  0.146200373  0.0986582490
lpol_comp       1.0000000 -0.561076000 -0.3946279692 -0.324693855 -0.4273195139
lpresidential   0.0000000  0.000000000  0.0000000000  0.000000000  0.0000000000
lplurality      0.7777778 -0.233179145  0.0000000000  0.508841280  0.0581597592
lpol_rights     1.0000000 -0.413018001 -0.2599384695 -0.176039669 -0.2800982662
lgdp_pc         0.0000000  0.000000000  0.0000000000  0.000000000  0.0000000000
                         SD     CondMean      CondSD
per03           0.242027918 -0.655514529 0.242027918
per04           0.354122685 -1.048418759 0.354122685
per05           0.355511472 -0.878487642 0.355511472
per06           0.485143854 -1.415459934 0.485143854
per07           0.444488656 -1.045899139 0.444488656
per08           0.289920417 -0.308601832 0.289920417
cc2             0.497609360  0.001391291 0.497609360
cc3             0.344485236 -1.048358647 0.344485236
cc4             0.466687046 -0.930204872 0.466687046
cc5             0.637011726 -0.017708151 0.637011726
cc6             1.215429720  0.784096928 1.215429720
cc7             0.799812196  1.380612305 0.799812196
cc8             0.401366503 -1.208870230 0.401366503
cc9             0.741618308  0.196331501 0.741618308
cc10            0.256874686  0.549713193 0.256874686
cc11            0.431902318  0.105203727 0.431902318
cc12            0.477663897  0.449609156 0.477663897
1               0.000000000          NaN          NA
lcentralization 0.000000000          NaN          NA
lwarfare        0.029598947 -0.012449430 0.031330072
larea           0.054638834  0.413100579 0.054638834
lpopulation     0.015183702  0.045551106          NA
ldepend15       0.000675025  0.002025075          NA
ldepend64       0.000000000          NaN          NA
lurban          0.021039298  0.028034176 0.021182177
lpop_growth     0.042687585 -0.128062756          NA
ltrade          0.007049333  0.005430035 0.007283402
lgini_gross     0.000000000          NaN          NA
ldebt           0.000000000          NaN          NA
lfdi_liab       0.000000000          NaN          NA
linflation      0.001934184 -0.002213910 0.001928045
ldemocracy      0.035910472  0.098658249 0.035910472
lpol_comp       0.096952121 -0.427319514 0.096952121
lpresidential   0.000000000          NaN          NA
lplurality      0.252077835  0.074776833 0.288573467
lpol_rights     0.085325477 -0.280098266 0.085325477
lgdp_pc         0.000000000          NaN          NA

[[9]]
                     Prob        Low        Med         Up         Mean
per03           1.0000000 -0.8877231 -0.6217806 1.41336879  0.062776101
per04           1.0000000 -1.6400965  0.1876779 1.22662057 -0.063551944
per05           1.0000000 -0.2010385  0.8077125 2.26398018  0.891812349
per06           1.0000000 -1.2947132 -0.3828889 0.91597980 -0.189999378
per07           1.0000000 -0.1383020  0.7932011 1.38241692  0.631059507
per08           1.0000000 -0.6111117  0.7764943 1.57726024  0.678031531
cc2             1.0000000 -0.9267846  0.1521065 1.29099628  0.267989701
cc3             1.0000000 -1.2616032 -0.2275416 1.36762391 -0.075737672
cc4             1.0000000 -0.7203806  0.2590122 2.49606515  0.530268606
cc5             1.0000000 -1.9163174 -0.5176684 0.59030397 -0.725192501
cc6             1.0000000 -1.0971486  0.2247428 1.04403450  0.002358201
cc7             1.0000000 -0.5296149  0.6477034 2.77553875  0.704573699
cc8             1.0000000 -1.1366110  0.1517901 0.56695600 -0.133858707
cc9             1.0000000 -0.9678228 -0.1996241 1.32764416 -0.156558455
cc10            1.0000000 -1.6540435 -0.5772356 1.18087320 -0.599605992
cc11            1.0000000 -2.0656565 -0.1648023 1.47888994 -0.545688775
cc12            1.0000000 -0.8048153  0.8063715 2.38182426  0.924658026
1               0.8888889 -1.5474656 -0.5132282 1.15227590 -0.187503382
lcentralization 0.8888889 -0.1745133  0.0000000 0.07985620 -0.034165794
lwarfare        0.2222222 -0.4446596  0.0000000 0.00000000 -0.066054285
larea           0.0000000  0.0000000  0.0000000 0.00000000  0.000000000
lpopulation     0.4444444  0.0000000  0.0000000 0.80974689  0.320179080
ldepend15       0.3333333 -0.1278573  0.0000000 0.00000000 -0.032371614
ldepend64       0.0000000  0.0000000  0.0000000 0.00000000  0.000000000
lurban          0.2222222  0.0000000  0.0000000 0.07828799  0.015756378
lpop_growth     0.5555556 -1.4269870  0.0000000 0.35126430 -0.310008335
ltrade          1.0000000  0.8779076  0.9953722 1.03992758  0.973955997
lgini_gross     0.3333333  0.0000000  0.0000000 0.09717284  0.025765629
ldebt           0.0000000  0.0000000  0.0000000 0.00000000  0.000000000
lfdi_liab       0.0000000  0.0000000  0.0000000 0.00000000  0.000000000
linflation      0.0000000  0.0000000  0.0000000 0.00000000  0.000000000
ldemocracy      0.0000000  0.0000000  0.0000000 0.00000000  0.000000000
lpol_comp       0.1111111  0.0000000  0.0000000 0.09327524  0.012954895
lpresidential   0.5555556 -0.7172295  0.0000000 0.14586414 -0.161444270
lplurality      0.0000000  0.0000000  0.0000000 0.00000000  0.000000000
lpol_rights     0.5555556 -0.0234216  0.0000000 1.93340680  0.824243114
lgdp_pc         0.0000000  0.0000000  0.0000000 0.00000000  0.000000000
                        SD     CondMean     CondSD
per03           0.97345222  0.062776101 0.97345222
per04           1.03749635 -0.063551944 1.03749635
per05           0.76709451  0.891812349 0.76709451
per06           0.80513837 -0.189999378 0.80513837
per07           0.56839672  0.631059507 0.56839672
per08           0.81592704  0.678031531 0.81592704
cc2             0.75158031  0.267989701 0.75158031
cc3             0.90348666 -0.075737672 0.90348666
cc4             1.17812703  0.530268606 1.17812703
cc5             0.86885944 -0.725192501 0.86885944
cc6             0.70672173  0.002358201 0.70672173
cc7             1.08370181  0.704573699 1.08370181
cc8             0.67579076 -0.133858707 0.67579076
cc9             0.79613488 -0.156558455 0.79613488
cc10            0.94228059 -0.599605992 0.94228059
cc11            1.32077587 -0.545688775 1.32077587
cc12            1.09678635  0.924658026 1.09678635
1               0.94350906 -0.210941305 1.00584879
lcentralization 0.09026465 -0.038436519 0.09551996
lwarfare        0.17964168 -0.297244281 0.34746115
larea           0.00000000          NaN         NA
lpopulation     0.38490073  0.720402930 0.10311614
ldepend15       0.05212496 -0.097114843 0.03790454
ldepend64       0.00000000          NaN         NA
lurban          0.03186540  0.070903700 0.01740495
lpop_growth     0.59700739 -0.558015003 0.73474237
ltrade          0.05789137  0.973955997 0.05789137
lgini_gross     0.04057061  0.077296888 0.02467972
ldebt           0.00000000          NaN         NA
lfdi_liab       0.00000000          NaN         NA
linflation      0.00000000          NaN         NA
ldemocracy      0.00000000          NaN         NA
lpol_comp       0.03886468  0.116594054         NA
lpresidential   0.30332455 -0.290599686 0.37026465
lplurality      0.00000000          NaN         NA
lpol_rights     0.98576670  1.483637605 0.84887803
lgdp_pc         0.00000000          NaN         NA

[[10]]
                     Prob         Low          Med           Up         Mean
per03           1.0000000 -1.23410409 -0.360952331  1.660681223 -0.095158594
per04           1.0000000 -1.51232712 -0.245611178  0.418085358 -0.511345573
per05           1.0000000 -0.81379376  0.430095283  0.902515990  0.244162194
per06           1.0000000 -0.28043071  0.402019292  2.024832184  0.549262050
per07           1.0000000 -1.41772202  0.308800325  1.866784340  0.268743884
per08           1.0000000 -0.78043114  0.066005159  1.221301923  0.202189366
cc2             1.0000000 -1.19761991  0.323159847  2.365175601  0.339664449
cc3             1.0000000 -1.13964540 -0.442463051  1.841220388  0.052915605
cc4             1.0000000 -0.39586599  0.190942691  1.735707667  0.371995132
cc5             1.0000000 -0.58343105  1.039900467  2.272944578  0.956420991
cc6             1.0000000 -2.10393721  0.017443513  1.927535859  0.046218496
cc7             1.0000000 -2.16963857 -0.463789077  0.318112812 -0.708235698
cc8             1.0000000  0.05556448  0.788344831  1.743876010  0.859793935
cc9             1.0000000 -1.30766795 -0.697609408  0.244413263 -0.545657151
cc10            1.0000000 -2.21489495 -0.784347590  0.531231436 -0.685605049
cc11            1.0000000 -0.95543846  0.561057833  2.102961960  0.744588691
cc12            1.0000000 -1.69286310  0.127059187  0.603961405 -0.155757775
1               0.8888889 -1.50629485 -0.299927629  0.725517553 -0.403578457
lcentralization 1.0000000  0.54249620  0.620573108  0.670989200  0.611147310
lwarfare        1.0000000  0.45308279  0.678976550  0.842253017  0.676774148
larea           0.0000000  0.00000000  0.000000000  0.000000000  0.000000000
lpopulation     0.0000000  0.00000000  0.000000000  0.000000000  0.000000000
ldepend15       0.6666667 -0.06278703 -0.004002461  0.000000000 -0.016640060
ldepend64       0.0000000  0.00000000  0.000000000  0.000000000  0.000000000
lurban          1.0000000 -0.21765826 -0.076774644 -0.024839370 -0.102868054
lpop_growth     0.6666667  0.00000000  0.168798843  0.927843089  0.352798353
ltrade          0.8888889 -0.11171310 -0.071692320 -0.004405735 -0.064472611
lgini_gross     0.0000000  0.00000000  0.000000000  0.000000000  0.000000000
ldebt           0.0000000  0.00000000  0.000000000  0.000000000  0.000000000
lfdi_liab       0.0000000  0.00000000  0.000000000  0.000000000  0.000000000
linflation      0.1111111 -0.01240887  0.000000000  0.000000000 -0.001723454
ldemocracy      0.1111111 -0.07352621  0.000000000  0.000000000 -0.010211974
lpol_comp       0.2222222 -0.08505645  0.000000000  0.004142413 -0.011238061
lpresidential   0.2222222 -1.06768613  0.000000000  1.299961215  0.032260428
lplurality      0.0000000  0.00000000  0.000000000  0.000000000  0.000000000
lpol_rights     1.0000000 -2.83992247 -2.049559692 -1.008156164 -1.904741864
lgdp_pc         0.0000000  0.00000000  0.000000000  0.000000000  0.000000000
                         SD    CondMean     CondSD
per03           0.974596449 -0.09515859 0.97459645
per04           0.804581824 -0.51134557 0.80458182
per05           0.653701505  0.24416219 0.65370151
per06           0.860055972  0.54926205 0.86005597
per07           1.245669763  0.26874388 1.24566976
per08           0.759634916  0.20218937 0.75963492
cc2             1.185994979  0.33966445 1.18599498
cc3             1.048151045  0.05291561 1.04815104
cc4             0.816500274  0.37199513 0.81650027
cc5             0.891555658  0.95642099 0.89155566
cc6             1.346327529  0.04621850 1.34632753
cc7             0.939551151 -0.70823570 0.93955115
cc8             0.593788798  0.85979393 0.59378880
cc9             0.612840615 -0.54565715 0.61284062
cc10            0.881429474 -0.68560505 0.88142947
cc11            1.054829588  0.74458869 1.05482959
cc12            0.806546001 -0.15575777 0.80654600
1               0.815930758 -0.45402576 0.85713051
lcentralization 0.048338144  0.61114731 0.04833814
lwarfare        0.140154312  0.67677415 0.14015431
larea           0.000000000         NaN         NA
lpopulation     0.000000000         NaN         NA
ldepend15       0.023379254 -0.02496009 0.02500681
ldepend64       0.000000000         NaN         NA
lurban          0.072655179 -0.10286805 0.07265518
lpop_growth     0.381973521  0.52919753 0.34846237
ltrade          0.035533779 -0.07253169 0.02783854
lgini_gross     0.000000000         NaN         NA
ldebt           0.000000000         NaN         NA
lfdi_liab       0.000000000         NaN         NA
linflation      0.005170362 -0.01551109         NA
ldemocracy      0.030635921 -0.09190776         NA
lpol_comp       0.035697038 -0.05057127 0.07884140
lpresidential   0.742653893  0.14517193 2.09272437
lplurality      0.000000000         NaN         NA
lpol_rights     0.616791190 -1.90474186 0.61679119
lgdp_pc         0.000000000         NaN         NA

[[11]]
                     Prob         Low          Med         Up          Mean
per03           1.0000000 -1.41093611  0.042165338 2.22476988  0.0586649167
per04           1.0000000 -0.92337659 -0.123389391 1.79384622  0.2994227608
per05           1.0000000 -2.02549308 -0.585875273 1.24190327 -0.3419168864
per06           1.0000000 -1.66285937  0.007377008 0.67038752 -0.4100395653
per07           1.0000000 -0.45116450  0.312980192 1.14868805  0.2705857535
per08           1.0000000 -1.06283282 -0.386754611 1.26577296 -0.1617560878
cc2             1.0000000 -0.79599544  0.443277252 1.12829308  0.2804292658
cc3             1.0000000 -1.44790581 -0.061425987 1.16513855 -0.0190038530
cc4             1.0000000 -0.65657937  0.883281151 1.79490175  0.5707047721
cc5             1.0000000 -1.57256939 -0.703094894 0.02400207 -0.6576857959
cc6             1.0000000 -1.41238870 -0.184883559 1.37667310 -0.0085213043
cc7             1.0000000 -0.99209256 -0.026337152 0.74395997 -0.0961604886
cc8             1.0000000 -1.24052770  0.083294352 0.98332668 -0.0008391529
cc9             1.0000000 -2.75158149 -0.849710389 1.32473902 -0.7730294630
cc10            1.0000000 -1.21779023 -0.081038339 1.43384190  0.1205546050
cc11            1.0000000 -1.18685007 -0.263833809 1.01574840 -0.1434670947
cc12            1.0000000 -1.73345928  0.135948233 1.15941269 -0.1332418329
1               1.0000000 -0.78142201  0.289971690 1.16906323  0.3006021386
lcentralization 1.0000000  0.10901262  0.328431090 0.68347241  0.3772989177
lwarfare        0.5555556 -0.71484413  0.000000000 0.99713384  0.1126543714
larea           0.0000000  0.00000000  0.000000000 0.00000000  0.0000000000
lpopulation     0.0000000  0.00000000  0.000000000 0.00000000  0.0000000000
ldepend15       0.1111111 -0.02243186  0.000000000 0.00000000 -0.0031155354
ldepend64       0.0000000  0.00000000  0.000000000 0.00000000  0.0000000000
lurban          0.0000000  0.00000000  0.000000000 0.00000000  0.0000000000
lpop_growth     1.0000000 -1.86166552 -0.456369600 1.76124078 -0.2501604120
ltrade          1.0000000  0.21258735  0.391502314 0.54975597  0.3682101022
lgini_gross     0.5555556  0.00000000  0.121873599 0.67144030  0.2497159805
ldebt           0.0000000  0.00000000  0.000000000 0.00000000  0.0000000000
lfdi_liab       1.0000000 -0.71630071  1.220029543 1.68472216  0.9262374170
linflation      0.5555556 -0.14384520  0.000000000 0.25596913  0.0612628171
ldemocracy      0.0000000  0.00000000  0.000000000 0.00000000  0.0000000000
lpol_comp       0.4444444  0.00000000  0.000000000 1.65253263  0.4192013137
lpresidential   0.0000000  0.00000000  0.000000000 0.00000000  0.0000000000
lplurality      0.6666667 -0.50795094  0.000000000 0.97162553  0.2099662657
lpol_rights     1.0000000 -2.35761787 -1.084550879 1.08431315 -0.8033089356
lgdp_pc         0.0000000  0.00000000  0.000000000 0.00000000  0.0000000000
                         SD      CondMean    CondSD
per03           1.300736170  0.0586649167 1.3007362
per04           0.963030393  0.2994227608 0.9630304
per05           1.103047463 -0.3419168864 1.1030475
per06           0.820789923 -0.4100395653 0.8207899
per07           0.622222968  0.2705857535 0.6222230
per08           0.951849563 -0.1617560878 0.9518496
cc2             0.655439604  0.2804292658 0.6554396
cc3             0.870994387 -0.0190038530 0.8709944
cc4             0.970582506  0.5707047721 0.9705825
cc5             0.543947090 -0.6576857959 0.5439471
cc6             0.917137446 -0.0085213043 0.9171374
cc7             0.620378030 -0.0961604886 0.6203780
cc8             0.798317273 -0.0008391529 0.7983173
cc9             1.489190477 -0.7730294630 1.4891905
cc10            0.846713216  0.1205546050 0.8467132
cc11            0.795655304 -0.1434670947 0.7956553
cc12            1.072055203 -0.1332418329 1.0720552
1               0.711698051  0.3006021386 0.7116981
lcentralization 0.205586919  0.3772989177 0.2055869
lwarfare        0.576644923  0.2027778686 0.8013707
larea           0.000000000           NaN        NA
lpopulation     0.000000000           NaN        NA
ldepend15       0.009346606 -0.0280398188        NA
ldepend64       0.000000000           NaN        NA
lurban          0.000000000           NaN        NA
lpop_growth     1.304314110 -0.2501604120 1.3043141
ltrade          0.136795261  0.3682101022 0.1367953
lgini_gross     0.292023827  0.4494887649 0.2414773
ldebt           0.000000000           NaN        NA
lfdi_liab       0.892163004  0.9262374170 0.8921630
linflation      0.139105502  0.1102730709 0.1787318
ldemocracy      0.000000000           NaN        NA
lpol_comp       0.630257791  0.9432029558 0.6326767
lpresidential   0.000000000           NaN        NA
lplurality      0.522238207  0.3149493985 0.6298374
lpol_rights     1.377469213 -0.8033089356 1.3774692
lgdp_pc         0.000000000           NaN        NA

[[12]]
                     Prob         Low         Med          Up        Mean
per03           1.0000000 -0.41137130  0.34816873  0.50188962  0.15395121
per04           1.0000000  0.40073761  0.94046262  1.32895295  0.86306265
per05           1.0000000  1.28604109  1.62086650  1.82734909  1.58000018
per06           1.0000000  1.22292871  2.07756284  2.28219657  1.86329644
per07           1.0000000  1.78174785  2.53999216  2.79708528  2.43119824
per08           1.0000000  2.60239711  3.10046577  3.32778787  3.04390843
cc2             1.0000000 -1.04718080 -0.15345634  0.23638608 -0.31372593
cc3             1.0000000  1.41090783  1.69259672  2.26874385  1.77638513
cc4             1.0000000  2.31958720  2.96722253  4.18130192  3.07166862
cc5             1.0000000  0.34913381  0.86242436  1.28280026  0.87056255
cc6             1.0000000  1.14337030  1.56292047  2.35815140  1.63128199
cc7             1.0000000 -2.34747446 -1.77015221 -1.35351853 -1.84792403
cc8             1.0000000  0.26972051  0.71698346  1.28654604  0.73312659
cc9             1.0000000 -4.00409823 -3.53582243 -2.56074212 -3.36726650
cc10            1.0000000  0.27448233  0.91963339  1.26319305  0.81823975
cc11            1.0000000 -1.48179661 -0.85343140 -0.28099478 -0.91557825
cc12            1.0000000  0.29103655  0.66674500  0.88707365  0.60983957
1               1.0000000  2.14868873  3.54316472  3.90851443  3.32123654
lcentralization 0.0000000  0.00000000  0.00000000  0.00000000  0.00000000
lwarfare        0.0000000  0.00000000  0.00000000  0.00000000  0.00000000
larea           0.0000000  0.00000000  0.00000000  0.00000000  0.00000000
lpopulation     0.0000000  0.00000000  0.00000000  0.00000000  0.00000000
ldepend15       0.0000000  0.00000000  0.00000000  0.00000000  0.00000000
ldepend64       0.0000000  0.00000000  0.00000000  0.00000000  0.00000000
lurban          0.0000000  0.00000000  0.00000000  0.00000000  0.00000000
lpop_growth     0.0000000  0.00000000  0.00000000  0.00000000  0.00000000
ltrade          1.0000000  0.02942211  0.03474733  0.03948207  0.03486437
lgini_gross     0.0000000  0.00000000  0.00000000  0.00000000  0.00000000
ldebt           0.0000000  0.00000000  0.00000000  0.00000000  0.00000000
lfdi_liab       0.0000000  0.00000000  0.00000000  0.00000000  0.00000000
linflation      0.0000000  0.00000000  0.00000000  0.00000000  0.00000000
ldemocracy      0.0000000  0.00000000  0.00000000  0.00000000  0.00000000
lpol_comp       0.0000000  0.00000000  0.00000000  0.00000000  0.00000000
lpresidential   0.0000000  0.00000000  0.00000000  0.00000000  0.00000000
lplurality      0.8888889 -0.28207129  0.44588826  1.06678935  0.37152101
lpol_rights     0.6666667  0.00000000  0.05666943  0.23807121  0.08659790
lgdp_pc         0.0000000  0.00000000  0.00000000  0.00000000  0.00000000
                         SD    CondMean      CondSD
per03           0.391653043  0.15395121 0.391653043
per04           0.353947978  0.86306265 0.353947978
per05           0.202781288  1.58000018 0.202781288
per06           0.423820242  1.86329644 0.423820242
per07           0.354515010  2.43119824 0.354515010
per08           0.250217101  3.04390843 0.250217101
cc2             0.463892321 -0.31372593 0.463892321
cc3             0.324138335  1.77638513 0.324138335
cc4             0.698017579  3.07166862 0.698017579
cc5             0.369736848  0.87056255 0.369736848
cc6             0.456209640  1.63128199 0.456209640
cc7             0.349079146 -1.84792403 0.349079146
cc8             0.322314151  0.73312659 0.322314151
cc9             0.601298389 -3.36726650 0.601298389
cc10            0.345357386  0.81823975 0.345357386
cc11            0.431700390 -0.91557825 0.431700390
cc12            0.234192925  0.60983957 0.234192925
1               0.637883465  3.32123654 0.637883465
lcentralization 0.000000000         NaN          NA
lwarfare        0.000000000         NaN          NA
larea           0.000000000         NaN          NA
lpopulation     0.000000000         NaN          NA
ldepend15       0.000000000         NaN          NA
ldepend64       0.000000000         NaN          NA
lurban          0.000000000         NaN          NA
lpop_growth     0.000000000         NaN          NA
ltrade          0.003228183  0.03486437 0.003228183
lgini_gross     0.000000000         NaN          NA
ldebt           0.000000000         NaN          NA
lfdi_liab       0.000000000         NaN          NA
linflation      0.000000000         NaN          NA
ldemocracy      0.000000000         NaN          NA
lpol_comp       0.000000000         NaN          NA
lpresidential   0.000000000         NaN          NA
lplurality      0.483719549  0.41796113 0.495204933
lpol_rights     0.091123369  0.12989686 0.080847215
lgdp_pc         0.000000000         NaN          NA

[[13]]
                     Prob        Low         Med          Up         Mean
per03           1.0000000 -1.0803553  1.24357275  2.05038316  0.874339148
per04           1.0000000 -2.1101826 -0.13801040  1.41027241 -0.232854797
per05           1.0000000 -1.6553648 -0.33384148  0.41704216 -0.435132911
per06           1.0000000 -0.9823842 -0.47149571  0.21855280 -0.419105857
per07           1.0000000 -1.6824337 -0.32965368  1.50209730 -0.240372080
per08           1.0000000 -1.5308434 -0.06700155  0.90702299 -0.276418467
cc2             1.0000000 -1.9356923  0.32761371  1.52291658 -0.072421183
cc3             1.0000000 -0.9969686 -0.71764473 -0.17540700 -0.635347156
cc4             1.0000000 -1.7756326 -0.29137735  0.53134912 -0.409562267
cc5             1.0000000 -1.0733997  0.97925919  1.86779195  0.493059255
cc6             1.0000000 -1.8032051  0.35327019  1.00594425  0.009640036
cc7             1.0000000 -1.0927571  0.17944527  1.60861711  0.052472212
cc8             1.0000000 -1.3028457  0.01023176  1.79886088  0.181060127
cc9             1.0000000 -1.6812707 -0.47794992  0.79431760 -0.333209087
cc10            1.0000000 -1.6250234 -0.87735825  0.59437978 -0.664623172
cc11            1.0000000 -0.7210951 -0.07300346  1.79644445  0.183870670
cc12            1.0000000 -1.7172015  0.39869532  1.53499980  0.200860337
1               1.0000000 -1.1170506  0.31853214  1.01593223 -0.032628677
lcentralization 0.1111111  0.0000000  0.00000000  0.01353327  0.001879621
lwarfare        0.8888889 -0.6299778  0.13489063  1.79461873  0.395356606
larea           0.2222222  0.0000000  0.00000000  0.72861259  0.130881570
lpopulation     0.0000000  0.0000000  0.00000000  0.00000000  0.000000000
ldepend15       0.0000000  0.0000000  0.00000000  0.00000000  0.000000000
ldepend64       0.0000000  0.0000000  0.00000000  0.00000000  0.000000000
lurban          0.0000000  0.0000000  0.00000000  0.00000000  0.000000000
lpop_growth     0.7777778 -0.8745623  0.00000000  1.25263332  0.224275703
ltrade          0.1111111  0.0000000  0.00000000  0.01518051  0.002108403
lgini_gross     0.1111111  0.0000000  0.00000000  0.33087121  0.045954335
ldebt           0.1111111  0.0000000  0.00000000  0.08843364  0.012282450
lfdi_liab       0.8888889 -0.3680209  0.26264981  1.21791081  0.322047013
linflation      0.3333333  0.0000000  0.00000000  0.14589288  0.032009216
ldemocracy      0.0000000  0.0000000  0.00000000  0.00000000  0.000000000
lpol_comp       0.1111111  0.0000000  0.00000000  0.68343442  0.094921448
lpresidential   0.4444444 -0.8628148  0.00000000  0.98570251  0.149061261
lplurality      0.3333333 -0.6675898  0.00000000  0.20479839 -0.094144430
lpol_rights     0.7777778 -0.6912541  0.00000000  0.82199284  0.102805766
lgdp_pc         0.0000000  0.0000000  0.00000000  0.00000000  0.000000000
                         SD     CondMean     CondSD
per03           1.093424580  0.874339148 1.09342458
per04           1.179790700 -0.232854797 1.17979070
per05           0.754977899 -0.435132911 0.75497790
per06           0.422455144 -0.419105857 0.42245514
per07           1.057941470 -0.240372080 1.05794147
per08           0.876326240 -0.276418467 0.87632624
cc2             1.169898363 -0.072421183 1.16989836
cc3             0.294187776 -0.635347156 0.29418778
cc4             0.892605715 -0.409562267 0.89260572
cc5             1.112201070  0.493059255 1.11220107
cc6             1.134885681  0.009640036 1.13488568
cc7             0.868074963  0.052472212 0.86807496
cc8             1.164190833  0.181060127 1.16419083
cc9             0.881951476 -0.333209087 0.88195148
cc10            0.814077114 -0.664623172 0.81407711
cc11            0.909011166  0.183870670 0.90901117
cc12            1.147833083  0.200860337 1.14783308
1               0.773674920 -0.032628677 0.77367492
lcentralization 0.005638863  0.016916590         NA
lwarfare        0.854970158  0.444776181 0.90015448
larea           0.284590215  0.588967066 0.32914766
lpopulation     0.000000000          NaN         NA
ldepend15       0.000000000          NaN         NA
ldepend64       0.000000000          NaN         NA
lurban          0.000000000          NaN         NA
lpop_growth     0.763018879  0.288354476 0.86873861
ltrade          0.006325210  0.018975631         NA
lgini_gross     0.137863006  0.413589018         NA
ldebt           0.036847351  0.110542052         NA
lfdi_liab       0.515496994  0.362302890 0.53575296
linflation      0.058345273  0.096027647 0.06629762
ldemocracy      0.000000000          NaN         NA
lpol_comp       0.284764344  0.854293031         NA
lpresidential   0.618629121  0.335387837 0.96809938
lplurality      0.289196924 -0.282433290 0.50474833
lpol_rights     0.512813611  0.132178843 0.58830900
lgdp_pc         0.000000000          NaN         NA

[[14]]
                     Prob         Low         Med          Up         Mean
per03           1.0000000 -1.01421051 -0.47766945  0.02398097 -0.404679088
per04           1.0000000  0.11629742  0.45576876  1.15652284  0.574904081
per05           1.0000000  1.06431378  1.69191074  2.17914575  1.661910747
per06           1.0000000  1.00942518  1.60921044  2.18558636  1.585491523
per07           1.0000000 -1.87713949 -1.10325615 -0.64682571 -1.098665275
per08           1.0000000 -2.27859221 -0.81432232  0.23689813 -0.941341019
cc2             1.0000000 -1.05234798  0.55189297  0.89232898  0.172330036
cc3             1.0000000 -0.39228238  0.05499963  0.69249848  0.072625297
cc4             1.0000000 -1.49077280  0.06746457  0.80230136 -0.228454199
cc5             1.0000000 -0.60330438 -0.29104903  0.16708813 -0.238226264
cc6             1.0000000 -0.30597601  1.61042282  2.27483071  1.137164868
cc7             1.0000000 -1.75200627 -0.93593019  0.17934645 -0.857457366
cc8             1.0000000 -3.90678445 -3.38235264 -2.70757616 -3.374672055
cc9             1.0000000  0.29534507  1.00509434  1.53307878  0.944241485
cc10            1.0000000 -0.70692641  0.78134101  1.36206530  0.580110967
cc11            1.0000000  1.68583376  2.73476200  3.68678278  2.707078935
cc12            1.0000000 -0.69226596  0.06021649  0.44949882 -0.056570077
1               0.1111111  0.00000000  0.00000000  0.03097468  0.004302039
lcentralization 0.0000000  0.00000000  0.00000000  0.00000000  0.000000000
lwarfare        0.2222222 -0.07929124  0.00000000  0.10038201  0.002929274
larea           0.0000000  0.00000000  0.00000000  0.00000000  0.000000000
lpopulation     1.0000000  0.80250885  0.95800554  1.06820251  0.928640395
ldepend15       1.0000000 -0.14921552 -0.12533096 -0.09553724 -0.123332286
ldepend64       0.0000000  0.00000000  0.00000000  0.00000000  0.000000000
lurban          0.0000000  0.00000000  0.00000000  0.00000000  0.000000000
lpop_growth     0.4444444 -0.17894855  0.00000000  0.07478401 -0.027628705
ltrade          0.0000000  0.00000000  0.00000000  0.00000000  0.000000000
lgini_gross     0.0000000  0.00000000  0.00000000  0.00000000  0.000000000
ldebt           0.0000000  0.00000000  0.00000000  0.00000000  0.000000000
lfdi_liab       0.0000000  0.00000000  0.00000000  0.00000000  0.000000000
linflation      0.0000000  0.00000000  0.00000000  0.00000000  0.000000000
ldemocracy      0.0000000  0.00000000  0.00000000  0.00000000  0.000000000
lpol_comp       0.0000000  0.00000000  0.00000000  0.00000000  0.000000000
lpresidential   0.0000000  0.00000000  0.00000000  0.00000000  0.000000000
lplurality      0.0000000  0.00000000  0.00000000  0.00000000  0.000000000
lpol_rights     1.0000000 -2.27535540 -1.89966032 -1.68289847 -1.934291900
lgdp_pc         0.0000000  0.00000000  0.00000000  0.00000000  0.000000000
                        SD    CondMean    CondSD
per03           0.41345632 -0.40467909 0.4134563
per04           0.34013113  0.57490408 0.3401311
per05           0.37407999  1.66191075 0.3740800
per06           0.49934594  1.58549152 0.4993459
per07           0.41698084 -1.09866528 0.4169808
per08           0.89655026 -0.94134102 0.8965503
cc2             0.71606704  0.17233004 0.7160670
cc3             0.38350617  0.07262530 0.3835062
cc4             0.85886294 -0.22845420 0.8588629
cc5             0.25512035 -0.23822626 0.2551203
cc6             1.03712285  1.13716487 1.0371229
cc7             0.62881190 -0.85745737 0.6288119
cc8             0.42276642 -3.37467206 0.4227664
cc9             0.42268378  0.94424148 0.4226838
cc10            0.77691442  0.58011097 0.7769144
cc11            0.68115361  2.70707894 0.6811536
cc12            0.41068187 -0.05657008 0.4106819
1               0.01290612  0.03871835        NA
lcentralization 0.00000000         NaN        NA
lwarfare        0.05644796  0.01318173 0.1588102
larea           0.00000000         NaN        NA
lpopulation     0.10239806  0.92864040 0.1023981
ldepend15       0.02015460 -0.12333229 0.0201546
ldepend64       0.00000000         NaN        NA
lurban          0.00000000         NaN        NA
lpop_growth     0.08151217 -0.06216459 0.1218828
ltrade          0.00000000         NaN        NA
lgini_gross     0.00000000         NaN        NA
ldebt           0.00000000         NaN        NA
lfdi_liab       0.00000000         NaN        NA
linflation      0.00000000         NaN        NA
ldemocracy      0.00000000         NaN        NA
lpol_comp       0.00000000         NaN        NA
lpresidential   0.00000000         NaN        NA
lplurality      0.00000000         NaN        NA
lpol_rights     0.21494263 -1.93429190 0.2149426
lgdp_pc         0.00000000         NaN        NA

[[15]]
                     Prob          Low          Med           Up         Mean
per03           1.0000000 -0.421523582 -0.218401986  0.213407084 -0.130027652
per04           1.0000000 -0.225080374  0.046111489  0.691824505  0.196027488
per05           1.0000000  0.608345959  1.121920727  1.630505418  1.146278250
per06           1.0000000  0.893058079  1.339989843  1.558144612  1.244406651
per07           1.0000000  0.500172076  0.876367487  1.520585950  0.913210693
per08           1.0000000  1.942222704  2.225502753  2.598080794  2.216457699
cc2             1.0000000 -2.535233512 -1.397964778 -0.311607187 -1.339000820
cc3             1.0000000  0.039716362  0.787770261  2.099509020  1.082466999
cc4             1.0000000  0.593941945  0.881663229  1.614874965  1.040136728
cc5             1.0000000 -1.647793514 -1.016441644 -0.441567290 -0.980215543
cc6             1.0000000 -0.772456513 -0.206810537  0.689569537 -0.080955515
cc7             1.0000000  0.249589437  0.719462250  0.923400724  0.677031753
cc8             1.0000000 -1.702782106 -0.817819248 -0.207101225 -0.884001376
cc9             1.0000000 -1.158915997 -0.828675868 -0.174687798 -0.673282721
cc10            1.0000000 -1.417982437 -1.296675372 -0.229449695 -0.995472369
cc11            1.0000000 -1.867427088 -1.055267716  0.322533194 -0.955798968
cc12            1.0000000  0.288735674  0.781988506  1.412263403  0.894729965
1               0.3333333 -0.382359789  0.000000000  1.064075452  0.091997066
lcentralization 1.0000000  0.043262520  0.063513841  0.075014106  0.063160504
lwarfare        0.6666667  0.000000000  0.059573483  0.138275594  0.060948248
larea           0.0000000  0.000000000  0.000000000  0.000000000  0.000000000
lpopulation     0.0000000  0.000000000  0.000000000  0.000000000  0.000000000
ldepend15       0.0000000  0.000000000  0.000000000  0.000000000  0.000000000
ldepend64       0.0000000  0.000000000  0.000000000  0.000000000  0.000000000
lurban          0.0000000  0.000000000  0.000000000  0.000000000  0.000000000
lpop_growth     0.5555556 -0.311751185  0.000000000  0.089948306 -0.048187154
ltrade          0.0000000  0.000000000  0.000000000  0.000000000  0.000000000
lgini_gross     0.0000000  0.000000000  0.000000000  0.000000000  0.000000000
ldebt           0.0000000  0.000000000  0.000000000  0.000000000  0.000000000
lfdi_liab       0.0000000  0.000000000  0.000000000  0.000000000  0.000000000
linflation      1.0000000 -0.009011179 -0.005676663  0.002335356 -0.005221401
ldemocracy      1.0000000  0.178434755  0.251489808  0.361082590  0.261972502
lpol_comp       0.0000000  0.000000000  0.000000000  0.000000000  0.000000000
lpresidential   1.0000000  0.302306401  0.928935621  2.022260222  0.966319389
lplurality      0.1111111 -0.069824269  0.000000000  0.000000000 -0.009697815
lpol_rights     1.0000000 -0.658270586 -0.504014039 -0.288417427 -0.502608355
lgdp_pc         0.0000000  0.000000000  0.000000000  0.000000000  0.000000000
                         SD     CondMean      CondSD
per03           0.239156389 -0.130027652 0.239156389
per04           0.316264607  0.196027488 0.316264607
per05           0.360655426  1.146278250 0.360655426
per06           0.267427439  1.244406651 0.267427439
per07           0.363183865  0.913210693 0.363183865
per08           0.246168347  2.216457699 0.246168347
cc2             0.769767253 -1.339000820 0.769767253
cc3             0.774143076  1.082466999 0.774143076
cc4             0.403556869  1.040136728 0.403556869
cc5             0.447931797 -0.980215543 0.447931797
cc6             0.517934538 -0.080955515 0.517934538
cc7             0.225438622  0.677031753 0.225438622
cc8             0.482068091 -0.884001376 0.482068091
cc9             0.373632681 -0.673282721 0.373632681
cc10            0.471034373 -0.995472369 0.471034373
cc11            0.810825501 -0.955798968 0.810825501
cc12            0.402266447  0.894729965 0.402266447
1               0.489236341  0.275991198 0.938742588
lcentralization 0.011021223  0.063160504 0.011021223
lwarfare        0.056285104  0.091422372 0.041540349
larea           0.000000000          NaN          NA
lpopulation     0.000000000          NaN          NA
ldepend15       0.000000000          NaN          NA
ldepend64       0.000000000          NaN          NA
lurban          0.000000000          NaN          NA
lpop_growth     0.138307819 -0.086736877 0.184603635
ltrade          0.000000000          NaN          NA
lgini_gross     0.000000000          NaN          NA
ldebt           0.000000000          NaN          NA
lfdi_liab       0.000000000          NaN          NA
linflation      0.004001717 -0.005221401 0.004001717
ldemocracy      0.065418201  0.261972502 0.065418201
lpol_comp       0.000000000          NaN          NA
lpresidential   0.611098481  0.966319389 0.611098481
lplurality      0.029093445 -0.087280336          NA
lpol_rights     0.116258794 -0.502608355 0.116258794
lgdp_pc         0.000000000          NaN          NA

[[16]]
                     Prob          Low          Med           Up          Mean
per03           1.0000000 -0.175168105 -0.024658645  0.115181646 -0.0314429178
per04           1.0000000 -0.163047430 -0.053404350  0.196690679 -0.0511431344
per05           1.0000000 -0.459295226 -0.127476093 -0.043971505 -0.1846892652
per06           1.0000000 -0.236345603 -0.007002238  0.052370084 -0.0460466408
per07           1.0000000 -0.302805933 -0.086912439  0.139768223 -0.0958174500
per08           1.0000000  0.124478214  0.201448420  0.571137366  0.2758406544
cc2             1.0000000 -0.768391023 -0.193563208  0.228128427 -0.2031110185
cc3             1.0000000 -0.413872040 -0.036528386  0.242898164 -0.0535505959
cc4             1.0000000 -0.115333734  0.012616772  0.340664048  0.0628223990
cc5             1.0000000  0.118734450  0.359682945  0.582937288  0.3298828978
cc6             1.0000000 -0.384800866  0.168776403  0.587167591  0.1004767738
cc7             1.0000000  0.339612089  0.413735961  0.675602434  0.4658209695
cc8             1.0000000  0.033216653  0.261035806  0.442083446  0.2327957053
cc9             1.0000000  0.069382758  0.374265094  0.752995116  0.4056778937
cc10            1.0000000  0.239841161  0.392840752  0.488900533  0.3832490007
cc11            1.0000000  0.061416848  0.470887340  0.798230806  0.4424132556
cc12            1.0000000  0.214122685  0.369463353  0.818358338  0.4126196828
1               0.3333333  0.000000000  0.000000000  0.817595486  0.1869742695
lcentralization 0.0000000  0.000000000  0.000000000  0.000000000  0.0000000000
lwarfare        0.0000000  0.000000000  0.000000000  0.000000000  0.0000000000
larea           0.0000000  0.000000000  0.000000000  0.000000000  0.0000000000
lpopulation     0.0000000  0.000000000  0.000000000  0.000000000  0.0000000000
ldepend15       0.0000000  0.000000000  0.000000000  0.000000000  0.0000000000
ldepend64       0.0000000  0.000000000  0.000000000  0.000000000  0.0000000000
lurban          0.0000000  0.000000000  0.000000000  0.000000000  0.0000000000
lpop_growth     0.0000000  0.000000000  0.000000000  0.000000000  0.0000000000
ltrade          0.0000000  0.000000000  0.000000000  0.000000000  0.0000000000
lgini_gross     0.0000000  0.000000000  0.000000000  0.000000000  0.0000000000
ldebt           0.0000000  0.000000000  0.000000000  0.000000000  0.0000000000
lfdi_liab       0.0000000  0.000000000  0.000000000  0.000000000  0.0000000000
linflation      0.7777778 -0.003607128  0.000000000  0.001173191 -0.0008803135
ldemocracy      0.0000000  0.000000000  0.000000000  0.000000000  0.0000000000
lpol_comp       0.0000000  0.000000000  0.000000000  0.000000000  0.0000000000
lpresidential   1.0000000  0.143592480  0.534434458  0.818309596  0.5170058086
lplurality      1.0000000 -0.630580932  0.012332643  0.187169262 -0.0821615769
lpol_rights     0.0000000  0.000000000  0.000000000  0.000000000  0.0000000000
lgdp_pc         0.0000000  0.000000000  0.000000000  0.000000000  0.0000000000
                         SD     CondMean      CondSD
per03           0.095193490 -0.031442918 0.095193490
per04           0.125421952 -0.051143134 0.125421952
per05           0.147256921 -0.184689265 0.147256921
per06           0.104431264 -0.046046641 0.104431264
per07           0.160680956 -0.095817450 0.160680956
per08           0.154377585  0.275840654 0.154377585
cc2             0.316369747 -0.203111019 0.316369747
cc3             0.228852017 -0.053550596 0.228852017
cc4             0.171363561  0.062822399 0.171363561
cc5             0.161927770  0.329882898 0.161927770
cc6             0.329292284  0.100476774 0.329292284
cc7             0.124201335  0.465820970 0.124201335
cc8             0.136325103  0.232795705 0.136325103
cc9             0.221804093  0.405677894 0.221804093
cc10            0.087358534  0.383249001 0.087358534
cc11            0.263658114  0.442413256 0.263658114
cc12            0.205342334  0.412619683 0.205342334
1               0.351466727  0.560922808 0.423652032
lcentralization 0.000000000          NaN          NA
lwarfare        0.000000000          NaN          NA
larea           0.000000000          NaN          NA
lpopulation     0.000000000          NaN          NA
ldepend15       0.000000000          NaN          NA
ldepend64       0.000000000          NaN          NA
lurban          0.000000000          NaN          NA
lpop_growth     0.000000000          NaN          NA
ltrade          0.000000000          NaN          NA
lgini_gross     0.000000000          NaN          NA
ldebt           0.000000000          NaN          NA
lfdi_liab       0.000000000          NaN          NA
linflation      0.001809765 -0.001131832 0.002008701
ldemocracy      0.000000000          NaN          NA
lpol_comp       0.000000000          NaN          NA
lpresidential   0.234749844  0.517005809 0.234749844
lplurality      0.295081157 -0.082161577 0.295081157
lpol_rights     0.000000000          NaN          NA
lgdp_pc         0.000000000          NaN          NA

[[17]]
                     Prob          Low           Med          Up         Mean
per03           1.0000000  0.021064743  0.2513148978  0.53854014  0.269865217
per04           1.0000000  0.043860837  0.2512377420  0.49648118  0.266372351
per05           1.0000000 -0.161915948  0.0695559782  0.31843297  0.055328947
per06           1.0000000 -0.043707619  0.1827147670  0.44838008  0.174246753
per07           1.0000000 -0.124187978  0.0747818718  0.30523307  0.065275663
per08           1.0000000 -0.152875549  0.0738748281  0.18295983  0.043458654
cc2             1.0000000 -0.710352161  0.1034439078  0.44251337 -0.061562757
cc3             1.0000000  0.326429053  0.6251054700  0.85344219  0.640851991
cc4             1.0000000  0.608365720  1.0795538303  1.45873338  1.062282633
cc5             1.0000000  0.336220025  0.6658849343  0.85627548  0.664469051
cc6             1.0000000 -0.247207856  0.0767544789  0.72102438  0.162094396
cc7             1.0000000  0.758855084  1.0739268482  1.32529697  1.090526726
cc8             1.0000000  0.388668234  0.4979889263  0.78882271  0.556085049
cc9             1.0000000 -0.549157715  0.3232752232  0.75419004  0.254290767
cc10            1.0000000  0.283657039  0.5422949503  0.64381220  0.496084563
cc11            1.0000000 -1.424587316 -0.5149914505 -0.37153628 -0.702056003
cc12            1.0000000  0.267382965  0.4789585831  0.65924613  0.501507829
1               0.6666667 -0.557205040  0.0071294889  1.13774571  0.230418900
lcentralization 0.0000000  0.000000000  0.0000000000  0.00000000  0.000000000
lwarfare        0.2222222  0.000000000  0.0000000000  0.03422992  0.006203718
larea           0.0000000  0.000000000  0.0000000000  0.00000000  0.000000000
lpopulation     0.0000000  0.000000000  0.0000000000  0.00000000  0.000000000
ldepend15       0.5555556 -0.011192986 -0.0002379873  0.00000000 -0.003162047
ldepend64       0.5555556  0.000000000  0.0317607484  0.10383309  0.034557696
lurban          0.5555556 -0.023882100 -0.0035218996  0.00000000 -0.007248492
lpop_growth     0.0000000  0.000000000  0.0000000000  0.00000000  0.000000000
ltrade          0.0000000  0.000000000  0.0000000000  0.00000000  0.000000000
lgini_gross     0.0000000  0.000000000  0.0000000000  0.00000000  0.000000000
ldebt           0.0000000  0.000000000  0.0000000000  0.00000000  0.000000000
lfdi_liab       0.0000000  0.000000000  0.0000000000  0.00000000  0.000000000
linflation      0.0000000  0.000000000  0.0000000000  0.00000000  0.000000000
ldemocracy      0.0000000  0.000000000  0.0000000000  0.00000000  0.000000000
lpol_comp       0.0000000  0.000000000  0.0000000000  0.00000000  0.000000000
lpresidential   0.0000000  0.000000000  0.0000000000  0.00000000  0.000000000
lplurality      0.0000000  0.000000000  0.0000000000  0.00000000  0.000000000
lpol_rights     1.0000000 -0.003533127  0.0780384543  0.10627976  0.065347655
lgdp_pc         0.0000000  0.000000000  0.0000000000  0.00000000  0.000000000
                         SD     CondMean      CondSD
per03           0.182184599  0.269865217 0.182184599
per04           0.167806928  0.266372351 0.167806928
per05           0.161689580  0.055328947 0.161689580
per06           0.179255417  0.174246753 0.179255417
per07           0.155081856  0.065275663 0.155081856
per08           0.126369219  0.043458654 0.126369219
cc2             0.407588314 -0.061562757 0.407588314
cc3             0.182169317  0.640851991 0.182169317
cc4             0.287770656  1.062282633 0.287770656
cc5             0.176191727  0.664469051 0.176191727
cc6             0.331460187  0.162094396 0.331460187
cc7             0.201131706  1.090526726 0.201131706
cc8             0.145511546  0.556085049 0.145511546
cc9             0.455372109  0.254290767 0.455372109
cc10            0.136801176  0.496084563 0.136801176
cc11            0.415764806 -0.702056003 0.415764806
cc12            0.131880881  0.501507829 0.131880881
1               0.546184954  0.345628349 0.655381739
lcentralization 0.000000000          NaN          NA
lwarfare        0.013387199  0.027916729 0.014880329
larea           0.000000000          NaN          NA
lpopulation     0.000000000          NaN          NA
ldepend15       0.004694107 -0.005691684 0.005106066
ldepend64       0.040663801  0.062203852 0.034021576
lurban          0.009403077 -0.013047286 0.009069871
lpop_growth     0.000000000          NaN          NA
ltrade          0.000000000          NaN          NA
lgini_gross     0.000000000          NaN          NA
ldebt           0.000000000          NaN          NA
lfdi_liab       0.000000000          NaN          NA
linflation      0.000000000          NaN          NA
ldemocracy      0.000000000          NaN          NA
lpol_comp       0.000000000          NaN          NA
lpresidential   0.000000000          NaN          NA
lplurality      0.000000000          NaN          NA
lpol_rights     0.036842973  0.065347655 0.036842973
lgdp_pc         0.000000000          NaN          NA

[[18]]
                     Prob         Low         Med           Up          Mean
per03           1.0000000 -0.13385996  0.01407889  0.281529799  0.0380382187
per04           1.0000000 -0.28965765 -0.17893100  0.206432732 -0.1368084189
per05           1.0000000 -0.13769523  0.12032443  0.555603045  0.1410850036
per06           1.0000000 -0.41955891 -0.23175495  0.150273980 -0.1754787417
per07           1.0000000 -0.34583271 -0.16085106  0.165976898 -0.0878490607
per08           1.0000000 -0.87615637 -0.28562406  0.075917890 -0.3112866933
cc2             1.0000000 -1.64391628 -1.23246283 -0.971866452 -1.2509393524
cc3             1.0000000 -0.21639580  0.02685582  0.694891236  0.2268199246
cc4             1.0000000 -1.03322109 -0.33827860  0.241065104 -0.3444474308
cc5             1.0000000 -0.20862908  0.14081372  0.712829461  0.1797553165
cc6             1.0000000 -1.29338352 -0.64879407 -0.247214780 -0.6825724030
cc7             1.0000000  0.98596935  1.19184587  1.619640396  1.2472825648
cc8             1.0000000 -0.52125026 -0.23780860  0.472924685 -0.1482998502
cc9             1.0000000 -0.21141502  0.29243690  0.601860953  0.2697341226
cc10            1.0000000  0.23376676  0.83170037  1.241758766  0.7326746215
cc11            1.0000000 -1.17121913 -0.79293555 -0.227511231 -0.7827966255
cc12            1.0000000 -0.29006603  0.04049366  0.429058239  0.0499829627
1               1.0000000  0.48590318  1.13438490  1.994307297  1.1020916724
lcentralization 0.0000000  0.00000000  0.00000000  0.000000000  0.0000000000
lwarfare        0.1111111  0.00000000  0.00000000  0.006962819  0.0009670582
larea           0.0000000  0.00000000  0.00000000  0.000000000  0.0000000000
lpopulation     0.0000000  0.00000000  0.00000000  0.000000000  0.0000000000
ldepend15       0.0000000  0.00000000  0.00000000  0.000000000  0.0000000000
ldepend64       0.0000000  0.00000000  0.00000000  0.000000000  0.0000000000
lurban          0.0000000  0.00000000  0.00000000  0.000000000  0.0000000000
lpop_growth     1.0000000 -0.30599648 -0.15634081 -0.033817467 -0.1607866709
ltrade          0.0000000  0.00000000  0.00000000  0.000000000  0.0000000000
lgini_gross     0.0000000  0.00000000  0.00000000  0.000000000  0.0000000000
ldebt           0.0000000  0.00000000  0.00000000  0.000000000  0.0000000000
lfdi_liab       0.0000000  0.00000000  0.00000000  0.000000000  0.0000000000
linflation      0.0000000  0.00000000  0.00000000  0.000000000  0.0000000000
ldemocracy      0.0000000  0.00000000  0.00000000  0.000000000  0.0000000000
lpol_comp       1.0000000  0.05521631  0.11524251  0.193334872  0.1202119276
lpresidential   1.0000000 -0.13668140  0.05442166  0.300962689  0.0784519786
lplurality      0.0000000  0.00000000  0.00000000  0.000000000  0.0000000000
lpol_rights     1.0000000  0.48668779  0.74995257  0.820199214  0.7057363728
lgdp_pc         0.0000000  0.00000000  0.00000000  0.000000000  0.0000000000
                         SD     CondMean     CondSD
per03           0.141867378  0.038038219 0.14186738
per04           0.179357329 -0.136808419 0.17935733
per05           0.229139222  0.141085004 0.22913922
per06           0.198835382 -0.175478742 0.19883538
per07           0.188101835 -0.087849061 0.18810183
per08           0.311878315 -0.311286693 0.31187831
cc2             0.245502554 -1.250939352 0.24550255
cc3             0.385999617  0.226819925 0.38599962
cc4             0.428863539 -0.344447431 0.42886354
cc5             0.361156616  0.179755317 0.36115662
cc6             0.358433398 -0.682572403 0.35843340
cc7             0.228636280  1.247282565 0.22863628
cc8             0.316966694 -0.148299850 0.31696669
cc9             0.273632061  0.269734123 0.27363206
cc10            0.351406734  0.732674622 0.35140673
cc11            0.337618866 -0.782796625 0.33761887
cc12            0.240248763  0.049982963 0.24024876
1               0.549123352  1.102091672 0.54912335
lcentralization 0.000000000          NaN         NA
lwarfare        0.002901175  0.008703524         NA
larea           0.000000000          NaN         NA
lpopulation     0.000000000          NaN         NA
ldepend15       0.000000000          NaN         NA
ldepend64       0.000000000          NaN         NA
lurban          0.000000000          NaN         NA
lpop_growth     0.091432197 -0.160786671 0.09143220
ltrade          0.000000000          NaN         NA
lgini_gross     0.000000000          NaN         NA
ldebt           0.000000000          NaN         NA
lfdi_liab       0.000000000          NaN         NA
linflation      0.000000000          NaN         NA
ldemocracy      0.000000000          NaN         NA
lpol_comp       0.050459512  0.120211928 0.05045951
lpresidential   0.180570645  0.078451979 0.18057064
lplurality      0.000000000          NaN         NA
lpol_rights     0.117729903  0.705736373 0.11772990
lgdp_pc         0.000000000          NaN         NA

[[19]]
                     Prob           Low           Med           Up
per03           1.0000000 -1.452479e-01  0.0129906618  0.155930122
per04           1.0000000  4.925169e-02  0.1625520858  0.354386170
per05           1.0000000 -8.194217e-02  0.2904395498  0.430526331
per06           1.0000000  8.020156e-02  0.3085746252  0.467017078
per07           1.0000000  2.634948e-01  0.4363488245  0.535381560
per08           1.0000000  3.652264e-01  0.6488343255  0.866543851
cc2             1.0000000 -8.502963e-01 -0.0758264858  0.309146113
cc3             1.0000000 -8.570848e-01 -0.5331959771 -0.308171805
cc4             1.0000000 -2.324878e+00 -1.0918866273  0.269274140
cc5             1.0000000 -1.841630e-01  0.0657932209  0.329108596
cc6             1.0000000  8.069511e-01  1.2896260056  2.071506299
cc7             1.0000000 -9.735012e-01 -0.3813467702  0.282558182
cc8             1.0000000 -4.769457e-01 -0.0372037016  0.225956287
cc9             1.0000000 -8.348037e-01 -0.3945434816  0.083906888
cc10            1.0000000 -1.206532e+00 -0.8144490143 -0.569743326
cc11            1.0000000 -3.262228e-01  0.3112828212  0.742664099
cc12            1.0000000 -2.457698e-01  0.2007794369  0.803932797
1               0.0000000  0.000000e+00  0.0000000000  0.000000000
lcentralization 1.0000000  3.652800e-03  0.0228294424  0.052668753
lwarfare        0.0000000  0.000000e+00  0.0000000000  0.000000000
larea           1.0000000  2.613863e-02  0.1855900998  0.406865437
lpopulation     0.0000000  0.000000e+00  0.0000000000  0.000000000
ldepend15       0.0000000  0.000000e+00  0.0000000000  0.000000000
ldepend64       0.0000000  0.000000e+00  0.0000000000  0.000000000
lurban          1.0000000  1.414576e-02  0.0185322691  0.024938274
lpop_growth     0.6666667  0.000000e+00  0.1147718345  0.240663105
ltrade          0.0000000  0.000000e+00  0.0000000000  0.000000000
lgini_gross     0.0000000  0.000000e+00  0.0000000000  0.000000000
ldebt           0.7777778 -3.183893e-05  0.0004607139  0.002679762
lfdi_liab       1.0000000  1.157557e-01  0.1545835427  0.241527637
linflation      0.0000000  0.000000e+00  0.0000000000  0.000000000
ldemocracy      0.0000000  0.000000e+00  0.0000000000  0.000000000
lpol_comp       0.0000000  0.000000e+00  0.0000000000  0.000000000
lpresidential   0.0000000  0.000000e+00  0.0000000000  0.000000000
lplurality      0.0000000  0.000000e+00  0.0000000000  0.000000000
lpol_rights     1.0000000 -1.599004e-01 -0.1158345860 -0.067933397
lgdp_pc         0.0000000  0.000000e+00  0.0000000000  0.000000000
                         Mean           SD      CondMean      CondSD
per03            0.0160537206 0.0990676328  0.0160537206 0.099067633
per04            0.1752658900 0.1031076336  0.1752658900 0.103107634
per05            0.2487298220 0.1952636494  0.2487298220 0.195263649
per06            0.2833081638 0.1269272079  0.2833081638 0.126927208
per07            0.4052266116 0.1096310487  0.4052266116 0.109631049
per08            0.6389988882 0.1703794442  0.6389988882 0.170379444
cc2             -0.2251195939 0.4849787493 -0.2251195939 0.484978749
cc3             -0.5734343403 0.2003609915 -0.5734343403 0.200360991
cc4             -1.1897499958 0.9103937454 -1.1897499958 0.910393745
cc5              0.0339588085 0.1800292511  0.0339588085 0.180029251
cc6              1.4272160439 0.4754679106  1.4272160439 0.475467911
cc7             -0.3932328254 0.4948186034 -0.3932328254 0.494818603
cc8             -0.0964451906 0.2675909431 -0.0964451906 0.267590943
cc9             -0.4293684042 0.3476989594 -0.4293684042 0.347698959
cc10            -0.8721000687 0.2355906798 -0.8721000687 0.235590680
cc11             0.2256995974 0.4219680696  0.2256995974 0.421968070
cc12             0.2592095390 0.4108819377  0.2592095390 0.410881938
1                0.0000000000 0.0000000000           NaN          NA
lcentralization  0.0251346442 0.0174611569  0.0251346442 0.017461157
lwarfare         0.0000000000 0.0000000000           NaN          NA
larea            0.2153905949 0.1414193923  0.2153905949 0.141419392
lpopulation      0.0000000000 0.0000000000           NaN          NA
ldepend15        0.0000000000 0.0000000000           NaN          NA
ldepend64        0.0000000000 0.0000000000           NaN          NA
lurban           0.0183165219 0.0036175949  0.0183165219 0.003617595
lpop_growth      0.0933266416 0.0925448023  0.1399899624 0.076579298
ltrade           0.0000000000 0.0000000000           NaN          NA
lgini_gross      0.0000000000 0.0000000000           NaN          NA
ldebt            0.0006763778 0.0009826229  0.0008696286 0.001044668
lfdi_liab        0.1731182185 0.0467437048  0.1731182185 0.046743705
linflation       0.0000000000 0.0000000000           NaN          NA
ldemocracy       0.0000000000 0.0000000000           NaN          NA
lpol_comp        0.0000000000 0.0000000000           NaN          NA
lpresidential    0.0000000000 0.0000000000           NaN          NA
lplurality       0.0000000000 0.0000000000           NaN          NA
lpol_rights     -0.1127197856 0.0325795775 -0.1127197856 0.032579578
lgdp_pc          0.0000000000 0.0000000000           NaN          NA

[[20]]
                    Prob         Low         Med          Up         Mean
per03          1.0000000 -1.74433899 -0.82421979  0.30401908 -0.743905625
per04          1.0000000 -0.98686336 -0.35410926  0.09677102 -0.391637000
per05          1.0000000 -2.08724261 -0.68849470  0.81275724 -0.617976835
per06          1.0000000 -1.64027685 -0.85578743  0.57509967 -0.498888109
per07          1.0000000 -1.02981086  0.29951864  1.05609242  0.152077813
per08          1.0000000 -0.33295616  0.60954701  1.83105514  0.547538684
cc2            1.0000000 -1.49265392  0.10586566  0.54178512 -0.097684595
cc3            1.0000000  1.43972068  2.21029003  3.14172206  2.246549965
cc4            1.0000000 -2.17975437 -1.26655154 -0.22766213 -1.173974264
cc5            1.0000000 -1.59193886 -0.24691322  0.74597824 -0.150865109
cc6            1.0000000 -1.92783164  0.20883742  1.74198638 -0.090731887
cc7            1.0000000 -1.05808658 -0.16312671  1.08877311 -0.141189896
cc8            1.0000000 -1.17682431  0.01768318  1.77472393  0.144131715
cc9            1.0000000 -2.11344010 -0.30485763  1.18570443 -0.202636622
cc10           1.0000000 -3.62834375 -1.56132639  0.10847672 -1.668473073
cc11           1.0000000  0.37060422  1.25326999  3.06810779  1.343263233
cc12           1.0000000 -1.48127518 -0.94137753  0.81131610 -0.708877613
1              0.5555556 -0.53048838  0.00000000  1.43582698  0.171347622
centralization 0.0000000  0.00000000  0.00000000  0.00000000  0.000000000
warfare        0.2222222 -0.12235220  0.00000000  0.01392505 -0.015059327
area           0.0000000  0.00000000  0.00000000  0.00000000  0.000000000
population     1.0000000  0.27112081  0.65075888  1.09446357  0.637227012
depend15       1.0000000 -0.16625897 -0.09444600 -0.01655039 -0.089451485
depend64       1.0000000  0.92785017  1.17387614  1.59594090  1.255690295
urban          1.0000000  0.19760941  0.25878283  0.30053288  0.251739800
pop_growth     0.3333333 -0.01039950  0.00000000  0.57053734  0.086755145
trade          0.0000000  0.00000000  0.00000000  0.00000000  0.000000000
gini_gross     0.0000000  0.00000000  0.00000000  0.00000000  0.000000000
debt           0.0000000  0.00000000  0.00000000  0.00000000  0.000000000
fdi_liab       0.1111111 -0.04468921  0.00000000  0.00000000 -0.006206834
inflation      1.0000000  0.06732296  0.09700749  0.13627947  0.098220043
democracy      0.0000000  0.00000000  0.00000000  0.00000000  0.000000000
pol_comp       0.6666667 -0.03696008  0.10475476  0.46126661  0.126124233
presidential   1.0000000 -1.87726954 -1.30743138  0.49590284 -1.098678879
plurality      0.0000000  0.00000000  0.00000000  0.00000000  0.000000000
pol_rights     0.6666667 -0.53444017  0.00000000  0.36350636 -0.090651998
gdp_pc         0.0000000  0.00000000  0.00000000  0.00000000  0.000000000
                       SD    CondMean     CondSD
per03          0.74345068 -0.74390563 0.74345068
per04          0.38176844 -0.39163700 0.38176844
per05          0.98971597 -0.61797684 0.98971597
per06          0.79652802 -0.49888811 0.79652802
per07          0.76494453  0.15207781 0.76494453
per08          0.77323229  0.54753868 0.77323229
cc2            0.73973659 -0.09768459 0.73973659
cc3            0.63214442  2.24654997 0.63214442
cc4            0.63592057 -1.17397426 0.63592057
cc5            0.82642884 -0.15086511 0.82642884
cc6            1.30366542 -0.09073189 1.30366542
cc7            0.75654625 -0.14118990 0.75654625
cc8            1.04826372  0.14413171 1.04826372
cc9            1.13806786 -0.20263662 1.13806786
cc10           1.18533381 -1.66847307 1.18533381
cc11           0.93511923  1.34326323 0.93511923
cc12           0.83373944 -0.70887761 0.83373944
1              0.65133612  0.30842572 0.89198064
centralization 0.00000000         NaN         NA
warfare        0.05202481 -0.06776697 0.12045321
area           0.00000000         NaN         NA
population     0.29164119  0.63722701 0.29164119
depend15       0.04863382 -0.08945149 0.04863382
depend64       0.25670933  1.25569029 0.25670933
urban          0.03520734  0.25173980 0.03520734
pop_growth     0.22775821  0.26026543 0.37384103
trade          0.00000000         NaN         NA
gini_gross     0.00000000         NaN         NA
debt           0.00000000         NaN         NA
fdi_liab       0.01862050 -0.05586151         NA
inflation      0.02447152  0.09822004 0.02447152
democracy      0.00000000         NaN         NA
pol_comp       0.17617788  0.18918635 0.18800331
presidential   0.80948514 -1.09867888 0.80948514
plurality      0.00000000         NaN         NA
pol_rights     0.32831788 -0.13597800 0.40629079
gdp_pc         0.00000000         NaN         NA

