[[1]]
 [1] 1.0000 1.0000 1.0000 1.0000 0.0340 0.4390 0.5848 0.1958 0.0596 0.2960
[11] 0.2596 0.2614

[[2]]
 [1] 1.0000 1.0000 1.0000 0.0622 1.0000 0.2318 0.0142 0.1402 0.0876 0.0498
[11] 0.0900 0.1674

[[3]]
 [1] 1.0000 1.0000 1.0000 0.0066 0.0054 1.0000 0.0250 0.0282 0.0062 0.0118
[11] 0.0042 0.0238

[[4]]
 [1] 1.0000 1.0000 1.0000 0.0066 0.0050 1.0000 0.0426 0.0250 0.0084 0.0212
[11] 0.0056 0.0322

[[5]]
 [1] 1.0000 1.0000 1.0000 0.0352 0.3106 0.3080 1.0000 0.1108 0.2056 0.3658
[11] 0.2566 0.8550

[[6]]
 [1] 1.0000 1.0000 1.0000 0.0130 0.0068 0.1212 1.0000 0.0498 0.0242 0.4016
[11] 0.0108 0.2414

[[7]]
 [1] 1.0000 1.0000 1.0000 0.0834 0.0060 0.1968 1.0000 0.0324 0.0198 0.0208
[11] 0.0576 0.2208

[[8]]
 [1] 1.0000 1.0000 1.0000 0.0734 0.0264 0.8652 0.9982 0.5548 0.7188 0.0476
[11] 0.1150 0.9226

[[9]]
 [1] 1.0000 1.0000 1.0000 0.0240 0.0164 0.4180 0.0128 1.0000 0.0272 0.0340
[11] 0.0036 0.1356

[[10]]
 [1] 1.0000 1.0000 1.0000 0.0438 0.0512 0.5004 0.8030 0.4580 1.0000 0.6456
[11] 0.0160 0.6130

[[11]]
 [1] 1.0000 1.0000 1.0000 0.0492 0.0332 0.4534 0.9106 0.3944 0.0850 0.7084
[11] 0.2288 0.4570

[[12]]
 [1] 1.0000 1.0000 1.0000 0.0152 0.0258 0.2230 0.4022 0.3660 0.0328 1.0000
[11] 0.0420 0.0740

[[13]]
 [1] 1.0000 1.0000 1.0000 0.1510 0.0506 0.2610 0.0608 0.2320 0.1502 0.1938
[11] 0.0006 0.1232

[[14]]
 [1] 1.0000 1.0000 1.0000 0.0536 0.9864 0.1730 0.2302 0.0560 0.0398 0.0696
[11] 1.0000 0.2392

[[15]]
 [1] 1.0000 1.0000 1.0000 0.2928 0.0818 0.4826 0.1290 0.1460 0.0380 0.2172
[11] 0.9154 0.8370

[[16]]
 [1] 1.0000 1.0000 1.0000 0.0800 0.0514 0.9020 0.1368 0.4662 0.0686 0.0308
[11] 0.9722 0.8414

[[17]]
 [1] 1.0000 1.0000 1.0000 0.0322 0.0610 0.3776 0.9314 0.0874 0.0408 0.0574
[11] 0.2760 0.3140

[[18]]
 [1] 1.0000 1.0000 1.0000 0.1596 0.0366 0.3600 0.4934 0.1018 0.0706 0.3430
[11] 1.0000 0.9864

[[19]]
 [1] 1.0000 1.0000 1.0000 0.0300 0.0118 0.9882 1.0000 0.9710 0.0234 0.0994
[11] 0.0018 1.0000

[[20]]
 [1] 1.0000 1.0000 1.0000 0.8262 0.9830 1.0000 0.9554 0.9396 0.5834 0.9984
[11] 1.0000 0.7736

