[[1]]
 [1] 0.5618 1.0000 1.0000 1.0000 1.0000 0.2122 0.2930 0.7000 0.1776 0.9124
[11] 0.5708 0.3738 0.6498

[[2]]
 [1] 0.1038 1.0000 1.0000 1.0000 0.0046 1.0000 0.0688 0.0890 0.0044 0.0266
[11] 0.0780 0.2680 0.1400

[[3]]
 [1] 0.0480 1.0000 1.0000 1.0000 0.0018 0.0074 1.0000 0.9910 0.0416 0.0536
[11] 0.0572 0.5380 0.9102

[[4]]
 [1] 0.0020 1.0000 1.0000 1.0000 0.0018 0.0054 1.0000 0.8384 0.1648 0.0996
[11] 0.0100 0.5474 0.7100

[[5]]
 [1] 0.9930 1.0000 1.0000 1.0000 0.0454 0.5720 0.1186 1.0000 0.1052 0.2426
[11] 0.0078 0.4256 0.7584

[[6]]
 [1] 0.6438 1.0000 1.0000 1.0000 0.0102 0.0270 0.0640 1.0000 0.1084 0.1474
[11] 0.0060 0.3740 0.7596

[[7]]
 [1] 0.1192 1.0000 1.0000 1.0000 0.0604 0.1336 0.3554 1.0000 0.0268 0.1086
[11] 0.0388 0.9902 0.4792

[[8]]
 [1] 0.2830 1.0000 1.0000 1.0000 0.0718 0.0370 0.2282 0.9840 0.0132 0.6596
[11] 0.0004 0.7974 0.7192

[[9]]
 [1] 0.9358 1.0000 1.0000 1.0000 0.0366 0.3844 0.3356 0.1208 1.0000 0.0810
[11] 0.4508 0.3358 0.4068

[[10]]
 [1] 0.9144 1.0000 1.0000 1.0000 0.0784 0.1358 0.1446 0.4856 0.0744 1.0000
[11] 0.2116 0.1562 0.9854

[[11]]
 [1] 0.9204 1.0000 1.0000 1.0000 1.0000 0.3754 0.4340 1.0000 0.9446 0.8118
[11] 0.0520 0.9844 0.7090

[[12]]
 [1] 0.0164 1.0000 1.0000 1.0000 0.0094 0.0260 0.3178 0.1470 0.0286 0.0588
[11] 1.0000 0.7290 0.9350

[[13]]
 [1] 0.9996 1.0000 1.0000 1.0000 0.4584 0.9498 0.7156 0.9776 0.6976 0.7146
[11] 0.8442 0.8562 0.8072

[[14]]
 [1] 0.7310 1.0000 1.0000 1.0000 0.0132 0.4482 0.2342 0.2550 0.0132 0.0448
[11] 0.0694 1.0000 0.9764

[[15]]
 [1] 0.1492 1.0000 1.0000 1.0000 0.0106 0.0728 0.8876 0.1388 0.0430 0.0558
[11] 0.6272 1.0000 0.9418

[[16]]
 [1] 0.0030 1.0000 1.0000 1.0000 0.0030 0.0150 0.0538 0.0170 0.0042 0.0030
[11] 0.0256 1.0000 0.2046

[[17]]
 [1] 0.0460 1.0000 1.0000 1.0000 0.0014 0.0058 0.2522 0.1874 0.0064 0.0148
[11] 0.0006 1.0000 0.6484

[[18]]
 [1] 0.6490 1.0000 1.0000 1.0000 0.1700 0.0254 0.6330 0.2676 0.0580 0.1384
[11] 0.0034 1.0000 1.0000

[[19]]
 [1] 0.0028 1.0000 1.0000 1.0000 0.0044 0.0164 0.1600 0.9938 0.0166 0.0382
[11] 0.1082 0.9372 1.0000

[[20]]
 [1] 0.9398 1.0000 1.0000 1.0000 1.0000 0.6786 0.8658 0.4064 0.9288 0.7648
[11] 1.0000 0.7856 0.7628

