[[1]]
 [1] 0.9422 1.0000 1.0000 1.0000 1.0000 0.2586 0.3040 0.9422 0.3302 0.7398
[11] 0.1040 0.4372 0.9544

[[2]]
 [1] 0.6050 1.0000 1.0000 1.0000 0.0076 1.0000 0.1154 0.0886 0.0056 0.0230
[11] 0.0030 0.0240 0.1868

[[3]]
 [1] 0.0236 1.0000 1.0000 1.0000 0.0004 0.0026 1.0000 0.0124 0.0048 0.0056
[11] 0.0026 0.0054 0.0256

[[4]]
 [1] 0.9172 1.0000 1.0000 1.0000 0.0010 0.0164 1.0000 0.9998 0.0424 0.0558
[11] 0.0260 0.0418 0.9962

[[5]]
 [1] 0.7284 1.0000 1.0000 1.0000 0.0296 0.4188 0.1556 1.0000 0.0504 0.0640
[11] 0.0138 0.6442 0.6310

[[6]]
 [1] 0.2688 1.0000 1.0000 1.0000 0.0048 0.0440 0.1170 1.0000 0.2852 0.2856
[11] 0.3396 0.0748 0.4460

[[7]]
 [1] 0.7532 1.0000 1.0000 1.0000 0.2662 0.8190 1.0000 0.9994 0.9912 0.3044
[11] 0.1332 0.9972 1.0000

[[8]]
 [1] 0.8540 1.0000 1.0000 1.0000 0.0058 0.0360 0.7314 0.9726 0.0464 0.9940
[11] 0.0154 0.6822 0.1780

[[9]]
 [1] 0.9736 1.0000 1.0000 1.0000 0.1432 0.4120 0.4126 0.6232 1.0000 0.0978
[11] 0.1310 0.8296 0.5882

[[10]]
 [1] 0.8512 1.0000 1.0000 1.0000 0.0716 0.1294 0.1990 0.2588 0.0516 1.0000
[11] 0.0612 0.2226 0.9388

[[11]]
 [1] 0.9952 1.0000 1.0000 1.0000 0.1714 0.6280 0.7556 0.9726 0.2428 0.4658
[11] 1.0000 0.9938 0.6544

[[12]]
 [1] 0.2800 1.0000 1.0000 1.0000 0.0820 0.0250 1.0000 1.0000 0.9304 0.0948
[11] 0.0026 0.2218 1.0000

[[13]]
 [1] 1.0000 1.0000 1.0000 1.0000 0.3876 0.9730 0.7608 0.3696 0.5740 0.8648
[11] 0.6434 0.9322 0.8308

[[14]]
 [1] 0.8092 1.0000 1.0000 1.0000 0.0136 0.6862 0.1574 0.5440 0.0694 0.0648
[11] 0.0042 1.0000 0.8408

[[15]]
 [1] 0.3958 1.0000 1.0000 1.0000 0.0100 0.0612 0.8304 0.2210 0.0192 0.0486
[11] 0.0128 1.0000 0.9154

[[16]]
 [1] 0.0742 1.0000 1.0000 1.0000 0.0056 0.0210 0.2510 0.1754 0.1828 0.0344
[11] 0.0030 0.3270 0.2808

[[17]]
 [1] 0.2936 1.0000 1.0000 1.0000 0.0006 0.0058 0.2724 0.0086 0.0032 0.0062
[11] 0.0426 1.0000 0.1268

[[18]]
 [1] 0.9578 1.0000 1.0000 1.0000 0.0876 0.0356 0.7984 0.3850 0.0412 0.0562
[11] 0.0404 1.0000 0.9796

[[19]]
 [1] 0.6590 1.0000 1.0000 1.0000 0.0014 0.0110 0.0638 0.0822 0.0110 0.0026
[11] 0.0528 0.0224 1.0000

[[20]]
 [1] 0.9052 1.0000 1.0000 1.0000 0.9928 0.8766 0.9998 1.0000 0.9996 0.1924
[11] 0.7296 0.9998 1.0000

