[[1]]
 [1] 1.0000000 1.0000000 1.0000000 0.7777778 1.0000000 0.3333333 0.0000000
 [8] 0.6666667 0.0000000 0.0000000 1.0000000 1.0000000

[[2]]
 [1] 1.0000000 1.0000000 1.0000000 0.7777778 0.7777778 1.0000000 0.0000000
 [8] 0.8888889 0.0000000 0.1111111 0.0000000 0.5555556

[[3]]
 [1] 1 1 1 1 0 0 0 0 0 0 1 1

[[4]]
 [1] 1 1 1 0 1 1 0 0 0 1 1 0

[[5]]
 [1] 1.0000000 1.0000000 1.0000000 1.0000000 0.0000000 0.0000000 1.0000000
 [8] 0.8888889 0.3333333 1.0000000 1.0000000 0.7777778

[[6]]
 [1] 1.0000000 1.0000000 1.0000000 0.0000000 1.0000000 1.0000000 1.0000000
 [8] 1.0000000 1.0000000 1.0000000 1.0000000 0.8888889

[[7]]
 [1] 1.0000000 1.0000000 1.0000000 0.8888889 0.0000000 0.8888889 1.0000000
 [8] 1.0000000 1.0000000 1.0000000 0.7777778 0.6666667

[[8]]
 [1] 1.0000000 1.0000000 1.0000000 0.4444444 0.0000000 1.0000000 0.3333333
 [8] 0.0000000 0.0000000 0.0000000 0.0000000 0.7777778

[[9]]
 [1] 1.0000000 1.0000000 1.0000000 0.8888889 0.0000000 0.5555556 0.0000000
 [8] 0.1111111 1.0000000 0.2222222 0.4444444 0.7777778

[[10]]
 [1] 1.0000000 1.0000000 1.0000000 0.8888889 1.0000000 0.2222222 1.0000000
 [8] 0.6666667 0.0000000 1.0000000 0.7777778 0.6666667

[[11]]
 [1] 1.0000000 1.0000000 1.0000000 1.0000000 0.3333333 1.0000000 1.0000000
 [8] 1.0000000 0.4444444 1.0000000 1.0000000 0.8888889

[[12]]
 [1] 1.0000000 1.0000000 1.0000000 0.0000000 0.0000000 0.3333333 1.0000000
 [8] 0.3333333 0.6666667 1.0000000 0.7777778 0.7777778

[[13]]
 [1] 1.0000000 1.0000000 1.0000000 1.0000000 0.3333333 0.7777778 1.0000000
 [8] 1.0000000 0.6666667 0.6666667 0.4444444 0.8888889

[[14]]
 [1] 1.0000000 1.0000000 1.0000000 0.8888889 0.0000000 0.0000000 1.0000000
 [8] 0.7777778 0.0000000 0.0000000 1.0000000 0.0000000

[[15]]
 [1] 1.0000000 1.0000000 1.0000000 0.0000000 0.0000000 0.0000000 0.6666667
 [8] 1.0000000 0.5555556 0.8888889 1.0000000 1.0000000

[[16]]
 [1] 1.0000000 1.0000000 1.0000000 0.8888889 0.0000000 0.0000000 0.0000000
 [8] 0.2222222 0.0000000 0.3333333 1.0000000 0.6666667

[[17]]
 [1] 1.0000000 1.0000000 1.0000000 0.0000000 0.0000000 0.0000000 0.0000000
 [8] 0.0000000 0.0000000 0.0000000 1.0000000 0.3333333

[[18]]
 [1] 1.0000000 1.0000000 1.0000000 0.5555556 0.0000000 0.7777778 0.0000000
 [8] 0.0000000 0.0000000 0.1111111 0.0000000 1.0000000

[[19]]
 [1] 1.0000000 1.0000000 1.0000000 0.7777778 1.0000000 0.0000000 0.0000000
 [8] 0.0000000 0.0000000 1.0000000 0.0000000 0.1111111

[[20]]
 [1] 1.0000000 1.0000000 1.0000000 0.8888889 0.0000000 1.0000000 1.0000000
 [8] 1.0000000 1.0000000 0.1111111 0.0000000 0.2222222

