[[1]]
 [1] 1.0000 1.0000 1.0000 1.0000 0.5950 0.4404 0.3854 0.2346 0.7118 0.0020
[11] 0.3868 0.7054

[[2]]
 [1] 1.0000 1.0000 1.0000 0.0102 1.0000 0.1548 0.1608 0.0270 0.0402 0.0402
[11] 0.5394 0.5216

[[3]]
 [1] 1.0000 1.0000 1.0000 0.0030 0.0172 1.0000 0.0416 0.0086 0.0092 0.0044
[11] 0.0280 0.0882

[[4]]
 [1] 1.0000 1.0000 1.0000 0.0030 0.0450 1.0000 0.9194 0.1296 0.0952 0.0070
[11] 0.0580 0.1818

[[5]]
 [1] 1.0000 1.0000 1.0000 0.9998 0.8302 0.9972 1.0000 0.3056 0.9768 0.0734
[11] 0.7030 0.7658

[[6]]
 [1] 1.0000 1.0000 1.0000 0.0210 0.3372 0.9646 1.0000 0.7920 0.4624 0.6064
[11] 0.7358 0.9998

[[7]]
 [1] 1.0000 1.0000 1.0000 0.0212 0.1144 0.2444 1.0000 0.1008 0.1344 0.0062
[11] 0.1648 0.3038

[[8]]
 [1] 1.0000 1.0000 1.0000 0.0502 0.1974 0.3780 0.4598 0.2036 0.4708 0.0026
[11] 0.3314 0.3128

[[9]]
 [1] 1.0000 1.0000 1.0000 0.1588 0.6418 0.4868 0.5708 1.0000 0.3548 0.0248
[11] 0.4156 0.6416

[[10]]
 [1] 1.0000 1.0000 1.0000 0.0860 0.6326 0.9470 0.5906 0.6302 1.0000 0.0190
[11] 0.7830 0.5440

[[11]]
 [1] 1.0000 1.0000 1.0000 0.1754 0.8076 0.5970 0.8340 0.1748 0.9026 1.0000
[11] 0.7480 0.6766

[[12]]
 [1] 1.0000 1.0000 1.0000 0.0102 0.0716 0.9324 0.9850 0.3600 0.1798 1.0000
[11] 0.2048 0.6774

[[13]]
 [1] 1.0000 1.0000 1.0000 0.6670 0.9894 0.8804 0.8604 0.6798 0.8222 0.2130
[11] 0.9362 0.9276

[[14]]
 [1] 1.0000 1.0000 1.0000 0.0160 0.2410 0.3196 0.1162 0.0184 0.0564 0.0008
[11] 1.0000 0.9840

[[15]]
 [1] 1.0000 1.0000 1.0000 0.0104 0.4532 0.1852 0.6914 0.0514 0.0760 0.0002
[11] 1.0000 0.9784

[[16]]
 [1] 1.0000 1.0000 1.0000 0.0040 0.0262 0.3176 0.1914 0.1478 0.1730 0.1106
[11] 0.3378 0.4064

[[17]]
 [1] 1.0000 1.0000 1.0000 0.0040 0.1758 0.0850 0.0392 0.0118 0.0072 0.0006
[11] 1.0000 0.4766

[[18]]
 [1] 1.0000 1.0000 1.0000 0.0080 0.2656 0.9512 0.1868 0.0250 0.0588 0.0100
[11] 1.0000 0.9856

[[19]]
 [1] 1.0000 1.0000 1.0000 0.0040 0.1308 0.2956 0.1046 0.0224 0.0382 0.0006
[11] 0.0150 1.0000

[[20]]
 [1] 1.0000 1.0000 1.0000 0.3416 0.9738 0.5130 0.9536 0.4508 0.4146 0.1956
[11] 0.3152 0.6212

