[[1]]
 [1] 1.0000 1.0000 1.0000 0.7312 1.0000 0.8646 0.7308 0.7338 0.7994 0.9956
[11] 0.6082 0.7532

[[2]]
 [1] 1.0000 1.0000 1.0000 0.2638 0.0028 0.1076 0.1010 0.1158 0.0148 0.0040
[11] 0.0600 0.1808

[[3]]
 [1] 1.0000 1.0000 1.0000 0.5118 0.0000 1.0000 0.1570 0.0262 0.0024 0.0010
[11] 0.0146 0.0220

[[4]]
 [1] 1.0000 1.0000 1.0000 0.9998 0.0024 1.0000 0.0082 0.0268 0.0096 0.0014
[11] 0.0018 0.0274

[[5]]
 [1] 1.0000 1.0000 1.0000 0.6178 0.6488 0.5736 1.0000 0.9956 0.1698 0.9004
[11] 0.9236 0.5344

[[6]]
 [1] 1.0000 1.0000 1.0000 0.5890 0.0118 0.5290 1.0000 0.8208 0.3846 0.3992
[11] 0.6688 0.4884

[[7]]
 [1] 1.0000 1.0000 1.0000 0.6560 0.0548 0.9980 0.9890 0.6634 0.8998 0.9790
[11] 0.9964 0.6742

[[8]]
 [1] 1.0000 1.0000 1.0000 0.5272 0.0114 0.3052 0.0164 0.3166 0.0178 0.0094
[11] 0.0210 0.5954

[[9]]
 [1] 1.0000 1.0000 1.0000 0.7644 0.0362 0.2542 0.0464 0.8326 1.0000 0.0996
[11] 0.3058 0.7108

[[10]]
 [1] 1.0000 1.0000 1.0000 0.6702 0.0182 0.6574 0.5630 0.7430 0.1128 1.0000
[11] 0.7080 0.6936

[[11]]
 [1] 1.0000 1.0000 1.0000 0.7040 0.4596 0.7996 0.9868 0.7010 0.4286 0.5740
[11] 0.9710 0.6744

[[12]]
 [1] 1.0000 1.0000 1.0000 0.5668 0.0040 0.5152 0.7936 0.0762 0.0214 1.0000
[11] 0.6946 0.5058

[[13]]
 [1] 1.0000 1.0000 1.0000 0.7020 0.0346 0.6786 0.9956 0.6646 0.6326 0.1872
[11] 1.0000 0.6604

[[14]]
 [1] 1.0000 1.0000 1.0000 0.6496 0.0050 0.5248 0.9694 0.8898 0.2460 0.0910
[11] 1.0000 0.6242

[[15]]
 [1] 1.0000 1.0000 1.0000 0.9828 0.0072 0.3586 0.9874 0.2116 0.0638 0.1842
[11] 0.8904 0.8920

[[16]]
 [1] 1.0000 1.0000 1.0000 0.1394 0.0012 0.0690 0.0200 0.0484 0.0006 0.0028
[11] 0.9632 0.1782

[[17]]
 [1] 1.0000 1.0000 1.0000 0.1384 0.0014 0.0456 0.0114 0.0398 0.0008 0.0026
[11] 0.0074 0.0352

[[18]]
 [1] 1.0000 1.0000 1.0000 0.9560 0.0034 0.3812 0.0298 0.0568 0.0060 0.0294
[11] 0.6456 0.6944

[[19]]
 [1] 1.0000 1.0000 1.0000 0.6348 0.9922 0.9860 0.0530 0.4432 0.0986 0.0538
[11] 0.2006 0.2248

[[20]]
 [1] 1.0000 1.0000 1.0000 0.7492 0.6084 0.9274 0.5186 0.9402 0.3746 0.9998
[11] 0.9204 0.7574

