[[1]]
 [1] 1.0000 1.0000 1.0000 1.0000 0.4736 0.5344 0.7040 0.3594 0.9694 0.1794
[11] 0.8808 0.8244

[[2]]
 [1] 1.0000 1.0000 1.0000 0.0044 1.0000 0.0658 0.0266 0.0032 0.0120 0.0002
[11] 0.0342 0.1186

[[3]]
 [1] 1.0000 1.0000 1.0000 0.0018 0.0128 1.0000 0.0858 0.0418 0.0236 0.0004
[11] 0.0076 0.1012

[[4]]
 [1] 1.0000 1.0000 1.0000 0.0028 0.0168 1.0000 0.5802 0.3910 0.1138 0.0144
[11] 0.0788 0.2784

[[5]]
 [1] 1.0000 1.0000 1.0000 0.0220 0.2042 0.2726 1.0000 0.1318 0.0684 0.0004
[11] 0.6200 0.7086

[[6]]
 [1] 1.0000 1.0000 1.0000 0.0654 0.3650 0.9978 1.0000 0.8466 0.8174 0.2848
[11] 0.9986 0.9276

[[7]]
 [1] 1.0000 1.0000 1.0000 0.0570 0.8558 1.0000 0.9884 0.8064 0.7926 0.7484
[11] 0.9136 1.0000

[[8]]
 [1] 1.0000 1.0000 1.0000 0.0132 0.0742 0.1106 0.7956 0.0438 0.7360 0.0014
[11] 0.1242 0.3094

[[9]]
 [1] 1.0000 1.0000 1.0000 0.0520 0.4824 0.4362 0.2114 1.0000 0.2320 0.2206
[11] 0.4112 0.5196

[[10]]
 [1] 1.0000 1.0000 1.0000 0.0202 0.2812 0.2272 0.3278 0.0212 1.0000 0.0126
[11] 0.0754 0.9316

[[11]]
 [1] 1.0000 1.0000 1.0000 0.2104 0.8744 0.8744 0.9648 0.2584 0.3698 0.7388
[11] 0.8366 0.7326

[[12]]
 [1] 1.0000 1.0000 1.0000 0.0032 0.0608 0.8848 0.8544 0.1554 0.1264 1.0000
[11] 0.3574 0.5708

[[13]]
 [1] 1.0000 1.0000 1.0000 0.3948 0.9896 0.7944 0.4864 0.7900 0.9438 0.7886
[11] 0.8816 0.8190

[[14]]
 [1] 1.0000 1.0000 1.0000 0.0368 0.0768 0.8088 0.9888 0.9826 0.0790 0.0014
[11] 0.9974 0.9772

[[15]]
 [1] 1.0000 1.0000 1.0000 0.0042 0.2152 0.9542 0.5164 0.9950 0.4028 0.5942
[11] 0.2758 1.0000

[[16]]
 [1] 1.0000 1.0000 1.0000 0.0010 0.6828 0.9634 0.0218 0.0180 0.0174 0.1898
[11] 0.9576 0.8830

[[17]]
 [1] 1.0000 1.0000 1.0000 0.0020 0.0242 0.0772 0.0104 0.0050 0.0094 0.0160
[11] 0.0080 0.0810

[[18]]
 [1] 1.0000 1.0000 1.0000 0.0048 0.1154 0.9694 0.6560 0.0890 0.1086 0.0024
[11] 0.7340 0.7828

[[19]]
 [1] 1.0000 1.0000 1.0000 0.0010 0.0674 0.0612 0.0678 0.4126 0.0102 0.0316
[11] 0.0750 1.0000

[[20]]
 [1] 1.0000 1.0000 1.0000 0.9676 0.8238 0.3298 1.0000 1.0000 0.1656 0.2194
[11] 0.8922 0.9584

