[[1]]
 [1] 1.0000 1.0000 1.0000 1.0000 1.0000 0.1932 0.1958 0.9710 0.1048 0.5520
[11] 0.0042 0.1980 0.9756

[[2]]
 [1] 1.0000 1.0000 1.0000 1.0000 0.0070 1.0000 0.0876 0.1076 0.0098 0.0226
[11] 0.0910 0.7130 0.1402

[[3]]
 [1] 1.0000 1.0000 1.0000 1.0000 0.0004 0.0026 1.0000 0.8724 0.0172 0.0900
[11] 0.0144 0.0188 0.8104

[[4]]
 [1] 1.0000 1.0000 1.0000 1.0000 0.0004 0.0040 1.0000 0.3084 0.0044 0.0172
[11] 0.0010 0.0050 0.0500

[[5]]
 [1] 1.0000 1.0000 1.0000 1.0000 0.0424 0.6360 0.1244 1.0000 0.3218 0.0588
[11] 0.0552 0.0592 0.2136

[[6]]
 [1] 1.0000 1.0000 1.0000 1.0000 0.0032 0.0344 0.2224 1.0000 0.2224 0.2766
[11] 0.0010 0.0364 0.3952

[[7]]
 [1] 1.0000 1.0000 1.0000 1.0000 0.0614 0.4328 0.9996 0.9864 0.9302 0.7060
[11] 0.7284 0.8740 1.0000

[[8]]
 [1] 1.0000 1.0000 1.0000 1.0000 0.1030 0.0310 0.1292 0.7046 0.1648 0.7920
[11] 0.1626 0.1120 0.7078

[[9]]
 [1] 1.0000 1.0000 1.0000 1.0000 0.1236 0.5358 0.7662 0.5162 1.0000 0.1814
[11] 0.1880 0.3746 0.6072

[[10]]
 [1] 1.0000 1.0000 1.0000 1.0000 0.0356 0.1172 0.1864 0.3086 0.0368 1.0000
[11] 0.0006 0.4840 0.8342

[[11]]
 [1] 1.0000 1.0000 1.0000 1.0000 0.3738 0.5482 0.4894 0.9238 0.0814 0.7652
[11] 1.0000 0.9828 0.6638

[[12]]
 [1] 1.0000 1.0000 1.0000 1.0000 0.0186 0.0220 1.0000 0.9936 0.7030 0.0870
[11] 0.0180 0.0504 0.9988

[[13]]
 [1] 1.0000 1.0000 1.0000 1.0000 0.9644 0.5048 0.4524 0.5646 0.9308 0.9580
[11] 0.1964 0.5894 0.7220

[[14]]
 [1] 1.0000 1.0000 1.0000 1.0000 0.0252 0.9616 0.1808 0.9124 0.2246 0.2752
[11] 0.0040 1.0000 0.9934

[[15]]
 [1] 1.0000 1.0000 1.0000 1.0000 0.0492 0.0726 0.9650 0.7624 0.1732 0.2306
[11] 0.6758 1.0000 0.9892

[[16]]
 [1] 1.0000 1.0000 1.0000 1.0000 0.0014 0.0142 0.0692 0.0020 0.0250 0.0026
[11] 0.0006 1.0000 0.0990

[[17]]
 [1] 1.0000 1.0000 1.0000 1.0000 0.0014 0.0076 0.0498 0.0032 0.0014 0.0032
[11] 0.0510 1.0000 0.3216

[[18]]
 [1] 1.0000 1.0000 1.0000 1.0000 0.0228 0.0294 0.9348 0.0842 0.0734 0.0426
[11] 0.0040 1.0000 1.0000

[[19]]
 [1] 1.0000 1.0000 1.0000 1.0000 0.0018 0.0120 0.1586 0.6354 0.1862 0.0890
[11] 0.1328 0.2044 1.0000

[[20]]
 [1] 1.0000 1.0000 1.0000 1.0000 0.9548 0.7038 0.7280 0.8468 0.8684 0.9402
[11] 1.0000 0.9648 0.7028

