[[1]]
 [1] 1.0000 1.0000 1.0000 1.0000 0.1916 0.4478 0.3962 0.2508 0.8168 0.0042
[11] 0.4612 0.0076

[[2]]
 [1] 1.0000 1.0000 1.0000 0.0068 1.0000 0.0696 0.0348 0.0050 0.0154 0.0006
[11] 0.0636 0.0002

[[3]]
 [1] 1.0000 1.0000 1.0000 0.0002 0.0028 1.0000 0.0118 0.0046 0.0066 0.0060
[11] 0.0328 0.0010

[[4]]
 [1] 1.0000 1.0000 1.0000 0.0010 0.0046 1.0000 0.0260 0.0044 0.0114 0.0006
[11] 0.0082 0.0026

[[5]]
 [1] 1.0000 1.0000 1.0000 1.0000 0.3876 1.0000 1.0000 0.9870 1.0000 0.0050
[11] 0.1752 0.2510

[[6]]
 [1] 1.0000 1.0000 1.0000 0.0050 0.0382 0.4366 1.0000 0.2776 0.3932 0.0046
[11] 0.0522 0.0034

[[7]]
 [1] 1.0000 1.0000 1.0000 1.0000 0.3640 1.0000 1.0000 0.9922 1.0000 0.9730
[11] 0.7918 0.2354

[[8]]
 [1] 1.0000 1.0000 1.0000 0.0070 0.0352 0.5292 0.9948 0.2710 0.0868 0.1390
[11] 0.3892 0.1726

[[9]]
 [1] 1.0000 1.0000 1.0000 0.0432 0.4924 0.4058 0.2932 1.0000 0.1180 0.0270
[11] 0.9042 0.0016

[[10]]
 [1] 1.0000 1.0000 1.0000 0.1192 0.1116 0.3356 0.3316 0.0438 1.0000 0.5284
[11] 0.1460 0.0006

[[11]]
 [1] 1.0000 1.0000 1.0000 0.9034 0.7404 0.7484 0.6262 0.2700 0.3936 0.6412
[11] 0.9256 0.2388

[[12]]
 [1] 1.0000 1.0000 1.0000 0.9606 0.0230 1.0000 1.0000 0.4006 0.1854 0.0068
[11] 0.8348 0.9796

[[13]]
 [1] 1.0000 1.0000 1.0000 0.3642 0.9736 0.7326 0.5126 0.4398 0.8014 0.9838
[11] 0.8746 0.0010

[[14]]
 [1] 1.0000 1.0000 1.0000 0.0778 0.9120 0.3538 0.9992 0.2006 0.1514 0.0008
[11] 1.0000 0.3876

[[15]]
 [1] 1.0000 1.0000 1.0000 0.0560 0.0540 0.5384 0.9628 0.0182 0.0422 0.0208
[11] 1.0000 0.7784

[[16]]
 [1] 1.0000 1.0000 1.0000 0.0016 0.0140 0.0778 0.0050 0.0308 0.0038 0.0010
[11] 1.0000 0.1356

[[17]]
 [1] 1.0000 1.0000 1.0000 0.0024 0.0080 0.3804 0.2692 0.0042 0.0300 0.0014
[11] 1.0000 0.0002

[[18]]
 [1] 1.0000 1.0000 1.0000 0.0086 0.0326 0.8464 1.0000 0.1476 0.2164 0.0062
[11] 1.0000 0.0312

[[19]]
 [1] 1.0000 1.0000 1.0000 0.8924 0.9998 0.9944 0.9212 0.9810 0.9580 0.6824
[11] 0.9982 1.0000

[[20]]
 [1] 1.0000 1.0000 1.0000 1.0000 0.9204 0.4068 1.0000 0.2464 0.1178 0.2058
[11] 0.9972 0.0224

