[[1]]
 [1] 1.0000 1.0000 1.0000 1.0000 0.1838 0.4352 0.9626 0.6332 0.3244 0.0148
[11] 0.4332 0.6230

[[2]]
 [1] 1.0000 1.0000 1.0000 0.0066 1.0000 0.0944 0.0434 0.0050 0.0132 0.0004
[11] 0.3336 0.5254

[[3]]
 [1] 1.0000 1.0000 1.0000 0.0006 0.0018 1.0000 0.0088 0.0046 0.0064 0.0004
[11] 0.0034 0.0208

[[4]]
 [1] 1.0000 1.0000 1.0000 0.0114 0.0026 1.0000 0.9756 0.2952 0.4706 0.2608
[11] 0.2458 0.9408

[[5]]
 [1] 1.0000 1.0000 1.0000 1.0000 0.3774 1.0000 1.0000 0.6902 0.9970 0.4408
[11] 0.9714 1.0000

[[6]]
 [1] 1.0000 1.0000 1.0000 0.0048 0.0394 0.0784 1.0000 0.1826 0.2940 0.5640
[11] 0.1156 0.2406

[[7]]
 [1] 1.0000 1.0000 1.0000 1.0000 0.3908 1.0000 1.0000 0.7786 0.9964 0.5314
[11] 0.9512 1.0000

[[8]]
 [1] 1.0000 1.0000 1.0000 0.0048 0.0270 0.6352 1.0000 0.3896 0.2470 0.0026
[11] 0.0924 0.2292

[[9]]
 [1] 1.0000 1.0000 1.0000 0.1670 0.4538 0.5500 0.4014 1.0000 0.1412 0.2908
[11] 0.6704 0.5718

[[10]]
 [1] 1.0000 1.0000 1.0000 0.0526 0.1274 0.2266 0.4494 0.0204 1.0000 0.0052
[11] 0.0494 0.7798

[[11]]
 [1] 1.0000 1.0000 1.0000 0.2340 0.5634 0.7186 0.7626 0.1916 0.5254 1.0000
[11] 0.9070 0.7888

[[12]]
 [1] 1.0000 1.0000 1.0000 0.0050 0.0376 0.9938 0.9984 0.6348 0.1736 1.0000
[11] 0.5690 0.5996

[[13]]
 [1] 1.0000 1.0000 1.0000 0.5094 0.9722 0.7400 0.8408 0.5818 0.7168 0.9688
[11] 0.7734 0.8230

[[14]]
 [1] 1.0000 1.0000 1.0000 0.0074 0.8530 0.1004 0.7724 0.0844 0.0834 0.2238
[11] 1.0000 0.6122

[[15]]
 [1] 1.0000 1.0000 1.0000 0.0044 0.0610 0.0798 0.0186 0.0100 0.0090 0.2104
[11] 1.0000 0.9984

[[16]]
 [1] 1.0000 1.0000 1.0000 0.0022 0.0114 0.0850 0.0038 0.0386 0.0032 0.0000
[11] 1.0000 0.2154

[[17]]
 [1] 1.0000 1.0000 1.0000 0.0030 0.0086 0.5504 0.4794 0.0156 0.0300 0.0004
[11] 1.0000 0.2238

[[18]]
 [1] 1.0000 1.0000 1.0000 0.0354 0.0284 0.9470 0.0770 0.0366 0.0374 0.0012
[11] 1.0000 0.9960

[[19]]
 [1] 1.0000 1.0000 1.0000 0.0030 0.0090 0.2992 1.0000 0.1178 0.0362 0.0988
[11] 0.5034 1.0000

[[20]]
 [1] 1.0000 1.0000 1.0000 1.0000 1.0000 1.0000 0.9966 1.0000 1.0000 0.9998
[11] 1.0000 1.0000

