[[1]]
 [1] 0.9998 1.0000 1.0000 1.0000 1.0000 0.2242 0.9796 0.9206 0.1380 0.6290
[11] 0.0096 0.6868 0.8814

[[2]]
 [1] 0.6666 1.0000 1.0000 1.0000 0.0084 1.0000 0.2584 0.2392 0.0680 0.0968
[11] 0.0018 0.0992 0.2588

[[3]]
 [1] 0.0264 1.0000 1.0000 1.0000 0.0012 0.0024 1.0000 0.3816 0.0788 0.0990
[11] 0.0018 0.0368 0.1762

[[4]]
 [1] 0.0248 1.0000 1.0000 1.0000 0.0012 0.0018 1.0000 0.7172 0.3618 0.3162
[11] 0.0014 0.1302 0.2994

[[5]]
 [1] 0.9242 1.0000 1.0000 1.0000 0.0584 0.8276 0.1392 1.0000 0.0456 0.0978
[11] 0.0054 0.2226 0.6614

[[6]]
 [1] 0.6786 1.0000 1.0000 1.0000 0.0444 0.0642 0.1856 1.0000 0.9938 0.9608
[11] 0.9880 0.9836 0.9922

[[7]]
 [1] 0.8146 1.0000 1.0000 1.0000 0.0656 0.0550 0.1418 1.0000 0.0594 0.0574
[11] 0.0130 0.7942 0.9526

[[8]]
 [1] 0.3146 1.0000 1.0000 1.0000 0.0596 0.0424 0.1502 0.4938 0.0198 0.7522
[11] 0.0920 0.3160 0.5732

[[9]]
 [1] 0.9740 1.0000 1.0000 1.0000 0.0752 0.3524 0.3464 0.3050 1.0000 0.1102
[11] 0.0418 0.4290 0.5642

[[10]]
 [1] 0.8164 1.0000 1.0000 1.0000 0.0816 0.1200 0.1430 0.4914 0.0098 1.0000
[11] 0.0160 0.2954 0.9938

[[11]]
 [1] 0.9906 1.0000 1.0000 1.0000 0.2554 0.8178 0.8862 0.3474 0.0702 0.2154
[11] 1.0000 0.8418 0.6848

[[12]]
 [1] 0.4800 1.0000 1.0000 1.0000 0.0054 0.0310 0.8352 0.6342 0.1290 0.2552
[11] 1.0000 0.0384 0.5754

[[13]]
 [1] 1.0000 1.0000 1.0000 1.0000 0.3494 0.9576 0.7862 0.5200 0.6082 0.7150
[11] 1.0000 0.9114 0.7956

[[14]]
 [1] 0.4654 1.0000 1.0000 1.0000 0.0130 0.1918 0.1894 0.8210 0.2116 0.3152
[11] 0.0408 1.0000 0.9994

[[15]]
 [1] 0.4568 1.0000 1.0000 1.0000 0.0110 0.0680 0.9314 0.2256 0.0304 0.0620
[11] 0.6754 1.0000 0.9432

[[16]]
 [1] 0.3298 1.0000 1.0000 1.0000 0.0026 0.0334 0.1488 0.1790 0.0324 0.0056
[11] 0.0002 0.9880 0.5492

[[17]]
 [1] 0.0470 1.0000 1.0000 1.0000 0.0020 0.0066 0.0536 0.0024 0.0028 0.0022
[11] 0.0292 1.0000 0.3934

[[18]]
 [1] 0.8896 1.0000 1.0000 1.0000 0.2166 0.0416 0.9454 0.3580 0.6640 0.5410
[11] 0.0116 0.9996 0.9932

[[19]]
 [1] 0.1398 1.0000 1.0000 1.0000 0.0026 0.0118 0.0570 0.5404 0.0302 0.0296
[11] 0.0292 0.0100 1.0000

[[20]]
 [1] 0.9328 1.0000 1.0000 1.0000 0.9320 0.9934 0.4294 0.4408 0.1478 0.3570
[11] 0.8384 0.9978 0.9996

