[[1]]
 [1] 1.0000 1.0000 1.0000 1.0000 0.3686 0.2322 0.9532 0.1840 0.1398 0.1118
[11] 0.3722 0.9702

[[2]]
 [1] 1.0000 1.0000 1.0000 0.0086 1.0000 0.0686 0.0144 0.0046 0.0194 0.0018
[11] 0.1846 0.1480

[[3]]
 [1] 1.0000 1.0000 1.0000 0.0140 0.0238 1.0000 0.9124 0.1932 0.6530 0.7652
[11] 0.9842 0.2634

[[4]]
 [1] 1.0000 1.0000 1.0000 0.0020 0.0096 1.0000 0.0532 0.0184 0.0168 0.0008
[11] 0.0340 0.0834

[[5]]
 [1] 1.0000 1.0000 1.0000 0.6862 0.6602 0.9982 1.0000 0.5934 1.0000 0.0334
[11] 1.0000 1.0000

[[6]]
 [1] 1.0000 1.0000 1.0000 0.0084 0.0488 0.0714 1.0000 0.0396 0.0216 0.0058
[11] 0.1250 0.1838

[[7]]
 [1] 1.0000 1.0000 1.0000 0.6836 0.3596 0.9984 1.0000 0.9224 1.0000 0.0532
[11] 1.0000 1.0000

[[8]]
 [1] 1.0000 1.0000 1.0000 0.2138 0.1074 0.3546 0.9084 0.4564 0.1572 0.3062
[11] 0.2922 0.6682

[[9]]
 [1] 1.0000 1.0000 1.0000 0.1194 0.5966 0.6336 0.3282 1.0000 0.1922 0.2320
[11] 0.7126 0.6584

[[10]]
 [1] 1.0000 1.0000 1.0000 0.2258 0.1964 0.3348 0.2770 0.0196 1.0000 0.4256
[11] 0.5486 0.7130

[[11]]
 [1] 1.0000 1.0000 1.0000 0.2126 0.7506 0.6204 0.8984 0.2054 0.4136 1.0000
[11] 0.9566 0.6852

[[12]]
 [1] 1.0000 1.0000 1.0000 0.0174 0.0400 0.7860 0.1548 0.0310 0.0402 1.0000
[11] 0.2156 0.4110

[[13]]
 [1] 1.0000 1.0000 1.0000 0.2090 0.9296 0.5036 0.7384 0.1454 0.3388 0.2662
[11] 0.4208 0.6346

[[14]]
 [1] 1.0000 1.0000 1.0000 0.6844 0.2574 0.9958 1.0000 0.6340 1.0000 0.0294
[11] 0.7474 1.0000

[[15]]
 [1] 1.0000 1.0000 1.0000 0.0140 0.1198 0.8710 0.2462 0.0566 0.2792 0.0450
[11] 1.0000 0.6048

[[16]]
 [1] 1.0000 1.0000 1.0000 0.0028 0.0282 0.1386 0.0098 0.0044 0.0058 0.4574
[11] 1.0000 0.5398

[[17]]
 [1] 1.0000 1.0000 1.0000 0.0040 0.0200 0.0528 0.0312 0.0018 0.0008 0.0004
[11] 1.0000 0.8312

[[18]]
 [1] 1.0000 1.0000 1.0000 0.0090 0.0554 0.1340 0.2486 0.0096 0.1114 0.0010
[11] 1.0000 0.7096

[[19]]
 [1] 1.0000 1.0000 1.0000 0.0160 0.0506 0.3442 0.8264 0.2574 0.0832 0.0002
[11] 0.1098 1.0000

[[20]]
 [1] 1.0000 1.0000 1.0000 0.1408 0.7528 0.3674 0.4176 0.1638 0.3354 0.3090
[11] 0.9734 1.0000

