[[1]]
 [1] 1.0000 1.0000 1.0000 0.6212 1.0000 1.0000 0.9118 0.7404 0.5154 0.4514
[11] 0.6630 0.6200

[[2]]
 [1] 1.0000 1.0000 1.0000 0.4224 0.0056 1.0000 0.0144 0.2748 0.0030 0.0316
[11] 0.1028 0.1480

[[3]]
 [1] 1.0000 1.0000 1.0000 0.9780 0.0144 0.7462 0.3912 0.3464 0.9786 0.9960
[11] 0.9998 0.9768

[[4]]
 [1] 1.0000 1.0000 1.0000 0.5544 0.0036 0.0692 1.0000 0.0478 0.0012 0.0262
[11] 0.0542 0.0420

[[5]]
 [1] 1.0000 1.0000 1.0000 0.6268 0.0236 0.3122 1.0000 0.9988 0.3740 0.4486
[11] 0.5170 0.5608

[[6]]
 [1] 1.0000 1.0000 1.0000 0.5808 0.0068 0.0698 1.0000 0.3684 0.0126 0.1400
[11] 0.8684 0.2740

[[7]]
 [1] 1.0000 1.0000 1.0000 0.6818 0.0804 0.7148 1.0000 0.7000 1.0000 0.3576
[11] 0.8578 0.7042

[[8]]
 [1] 1.0000 1.0000 1.0000 0.7964 0.0324 0.6098 0.3644 0.2158 0.0052 0.0184
[11] 0.2784 0.2402

[[9]]
 [1] 1.0000 1.0000 1.0000 0.8800 0.1262 0.5660 0.3092 0.8020 1.0000 0.4644
[11] 0.5070 0.7976

[[10]]
 [1] 1.0000 1.0000 1.0000 0.7450 0.3478 0.2742 0.3094 0.5690 0.0234 1.0000
[11] 0.5394 0.6366

[[11]]
 [1] 1.0000 1.0000 1.0000 0.6706 1.0000 0.3018 0.9100 0.6122 0.1262 0.5718
[11] 0.7584 0.5302

[[12]]
 [1] 1.0000 1.0000 1.0000 0.7650 0.0366 0.1014 1.0000 0.8234 0.1156 0.1744
[11] 0.9884 0.6088

[[13]]
 [1] 1.0000 1.0000 1.0000 0.7218 0.0656 0.9244 0.5942 0.6592 0.0174 0.6134
[11] 0.5196 0.7266

[[14]]
 [1] 1.0000 1.0000 1.0000 0.6064 0.0182 0.7422 0.9360 0.5876 0.0484 0.3362
[11] 1.0000 0.4384

[[15]]
 [1] 1.0000 1.0000 1.0000 0.5478 0.0062 0.9574 0.0000 0.2210 0.0040 0.0068
[11] 1.0000 0.3118

[[16]]
 [1] 1.0000 1.0000 1.0000 0.2178 0.0018 0.0784 0.0304 0.0496 0.0008 0.0194
[11] 0.0966 0.0564

[[17]]
 [1] 1.0000 1.0000 1.0000 0.7650 0.0034 0.0970 0.0018 0.0428 0.0010 0.0124
[11] 0.3702 0.1012

[[18]]
 [1] 1.0000 1.0000 1.0000 0.4456 0.0066 0.1588 0.0710 0.7496 0.0080 0.0186
[11] 0.0992 0.9926

[[19]]
 [1] 1.0000 1.0000 1.0000 0.9298 0.4964 0.0484 1.0000 0.1236 0.2606 0.9858
[11] 0.1770 0.2012

[[20]]
 [1] 1.0000 1.0000 1.0000 0.6590 1.0000 0.7062 1.0000 0.6214 0.1602 1.0000
[11] 0.8198 0.6456

