[[1]]
                       Prob         Low          Med         Up          Mean
per03           1.000000000 -1.35866966  0.061131888 1.54523525  6.817419e-02
per04           1.000000000 -1.62133722 -0.146616583 1.31573238 -1.586427e-01
per05           1.000000000 -1.82014539 -0.336996643 1.21325700 -3.306200e-01
per06           1.000000000 -1.20651283  0.329072154 1.83797269  3.112770e-01
per07           1.000000000 -0.53408265  1.011756270 2.56350659  1.016681e+00
per08           1.000000000 -1.40732034  0.137108842 1.74313467  1.327657e-01
cc2             1.000000000 -1.02112019  0.652981806 2.38657084  6.772037e-01
cc3             1.000000000 -1.88908470 -0.167418571 1.65640868 -1.512876e-01
cc4             1.000000000 -2.47107622 -0.632217286 1.10433987 -6.530074e-01
cc5             1.000000000 -2.31466312 -0.603670178 1.05926964 -6.147021e-01
cc6             1.000000000 -1.37825331  0.439556468 2.20789220  4.731890e-01
cc7             1.000000000 -0.67635350  1.037486282 2.78679980  1.032743e+00
cc8             1.000000000 -0.88320635  0.991511279 2.78114813  9.984973e-01
cc9             1.000000000 -2.53028614 -0.796483494 0.90206251 -7.987365e-01
cc10            1.000000000 -2.04369075 -0.167371121 1.84435353 -1.607274e-01
cc11            1.000000000 -2.27364848 -0.601839351 1.09939808 -5.938403e-01
1               0.621300000 -1.55376472  0.000000000 1.89586914  9.909466e-02
lcentralization 1.000000000  0.78518745  0.859577542 0.92365023  8.584957e-01
lwarfare        0.794611111 -0.26548351  0.123250664 0.80408434  1.916151e-01
larea           1.000000000  0.67678419  1.257530423 1.87082295  1.262049e+00
lpopulation     0.009400000  0.00000000  0.000000000 0.00000000 -2.565423e-03
ldepend15       0.003077778  0.00000000  0.000000000 0.00000000 -1.466381e-05
ldepend64       0.898066667 -1.25226518 -0.363128998 1.14234545 -2.514637e-01
lurban          0.904222222 -0.39320606  0.000000000 0.22477403 -2.552764e-02
lpop_growth     0.733033333 -2.09645878 -0.598272378 0.04862394 -7.035106e-01
ltrade          0.515933333  0.00000000  0.004207116 0.10639040  2.922707e-02
lgini_gross     0.008144444  0.00000000  0.000000000 0.00000000 -9.959492e-05
ldebt           0.002533333  0.00000000  0.000000000 0.00000000 -2.889711e-05
lfdi_liab       0.451855556 -0.95562551  0.000000000 0.29116261 -1.423162e-01
linflation      0.639788889 -0.07818466 -0.023734335 0.00000000 -2.495565e-02
ldemocracy      0.003266667  0.00000000  0.000000000 0.00000000  4.360082e-04
lpol_comp       0.628511111 -0.45795313  0.000000000 0.73609571  6.765595e-02
lpresidential   0.055677778  0.00000000  0.000000000 0.43507296  1.189925e-02
lplurality      0.597377778 -1.26796572  0.000000000 1.81819310  1.420236e-01
lpol_rights     0.624911111 -0.56489667  0.000000000 1.23262042  2.560549e-01
lgdp_pc         0.000000000  0.00000000  0.000000000 0.00000000  0.000000e+00
                          SD     CondMean     CondSD
per03           0.7424393799  0.068201533 0.74243938
per04           0.7547994162 -0.154904595 0.75479942
per05           0.7669079952 -0.320524428 0.76690800
per06           0.7635321997  0.331483810 0.76353220
per07           0.7917670127  1.022212530 0.79176701
per08           0.8010317258  0.144705125 0.80103173
cc2             0.8822191934  0.660165070 0.88221919
cc3             0.9019729924 -0.151814940 0.90197299
cc4             0.9170237525 -0.639053451 0.91702375
cc5             0.8666924060 -0.616983860 0.86669241
cc6             0.9250149115  0.443575794 0.92501491
cc7             0.8802061258  1.032036672 0.88020613
cc8             0.9414576401  0.976501604 0.94145764
cc9             0.8759966149 -0.797501438 0.87599661
cc10            0.9863734838 -0.145358089 0.98637348
cc11            0.8676085561 -0.598237408 0.86760856
1               0.7797925052  0.161363150 0.98444235
lcentralization 0.0354343575  0.858330974 0.03543436
lwarfare        0.2802059822  0.241946794 0.29544098
larea           0.3000624377  1.263620162 0.30006244
lpopulation     0.0375929956 -0.240683886 0.30285407
ldepend15       0.0016706899 -0.011432993 0.02444050
ldepend64       0.6719746205 -0.280446612 0.70337086
lurban          0.1737750609 -0.028321714 0.18269922
lpop_growth     0.6771652946 -0.949154081 0.62083776
ltrade          0.0350011521  0.056724556 0.02859209
lgini_gross     0.0056079342 -0.008672736 0.06055432
ldebt           0.0008900592 -0.013385633 0.00956433
lfdi_liab       0.3062901164 -0.323530885 0.38785315
linflation      0.0250295407 -0.038927532 0.02081502
ldemocracy      0.0152193317  0.184597497 0.16880634
lpol_comp       0.2722055155  0.107858264 0.33637139
lpresidential   0.1948477888  0.220650358 0.75391804
lplurality      0.7090059280  0.249343586 0.89977521
lpol_rights     0.4477030773  0.419681670 0.50633466
lgdp_pc         0.0000000000          NaN         NA

[[2]]
                        Prob          Low         Med          Up          Mean
per03           1.000000e+00 -0.466283357  0.08248161 0.662495896  8.520203e-02
per04           1.000000e+00 -0.503758033  0.08290839 0.672010671  8.546598e-02
per05           1.000000e+00 -0.921111741 -0.34989619 0.215894524 -3.474666e-01
per06           1.000000e+00 -1.012577263 -0.42022815 0.166126252 -4.191581e-01
per07           1.000000e+00 -1.288895536 -0.57541856 0.092074878 -5.788523e-01
per08           1.000000e+00 -1.079820513 -0.30963981 0.385517406 -3.191117e-01
cc2             1.000000e+00 -1.193830601 -0.34592381 0.455247140 -3.498861e-01
cc3             1.000000e+00 -0.971434966 -0.06364438 0.790184018 -6.420943e-02
cc4             1.000000e+00 -0.621507483  0.20500333 1.035014037  2.090589e-01
cc5             1.000000e+00 -0.872227982 -0.08420337 0.634080212 -8.238049e-02
cc6             1.000000e+00 -0.193828952  0.70031011 1.618142988  6.976300e-01
cc7             1.000000e+00 -0.465667234  0.13278689 0.718688100  1.383744e-01
cc8             1.000000e+00 -1.991217073 -0.85432026 0.290164874 -8.492623e-01
cc9             1.000000e+00  0.201120758  1.21222253 2.155806632  1.202480e+00
cc10            1.000000e+00 -0.623590992  0.26643680 1.067565042  2.678233e-01
cc11            1.000000e+00 -1.460046400 -0.48103000 0.460105989 -4.873284e-01
1               4.193222e-01 -0.493012716  0.00000000 0.838932225  8.053437e-02
lcentralization 5.944444e-03  0.000000000  0.00000000 0.000000000 -1.933485e-05
lwarfare        1.000000e+00  0.559738625  0.72327707 0.890640813  7.238544e-01
larea           8.400000e-03  0.000000000  0.00000000 0.000000000  5.981982e-05
lpopulation     1.415556e-02  0.000000000  0.00000000 0.000000000 -1.844005e-04
ldepend15       0.000000e+00  0.000000000  0.00000000 0.000000000  0.000000e+00
ldepend64       1.292222e-02  0.000000000  0.00000000 0.000000000  3.888103e-04
lurban          1.284444e-02  0.000000000  0.00000000 0.000000000  1.821798e-05
lpop_growth     2.714778e-01 -0.003847120  0.00000000 0.334909992  4.175792e-02
ltrade          2.733333e-03  0.000000000  0.00000000 0.000000000 -5.749735e-07
lgini_gross     2.313333e-02  0.000000000  0.00000000 0.000000000  3.007388e-04
ldebt           6.666667e-05  0.000000000  0.00000000 0.000000000  4.382153e-08
lfdi_liab       2.667778e-02  0.000000000  0.00000000 0.000000000 -1.866392e-04
linflation      5.761111e-02 -0.002814152  0.00000000 0.001265361 -5.795022e-05
ldemocracy      5.555556e-04  0.000000000  0.00000000 0.000000000 -1.053756e-05
lpol_comp       6.111111e-04  0.000000000  0.00000000 0.000000000 -2.567474e-05
lpresidential   4.266667e-03  0.000000000  0.00000000 0.000000000  1.905080e-03
lplurality      9.132222e-02 -0.171153603  0.00000000 0.457586606  1.218862e-02
lpol_rights     1.430333e-01 -0.022835884  0.00000000 0.158734069  9.598721e-03
lgdp_pc         0.000000e+00  0.000000000  0.00000000 0.000000000  0.000000e+00
                          SD      CondMean      CondSD
per03           0.2904493020  0.0837165431 0.290449302
per04           0.3007975680  0.0812867312 0.300797568
per05           0.2876617053 -0.3520087871 0.287661705
per06           0.3019950833 -0.4203115916 0.301995083
per07           0.3480035503 -0.5816024847 0.348003550
per08           0.3700802535 -0.3201883061 0.370080253
cc2             0.4157694572 -0.3543490469 0.415769457
cc3             0.4474718360 -0.0703323486 0.447471836
cc4             0.4167477606  0.2042771708 0.416747761
cc5             0.3790256035 -0.0939314923 0.379025604
cc6             0.4597934845  0.7000933537 0.459793484
cc7             0.3058475963  0.1332146422 0.305847596
cc8             0.5817316780 -0.8536504171 0.581731678
cc9             0.5036732759  1.2029497674 0.503673276
cc10            0.4290536962  0.2617993502 0.429053696
cc11            0.4849330242 -0.4923300635 0.484933024
1               0.3159014542  0.1938698022 0.463248385
lcentralization 0.0005920623 -0.0024356750 0.007667048
lwarfare        0.0846287886  0.7231002859 0.084628789
larea           0.0048553585 -0.0006808139 0.051748581
lpopulation     0.0089161614 -0.0116553636 0.077316790
ldepend15       0.0000000000           NaN          NA
ldepend64       0.0073367156  0.0261289276 0.058784923
lurban          0.0017843083  0.0028270386 0.015902484
lpop_growth     0.0979789514  0.1587845359 0.129054452
ltrade          0.0002021439 -0.0011411813 0.003633122
lgini_gross     0.0031361000  0.0125091114 0.016987762
ldebt           0.0000000000           NaN          NA
lfdi_liab       0.0128455550  0.0045996551 0.083484428
linflation      0.0016015983 -0.0010148565 0.006146201
ldemocracy      0.0018692703 -0.0457582819 0.041859078
lpol_comp       0.0013289299 -0.0939695309          NA
lpresidential   0.0348231855  0.2822416789 0.617061035
lplurality      0.1787376214  0.1227141414 0.550733885
lpol_rights     0.0433538895  0.0664752924 0.094574400
lgdp_pc         0.0000000000           NaN          NA

[[3]]
                       Prob          Low          Med           Up
per03           1.000000000 -0.334752496  0.027759680  0.419396077
per04           1.000000000 -0.291941247  0.101930695  0.556674511
per05           1.000000000 -0.460104500 -0.001836235  0.563731788
per06           1.000000000 -0.918888854 -0.352584092  0.356426403
per07           1.000000000 -0.852008715 -0.176700248  0.580886652
per08           1.000000000 -1.141806832 -0.436190832  0.333544421
cc2             1.000000000 -3.709449614 -2.774646277 -1.741580525
cc3             1.000000000 -0.415874783  1.125369535  2.553094757
cc4             1.000000000 -2.649680140 -1.954474652 -0.701828016
cc5             1.000000000 -1.454091004 -0.337871405  0.482164110
cc6             1.000000000  0.584189888  1.752445784  2.865135271
cc7             1.000000000 -2.385444356 -1.870011043 -1.210650824
cc8             1.000000000  0.907428877  2.448306155  3.661311266
cc9             1.000000000 -2.715792691 -1.867789572 -0.999975392
cc10            1.000000000 -3.828591030 -1.677007634  0.124193154
cc11            1.000000000 -2.206676931 -1.261953641 -0.019039418
1               0.980133333  0.000000000  2.999927935  4.843158652
lcentralization 0.014133333  0.000000000  0.000000000  0.000000000
lwarfare        0.748055556  0.000000000  0.140563731  0.278645307
larea           0.005677778  0.000000000  0.000000000  0.000000000
lpopulation     0.006488889  0.000000000  0.000000000  0.000000000
ldepend15       0.390500000  0.000000000  0.000000000  0.055675394
ldepend64       0.005722222  0.000000000  0.000000000  0.000000000
lurban          0.005155556  0.000000000  0.000000000  0.000000000
lpop_growth     0.342444444 -0.261666637  0.000000000  0.000000000
ltrade          0.978944444 -0.021827385 -0.015987628 -0.005616426
lgini_gross     0.007800000  0.000000000  0.000000000  0.000000000
ldebt           0.735788889 -0.010377374  0.000000000  0.006372030
lfdi_liab       0.995677778  0.227557086  0.433799394  0.677733534
linflation      0.993466667  0.004694124  0.014911258  0.023714340
ldemocracy      0.990233333 -0.306046526 -0.156087601 -0.006251856
lpol_comp       0.999722222  0.381523679  0.716213572  1.023328307
lpresidential   0.036200000  0.000000000  0.000000000  0.000000000
lplurality      0.995333333  0.061989823  1.836426486  3.341925893
lpol_rights     0.976822222  0.000000000  0.579827797  0.878102933
lgdp_pc         0.000000000  0.000000000  0.000000000  0.000000000
                         Mean          SD      CondMean      CondSD
per03            2.964645e-02 0.189884524  0.0308420030 0.189884524
per04            1.095963e-01 0.215253239  0.1097156000 0.215253239
per05            5.443001e-03 0.258640339  0.0083072163 0.258640339
per06           -3.338504e-01 0.324212829 -0.3370924042 0.324212829
per07           -1.623668e-01 0.361127588 -0.1667113399 0.361127588
per08           -4.275384e-01 0.371267059 -0.4308362930 0.371267059
cc2             -2.756444e+00 0.510436679 -2.7641138092 0.510436679
cc3              1.108345e+00 0.756910820  1.1002342507 0.756910820
cc4             -1.874270e+00 0.500512787 -1.8774365624 0.500512787
cc5             -3.746888e-01 0.494834361 -0.3796176263 0.494834361
cc6              1.743302e+00 0.597060359  1.7429047871 0.597060359
cc7             -1.851884e+00 0.307951900 -1.8528430767 0.307951900
cc8              2.398125e+00 0.695651931  2.3952242697 0.695651931
cc9             -1.872184e+00 0.430666675 -1.8654893804 0.430666675
cc10            -1.692934e+00 1.002736765 -1.7039528063 1.002736765
cc11            -1.228260e+00 0.536617028 -1.2292899230 0.536617028
1                2.887366e+00 1.129856855  2.9602510846 1.054737643
lcentralization -1.045757e-04 0.001340869 -0.0066598204 0.009069682
lwarfare         1.239637e-01 0.089518206  0.1656444171 0.061434283
larea            4.201099e-03 0.056010458  0.7290521234 0.113094171
lpopulation      3.385313e-03 0.045672435  0.5184021086 0.153321445
ldepend15        1.234321e-02 0.018187323  0.0314329822 0.015620192
ldepend64        5.603874e-04 0.008101981  0.0880141760 0.038276775
lurban           1.201023e-04 0.001818180  0.0221259195 0.011399964
lpop_growth     -4.585416e-02 0.081456527 -0.1337265688 0.086411347
ltrade          -1.567340e-02 0.003888550 -0.0159783282 0.003160200
lgini_gross     -4.863497e-06 0.001320477 -0.0008085297 0.014383097
ldebt           -1.062216e-03 0.003961510 -0.0015174600 0.004520247
lfdi_liab        4.375151e-01 0.115559049  0.4392910436 0.112087710
linflation       1.486672e-02 0.004705946  0.0148968780 0.004585595
ldemocracy      -1.580918e-01 0.074081867 -0.1586556697 0.072771685
lpol_comp        7.151538e-01 0.164515710  0.7147681498 0.163926365
lpresidential   -4.289310e-03 0.075254814 -0.1595621311 0.379170873
lplurality       1.820212e+00 0.812208572  1.8214689680 0.802013066
lpol_rights      5.590026e-01 0.188812063  0.5738804137 0.169866622
lgdp_pc          0.000000e+00 0.000000000           NaN          NA

[[4]]
                        Prob          Low          Med          Up
per03           1.000000e+00 -0.156988899  0.005188112 0.169234490
per04           1.000000e+00 -0.167054908 -0.003249693 0.164273624
per05           1.000000e+00 -0.166245514 -0.008144420 0.150044300
per06           1.000000e+00 -0.196125009 -0.020429397 0.154914363
per07           1.000000e+00 -0.237614734 -0.023303897 0.182692061
per08           1.000000e+00 -0.239610546 -0.017408551 0.204859390
cc2             1.000000e+00 -0.379357331 -0.003774074 0.371553477
cc3             1.000000e+00 -0.443281903 -0.009318233 0.429995173
cc4             1.000000e+00 -0.419265231 -0.058514626 0.299799903
cc5             1.000000e+00 -0.166444498  0.055617903 0.289005274
cc6             1.000000e+00 -0.285855067  0.009278939 0.322640750
cc7             1.000000e+00 -0.247795342 -0.014489426 0.207478714
cc8             1.000000e+00 -0.294973557  0.046140043 0.398653697
cc9             1.000000e+00 -0.230400155  0.036981383 0.328190696
cc10            1.000000e+00 -0.315188901  0.049052663 0.428103465
cc11            1.000000e+00 -0.365621610 -0.017360833 0.347615930
1               5.527778e-01 -1.479317081  0.000000000 1.640934842
lcentralization 3.811111e-03  0.000000000  0.000000000 0.000000000
lwarfare        6.888889e-04  0.000000000  0.000000000 0.000000000
larea           6.950000e-02 -0.022125943  0.000000000 0.034912039
lpopulation     1.000000e+00  0.894927015  1.004707824 1.110246590
ldepend15       1.055556e-03  0.000000000  0.000000000 0.000000000
ldepend64       2.755556e-03  0.000000000  0.000000000 0.000000000
lurban          6.777778e-04  0.000000000  0.000000000 0.000000000
lpop_growth     4.942222e-02  0.000000000  0.000000000 0.009842426
ltrade          1.377778e-03  0.000000000  0.000000000 0.000000000
lgini_gross     1.833333e-02  0.000000000  0.000000000 0.000000000
ldebt           1.111111e-05  0.000000000  0.000000000 0.000000000
lfdi_liab       2.181111e-02  0.000000000  0.000000000 0.000000000
linflation      2.222222e-05  0.000000000  0.000000000 0.000000000
ldemocracy      4.766667e-02  0.000000000  0.000000000 0.000000000
lpol_comp       4.907778e-02 -0.003833181  0.000000000 0.000000000
lpresidential   1.111111e-03  0.000000000  0.000000000 0.000000000
lplurality      5.228889e-02 -0.028979806  0.000000000 0.013828765
lpol_rights     4.574444e-02  0.000000000  0.000000000 0.000000000
lgdp_pc         0.000000e+00  0.000000000  0.000000000 0.000000000
                         Mean           SD      CondMean      CondSD
per03            5.333406e-03 8.066608e-02  5.056578e-03 0.080666079
per04           -3.381712e-03 8.395132e-02 -2.934883e-03 0.083951315
per05           -7.710224e-03 8.139967e-02 -7.863909e-03 0.081399673
per06           -2.032393e-02 8.942653e-02 -2.039632e-02 0.089426527
per07           -2.635160e-02 1.060041e-01 -2.594118e-02 0.106004111
per08           -1.793406e-02 1.129293e-01 -1.851225e-02 0.112929257
cc2             -7.618034e-03 1.794841e-01 -5.979692e-03 0.179484096
cc3             -2.983569e-03 2.383939e-01 -3.717064e-03 0.238393936
cc4             -5.561415e-02 1.858449e-01 -5.827501e-02 0.185844928
cc5              5.507281e-02 1.176269e-01  5.534425e-02 0.117626905
cc6              1.456140e-02 1.513822e-01  1.218389e-02 0.151382188
cc7             -1.619980e-02 1.149686e-01 -1.537077e-02 0.114968608
cc8              4.589762e-02 1.779021e-01  4.509877e-02 0.177902098
cc9              4.221568e-02 1.452633e-01  4.000105e-02 0.145263316
cc10             5.103640e-02 2.094296e-01  5.179605e-02 0.209429579
cc11            -1.404313e-02 1.774267e-01 -1.445943e-02 0.177426717
1                4.382222e-02 6.913081e-01  6.747468e-02 0.927434438
lcentralization -2.506454e-06 1.508549e-04 -8.295294e-04 0.002442536
lwarfare         3.343945e-06 8.039672e-04  1.746183e-03 0.028354628
larea            3.519546e-04 2.161614e-02  5.206758e-03 0.082129089
lpopulation      1.001818e+00 4.839003e-02  1.002416e+00 0.048390030
ldepend15        1.950093e-06 2.895734e-04  7.365584e-03 0.008212716
ldepend64        2.643661e-06 3.779794e-04  2.045190e-04 0.008448315
lurban          -3.718484e-07 2.043567e-04  4.935144e-03 0.004666641
lpop_growth      7.781841e-04 7.898479e-03  1.140839e-02 0.034437141
ltrade           4.609488e-07 4.071287e-05  3.980820e-07 0.001287325
lgini_gross      1.307746e-05 9.095178e-04  9.885253e-04 0.006420996
ldebt            3.403212e-09 0.000000e+00           NaN          NA
lfdi_liab        2.825588e-04 5.833628e-03  7.444498e-03 0.038807914
linflation       2.299520e-08 0.000000e+00           NaN          NA
ldemocracy      -1.183017e-04 7.193567e-03 -2.152068e-03 0.033325486
lpol_comp       -1.125880e-04 1.719127e-02 -4.502449e-03 0.078335654
lpresidential   -2.996396e-05 5.980913e-03 -9.103312e-02 0.160722342
lplurality       2.813075e-03 1.478402e-01  3.594703e-02 0.644826118
lpol_rights     -1.505504e-04 1.109127e-02 -9.513517e-03 0.053434678
lgdp_pc          0.000000e+00 0.000000e+00           NaN          NA

[[5]]
                       Prob          Low         Med          Up          Mean
per03           1.000000000 -1.189341565 -0.11203315  1.08658935 -0.0970810982
per04           1.000000000 -1.197771518 -0.10729099  1.05983683 -0.0929788871
per05           1.000000000 -0.683168374  0.52313573  1.63698636  0.5210188586
per06           1.000000000 -0.508460563  0.65162238  1.81877164  0.6400861194
per07           1.000000000 -0.837806300  0.40485494  1.60477159  0.3923498855
per08           1.000000000 -1.658023530 -0.28174819  1.02829808 -0.2836167006
cc2             1.000000000  1.132360537  2.76777831  4.30094425  2.7467303420
cc3             1.000000000 -2.304245114 -0.83805721  0.74106343 -0.8297233329
cc4             1.000000000 -0.687717558  0.70812871  2.16258068  0.7273259039
cc5             1.000000000 -1.871990230 -0.26055212  1.17698424 -0.2713813790
cc6             1.000000000 -3.049054671 -1.43173283  0.14685691 -1.4317659529
cc7             1.000000000 -1.213922553  0.17007421  1.44847213  0.1439744129
cc8             1.000000000 -0.508753111  1.28357056  3.04513233  1.2774281665
cc9             1.000000000  0.091119228  1.72801250  3.25398939  1.7029882609
cc10            1.000000000 -2.695765184 -0.90116610  1.09067790 -0.8813844885
cc11            1.000000000 -4.446224946 -2.92954884 -1.25552698 -2.9056140313
1               0.626044444 -1.461682467  0.00000000  1.94674322  0.1600442210
lcentralization 0.023711111  0.000000000  0.00000000  0.00000000  0.0004282970
lwarfare        0.313588889 -0.065002304  0.00000000  0.48522497  0.0639059587
larea           0.005088889  0.000000000  0.00000000  0.00000000 -0.0003056831
lpopulation     0.019333333  0.000000000  0.00000000  0.00000000 -0.0010904213
ldepend15       1.000000000  0.789299959  0.85352600  0.89964916  0.8508363952
ldepend64       0.928188889 -0.083899527  0.17891431  2.63045028  0.6877540954
lurban          0.925544444 -0.645712931 -0.03742732  0.03074768 -0.1673199343
lpop_growth     0.998533333  0.987263539  1.60914719  2.25166690  1.6106003564
ltrade          0.372733333  0.000000000  0.00000000  0.11289721  0.0262667476
lgini_gross     0.417422222 -0.004081471  0.00000000  0.13419411  0.0280086023
ldebt           0.371600000 -0.002719047  0.00000000  0.03739569  0.0064793911
lfdi_liab       0.391966667 -0.432421413  0.00000000  0.50596309  0.0044425021
linflation      0.456266667  0.000000000  0.00000000  0.09423556  0.0182540710
ldemocracy      0.025800000  0.000000000  0.00000000  0.00000000  0.0015938677
lpol_comp       0.028733333  0.000000000  0.00000000  0.00000000  0.0017004741
lpresidential   0.475255556 -1.671871198  0.00000000  0.75920378 -0.2036918085
lplurality      0.043577778  0.000000000  0.00000000  0.58427431  0.0325487030
lpol_rights     0.566622222 -0.987712820  0.00000000  0.17948291 -0.1925080068
lgdp_pc         0.000000000  0.000000000  0.00000000  0.00000000  0.0000000000
                         SD    CondMean     CondSD
per03           0.574775003 -0.10315716 0.57477500
per04           0.574856287 -0.09206415 0.57485629
per05           0.586225626  0.51289478 0.58622563
per06           0.591078314  0.64761181 0.59107831
per07           0.624921593  0.39405799 0.62492159
per08           0.674048679 -0.28738112 0.67404868
cc2             0.805970291  2.74536896 0.80597029
cc3             0.775487568 -0.82527156 0.77548757
cc4             0.718124059  0.71212087 0.71812406
cc5             0.778786913 -0.28162521 0.77878691
cc6             0.816306881 -1.43395537 0.81630688
cc7             0.686859009  0.15188788 0.68685901
cc8             0.896559982  1.27592011 0.89655998
cc9             0.787022090  1.70894705 0.78702209
cc10            0.970840186 -0.87560362 0.97084019
cc11            0.814158052 -2.90348862 0.81415805
1               0.778944682  0.27111190 0.96989461
lcentralization 0.004973574  0.01743495 0.02752382
lwarfare        0.147575093  0.20399660 0.20284909
larea           0.014395290 -0.12171204 0.15666001
lpopulation     0.020756055 -0.05464597 0.14955793
ldepend15       0.027961158  0.85093375 0.02796116
ldepend64       0.888581233  0.74005101 0.90070050
lurban          0.223268010 -0.17995375 0.22658153
lpop_growth     0.330567562  1.60958735 0.32603171
ltrade          0.039716625  0.07014775 0.03372057
lgini_gross     0.044666555  0.06661666 0.04668158
ldebt           0.011766551  0.01737512 0.01352909
lfdi_liab       0.192020965  0.01294426 0.30471407
linflation      0.027651850  0.03962657 0.02859366
ldemocracy      0.017016707  0.06105748 0.08846665
lpol_comp       0.024286696  0.05917857 0.13112875
lpresidential   0.559339044 -0.44130327 0.74615763
lplurality      0.233930627  0.79166444 0.83276856
lpol_rights     0.306968108 -0.34222610 0.34146189
lgdp_pc         0.000000000         NaN         NA

[[6]]
                        Prob         Low          Med          Up          Mean
per03           1.0000000000 -0.60339101 -0.275937236  0.06851522 -2.760622e-01
per04           1.0000000000 -1.04058457 -0.652381694 -0.24921175 -6.502387e-01
per05           1.0000000000 -0.72234389 -0.294268787  0.15460080 -2.962784e-01
per06           1.0000000000 -0.83493679 -0.300103477  0.23338161 -3.021105e-01
per07           1.0000000000 -1.01061606 -0.403494454  0.22152566 -4.033597e-01
per08           1.0000000000 -1.01156359 -0.373323701  0.27021038 -3.768204e-01
cc2             1.0000000000 -0.06568641  0.835446684  1.70599237  8.264708e-01
cc3             1.0000000000 -1.28262851 -0.235817782  0.79977252 -2.424662e-01
cc4             1.0000000000 -0.03945986  0.801791320  1.62837570  7.959194e-01
cc5             1.0000000000 -0.68800091  0.008905686  0.71132536  8.703845e-03
cc6             1.0000000000 -1.46066702 -0.526678670  0.38207157 -5.431121e-01
cc7             1.0000000000 -0.50572702 -0.011840272  0.48171711 -1.240226e-02
cc8             1.0000000000 -0.49087057  0.674119477  1.79910312  6.724430e-01
cc9             1.0000000000 -0.40819554  0.458742250  1.36544749  4.580888e-01
cc10            1.0000000000 -0.81846397  0.551494211  2.03576400  5.623447e-01
cc11            1.0000000000 -0.70899064  0.217244428  1.13466652  2.155297e-01
1               0.5767666667 -1.33916314  0.000000000  1.82401369  1.617909e-01
lcentralization 0.0070555556  0.00000000  0.000000000  0.00000000  1.299386e-05
lwarfare        0.0652000000 -0.02084665  0.000000000  0.02033355 -1.519142e-04
larea           0.0002000000  0.00000000  0.000000000  0.00000000 -2.835977e-05
lpopulation     0.9376777778 -0.09957413  0.085661267  0.29280580  8.899274e-02
ldepend15       0.9985666667 -0.05611644 -0.036225618 -0.01544695 -3.616166e-02
ldepend64       1.0000000000  0.89521327  0.988396453  1.08679804  9.893990e-01
lurban          0.9140555556 -0.03513851 -0.005287675  0.02161217 -6.509143e-03
lpop_growth     0.3748444444 -0.18971074  0.000000000  0.02556991 -3.049846e-02
ltrade          0.0113666667  0.00000000  0.000000000  0.00000000  5.186555e-05
lgini_gross     0.1366111111 -0.01043370  0.000000000  0.01520885  2.574732e-04
ldebt           0.0027555556  0.00000000  0.000000000  0.00000000  1.953467e-06
lfdi_liab       0.0131222222  0.00000000  0.000000000  0.00000000 -3.358957e-04
linflation      0.0007666667  0.00000000  0.000000000  0.00000000 -1.624163e-06
ldemocracy      0.8621888889 -0.30760603 -0.164277915  0.00000000 -1.525303e-01
lpol_comp       0.8633000000  0.00000000  0.359741028  0.67593325  3.320363e-01
lpresidential   0.8106444444 -1.00886454 -0.276718631  0.24775211 -2.999666e-01
lplurality      0.0271777778  0.00000000  0.000000000  0.00000000  6.847076e-03
lpol_rights     0.2740000000 -0.23560420  0.000000000  0.14424833 -1.431286e-02
lgdp_pc         0.0000000000  0.00000000  0.000000000  0.00000000  0.000000e+00
                          SD     CondMean      CondSD
per03           0.1722460036 -0.272607065 0.172246004
per04           0.2032477620 -0.649207540 0.203247762
per05           0.2240806669 -0.291204236 0.224080667
per06           0.2717229048 -0.299066330 0.271722905
per07           0.3182388747 -0.398685693 0.318238875
per08           0.3303414353 -0.374229564 0.330341435
cc2             0.4536657182  0.833040542 0.453665718
cc3             0.5368471805 -0.243699673 0.536847181
cc4             0.4247986230  0.797584685 0.424798623
cc5             0.3578178091  0.011727806 0.357817809
cc6             0.4688024755 -0.534033073 0.468802475
cc7             0.2538334099 -0.014612054 0.253833410
cc8             0.5759342857  0.679415228 0.575934286
cc9             0.4479266162  0.464468828 0.447926616
cc10            0.7321254976  0.560606029 0.732125498
cc11            0.4728559786  0.218359803 0.472855979
1               0.7336484218  0.255597171 0.948398578
lcentralization 0.0006305711  0.001710348 0.007565709
lwarfare        0.0146826165 -0.001152069 0.055637623
larea           0.0000000000          NaN          NA
lpopulation     0.1006262469  0.095183046 0.101201340
ldepend15       0.0104042923 -0.036159758 0.010346492
ldepend64       0.0499043386  0.989555556 0.049904339
lurban          0.0142867826 -0.007045015 0.014795159
lpop_growth     0.0590905284 -0.082415759 0.072033713
ltrade          0.0007945656  0.004316200 0.005675592
lgini_gross     0.0053559739  0.001874785 0.014217183
ldebt           0.0001189507  0.001520476 0.001978442
lfdi_liab       0.0119034734 -0.016585252 0.099951897
linflation      0.0001631067 -0.004945848 0.003426612
ldemocracy      0.0878183134 -0.176156381 0.068774510
lpol_comp       0.1960467111  0.383262778 0.157267985
lpresidential   0.3346119552 -0.377162836 0.333262299
lplurality      0.1135428769  0.194656260 0.677173727
lpol_rights     0.0772503847 -0.049614411 0.141431158
lgdp_pc         0.0000000000          NaN          NA

[[7]]
                      Prob        Low         Med         Up          Mean
per03           1.00000000 -1.7202183  0.07557134 1.91076531  0.0876696665
per04           1.00000000 -1.5341508  0.31068974 2.15190124  0.3226991259
per05           1.00000000 -1.5030221  0.29306835 2.17554411  0.2914720022
per06           1.00000000 -2.0977794 -0.22566606 1.58846544 -0.2310024480
per07           1.00000000 -2.3437438 -0.48195372 1.46847948 -0.4916205935
per08           1.00000000 -2.0393125 -0.17658289 1.73938029 -0.1815155626
cc2             1.00000000 -2.4279153 -0.29607514 1.85791251 -0.3134386213
cc3             1.00000000 -1.9991126 -0.02847024 1.89546561 -0.0417340401
cc4             1.00000000 -1.5968670  0.37029693 2.35046419  0.3764235354
cc5             1.00000000 -1.4410127  0.38159573 2.32003842  0.4101925727
cc6             1.00000000 -1.8667771  0.22175534 2.19332453  0.2379816420
cc7             1.00000000 -2.1625775 -0.27190584 1.61189600 -0.2795187361
cc8             1.00000000 -2.8839961 -0.75305181 1.33530023 -0.8058949769
cc9             1.00000000 -1.8449189  0.18968186 2.17071952  0.1748385117
cc10            1.00000000 -1.5853573  0.40690072 2.40495903  0.4213297196
cc11            1.00000000 -2.9069647 -0.71009326 1.50635964 -0.7165348348
1               0.67685556 -1.6723257  0.00000000 1.85394385  0.0597098909
lcentralization 0.08187778  0.0000000  0.00000000 0.09409741  0.0047159637
lwarfare        0.54330000 -0.7037505  0.00000000 1.02857683  0.0445245562
larea           0.65425556 -0.4358411  0.20730222 1.42359578  0.3551478784
lpopulation     0.03087778  0.0000000  0.00000000 0.00000000  0.0031424062
ldepend15       0.01417778  0.0000000  0.00000000 0.00000000 -0.0002771838
ldepend64       1.00000000  3.1062493  3.80549495 4.43817580  3.7973005455
lurban          0.02318889  0.0000000  0.00000000 0.00000000  0.0029829619
lpop_growth     0.70560000 -1.0228191  0.14992530 2.21229147  0.4526081504
ltrade          1.00000000  0.1412977  0.18292830 0.22265853  0.1828920336
lgini_gross     0.35741111 -0.3373229  0.00000000 0.08152768 -0.0417284497
ldebt           0.01378889  0.0000000  0.00000000 0.00000000 -0.0002415216
lfdi_liab       0.03900000  0.0000000  0.00000000 0.00000000  0.0088348674
linflation      0.78242222 -0.1093379  0.00000000 0.16114951  0.0174012784
ldemocracy      0.80390000 -1.2134254 -0.03547173 0.96341401 -0.1866936736
lpol_comp       0.81373333 -0.7326456  0.63117768 2.22767859  0.6728274840
lpresidential   0.73728889 -1.1269512  0.12040196 2.28928509  0.4206689610
lplurality      0.72881111 -1.7573975  0.00000000 1.93974892  0.0664585755
lpol_rights     0.70577778 -1.9279241  0.00000000 1.30855263 -0.2065266604
lgdp_pc         0.00000000  0.0000000  0.00000000 0.00000000  0.0000000000
                         SD    CondMean     CondSD
per03           0.935730794  0.08042887 0.93573079
per04           0.942721820  0.32010653 0.94272182
per05           0.937113676  0.29231086 0.93711368
per06           0.933754324 -0.23678569 0.93375432
per07           0.972622855 -0.46460474 0.97262285
per08           0.968583140 -0.17581338 0.96858314
cc2             1.094358931 -0.31593239 1.09435893
cc3             0.991164426 -0.03436633 0.99116443
cc4             0.996223999  0.36618092 0.99622400
cc5             0.983105501  0.39217552 0.98310550
cc6             1.022483378  0.21262221 1.02248338
cc7             0.974467178 -0.28374903 0.97446718
cc8             1.057407965 -0.77258387 1.05740797
cc9             1.029457700  0.17408419 1.02945770
cc10            1.015652903  0.41059738 1.01565290
cc11            1.142480269 -0.69754757 1.14248027
1               0.818427769  0.08560736 0.99004739
lcentralization 0.025011684  0.06062079 0.06641458
lwarfare        0.385617139  0.08572329 0.51851395
larea           0.487364582  0.54784284 0.51022585
lpopulation     0.058362288  0.12254247 0.30407709
ldepend15       0.006496174 -0.02064798 0.05836431
ldepend64       0.340789450  3.79619062 0.34078945
lurban          0.023441183  0.13012904 0.07774766
lpop_growth     0.820317947  0.66137149 0.91111894
ltrade          0.020847766  0.18280436 0.02084777
lgini_gross     0.101259457 -0.11640510 0.14132890
ldebt           0.003634673 -0.01448639 0.02758965
lfdi_liab       0.090414364  0.18511345 0.44603725
linflation      0.065667803  0.02229674 0.07357219
ldemocracy      0.560923381 -0.23226227 0.61700376
lpol_comp       0.765914983  0.82246051 0.77113328
lpresidential   0.856958111  0.56719087 0.95256563
lplurality      0.865792525  0.09295104 1.00322349
lpol_rights     0.768915198 -0.30630191 0.90104834
lgdp_pc         0.000000000         NaN         NA

[[8]]
                        Prob          Low         Med          Up          Mean
per03           1.0000000000 -0.720181506 -0.20210316 0.335983919 -1.915693e-01
per04           1.0000000000 -0.802623623 -0.24104199 0.341420467 -2.360127e-01
per05           1.0000000000 -0.392964099  0.16166657 0.789351105  1.759588e-01
per06           1.0000000000 -0.713796585 -0.11081191 0.590358461 -1.010661e-01
per07           1.0000000000 -0.987809888 -0.29419004 0.488728448 -2.840638e-01
per08           1.0000000000 -0.673483247  0.11269147 0.918758194  1.145823e-01
cc2             1.0000000000 -1.759500566 -0.62727837 0.233515295 -6.792838e-01
cc3             1.0000000000 -1.422215424 -0.45286198 0.998679589 -3.897887e-01
cc4             1.0000000000 -1.300875410 -0.44344575 0.434107103 -4.421221e-01
cc5             1.0000000000  0.171083796  1.22014108 2.027415741  1.175746e+00
cc6             1.0000000000 -0.914448887  0.14930113 1.257626877  1.502591e-01
cc7             1.0000000000 -0.946963222 -0.35561560 0.204819636 -3.622667e-01
cc8             1.0000000000 -0.841646342  0.61933168 1.750784064  5.814552e-01
cc9             1.0000000000 -1.060452130 -0.07803068 1.003632898 -5.775188e-02
cc10            1.0000000000  0.174594003  1.13294884 1.871527723  1.111706e+00
cc11            1.0000000000 -1.119941202 -0.09781099 0.825577915 -1.168164e-01
1               0.7978111111 -1.104482506  1.01739949 2.022153239  7.906075e-01
lcentralization 0.0313888889  0.000000000  0.00000000 0.005424034  4.051102e-04
lwarfare        0.6047333333  0.000000000  0.11117035 0.306499897  1.079034e-01
larea           0.0054000000  0.000000000  0.00000000 0.000000000  7.059715e-05
lpopulation     0.3265777778 -0.078197067  0.00000000 0.100553242  4.198807e-03
ldepend15       0.3536666667  0.000000000  0.00000000 0.043981476  9.179322e-03
ldepend64       0.0013888889  0.000000000  0.00000000 0.000000000 -1.749227e-06
lurban          0.0003222222  0.000000000  0.00000000 0.000000000  1.298781e-06
lpop_growth     0.2166555556 -0.192028661  0.00000000 0.117490764 -1.005504e-02
ltrade          0.0046333333  0.000000000  0.00000000 0.000000000  8.234502e-06
lgini_gross     0.0001888889  0.000000000  0.00000000 0.000000000  3.288821e-06
ldebt           0.0178222222  0.000000000  0.00000000 0.000000000 -1.302113e-04
lfdi_liab       0.0002888889  0.000000000  0.00000000 0.000000000  2.094373e-05
linflation      0.2527444444 -0.020081686  0.00000000 0.000000000 -3.011638e-03
ldemocracy      0.0017444444  0.000000000  0.00000000 0.000000000 -3.100921e-05
lpol_comp       0.0022777778  0.000000000  0.00000000 0.000000000 -6.897096e-05
lpresidential   0.2529222222 -0.852006477  0.00000000 0.435166501 -5.118981e-02
lplurality      0.2700666667 -0.432124438  0.00000000 1.520434310  1.585986e-01
lpol_rights     0.2352000000 -0.006640462  0.00000000 0.238497648  2.790856e-02
lgdp_pc         0.0000000000  0.000000000  0.00000000 0.000000000  0.000000e+00
                          SD     CondMean      CondSD
per03           0.2665142453 -0.198471787 0.266514245
per04           0.2889322743 -0.237303263 0.288932274
per05           0.3001569941  0.172157399 0.300156994
per06           0.3289580844 -0.101169804 0.328958084
per07           0.3754210609 -0.285785243 0.375421061
per08           0.4057988028  0.113072882 0.405798803
cc2             0.5123420796 -0.667773325 0.512342080
cc3             0.5899723875 -0.393325190 0.589972388
cc4             0.4352925502 -0.439176957 0.435292550
cc5             0.4882790151  1.176081354 0.488279015
cc6             0.5300944085  0.153334267 0.530094408
cc7             0.2949536854 -0.362092524 0.294953685
cc8             0.6702147152  0.577905974 0.670214715
cc9             0.5285685083 -0.059781089 0.528568508
cc10            0.4270978316  1.111515675 0.427097832
cc11            0.4984468309 -0.115438734 0.498446831
1               0.8359076634  0.983468534 0.824891867
lcentralization 0.0026715684  0.012355926 0.008542264
lwarfare        0.1046837758  0.178196751 0.074691064
larea           0.0049901288  0.020642929 0.064583333
lpopulation     0.0369625535  0.013673577 0.063949096
ldepend15       0.0143537078  0.025908777 0.012171218
ldepend64       0.0013601995  0.005733397 0.026002879
lurban          0.0002344034  0.010766685 0.006551305
lpop_growth     0.0653372794 -0.038082997 0.136594361
ltrade          0.0002814456  0.002868726 0.002706453
lgini_gross     0.0006988441  0.049415740          NA
ldebt           0.0011607114 -0.006292929 0.005891562
lfdi_liab       0.0074428179  0.339263389 0.216367931
linflation      0.0060782799 -0.011786105 0.006535079
ldemocracy      0.0011793957 -0.019598669 0.020924662
lpol_comp       0.0036918286 -0.002088128 0.063271665
lpresidential   0.2736696361 -0.203625620 0.513233736
lplurality      0.4593550875  0.569333355 0.733835417
lpol_rights     0.0693181667  0.116772981 0.098222455
lgdp_pc         0.0000000000          NaN          NA

[[9]]
                       Prob        Low         Med         Up          Mean
per03           1.000000000 -2.2094443 -0.26225054 1.67246216 -0.2869487327
per04           1.000000000 -2.1884332 -0.31452755 1.65546928 -0.3195695445
per05           1.000000000 -1.8353614  0.05892389 1.91678648  0.1015664067
per06           1.000000000 -1.5522112  0.30214070 2.28708777  0.3316846568
per07           1.000000000 -1.6994871  0.19530122 2.13481585  0.2089777691
per08           1.000000000 -2.2548293 -0.32531323 1.59552547 -0.3038842227
cc2             1.000000000 -1.8964722  0.03287017 1.99957322  0.0085104868
cc3             1.000000000 -2.1020428 -0.16927353 1.81500685 -0.1507024677
cc4             1.000000000 -2.0704650 -0.11540081 1.83925072 -0.1523325651
cc5             1.000000000 -1.7225627  0.22288388 2.10237282  0.2200741530
cc6             1.000000000 -2.0343416 -0.06597402 1.81972003 -0.0678040710
cc7             1.000000000 -1.9548504 -0.06819755 1.87654015 -0.0597496123
cc8             1.000000000 -1.7673906  0.15698678 2.09115079  0.1604780521
cc9             1.000000000 -2.0114844 -0.08001285 1.90881895 -0.0879199859
cc10            1.000000000 -1.9898144 -0.00977704 1.94212144 -0.0057534727
cc11            1.000000000 -1.7998523  0.09664791 2.02321816  0.1280378640
1               0.879277778 -1.8231113  0.00000000 1.96945196  0.0647660720
lcentralization 0.128022222 -0.1925588  0.00000000 0.05850799 -0.0064155662
lwarfare        0.396333333 -1.2653162  0.00000000 0.95320783 -0.0546258707
larea           0.320388889 -0.8818086  0.00000000 0.97915858  0.0287245572
lpopulation     0.017700000  0.0000000  0.00000000 0.00000000 -0.0001343621
ldepend15       0.004788889  0.0000000  0.00000000 0.00000000  0.0002131315
ldepend64       0.268711111 -1.0281625  0.00000000 1.16798399  0.0061785620
lurban          0.250611111 -0.4699084  0.00000000 0.13284202 -0.0404411948
lpop_growth     0.801844444 -1.3645422  0.15911208 2.22754867  0.3745509496
ltrade          1.000000000  0.9729943  1.03637610 1.12115282  1.0383367443
lgini_gross     0.435911111  0.0000000  0.00000000 0.72118107  0.1695645064
ldebt           0.372400000 -0.2956236  0.00000000 0.04277721 -0.0475250679
lfdi_liab       0.351211111 -1.2480446  0.00000000 1.13764814 -0.0423158251
linflation      0.008355556  0.0000000  0.00000000 0.00000000 -0.0003055354
ldemocracy      0.409877778 -0.4195683  0.00000000 1.23850351  0.1511904373
lpol_comp       0.425600000 -1.7930353  0.00000000 0.82566518 -0.1682219996
lpresidential   0.083588889 -0.8263093  0.00000000 0.15407323 -0.0240198902
lplurality      0.408477778 -1.3802580  0.00000000 1.81938084  0.0695352217
lpol_rights     0.793533333 -0.8870812  0.53207105 2.39489955  0.6363559125
lgdp_pc         0.000000000  0.0000000  0.00000000 0.00000000  0.0000000000
                         SD    CondMean     CondSD
per03           0.981930036 -0.27145250 0.98193004
per04           0.990132160 -0.30369682 0.99013216
per05           0.970038765  0.05921200 0.97003877
per06           0.977030919  0.32660472 0.97703092
per07           0.988121177  0.21014461 0.98812118
per08           0.982908337 -0.32486437 0.98290834
cc2             0.977260436  0.02899917 0.97726044
cc3             0.991370427 -0.16296608 0.99137043
cc4             1.005040953 -0.13823560 1.00504095
cc5             0.977505373  0.23140381 0.97750537
cc6             0.988883556 -0.07500978 0.98888356
cc7             0.990851994 -0.06119393 0.99085199
cc8             0.986837495  0.14497287 0.98683750
cc9             0.991706790 -0.07512298 0.99170679
cc10            1.006930345 -0.01222902 1.00693035
cc11            0.980213958  0.11051687 0.98021396
1               0.935542533  0.07465602 0.99696985
lcentralization 0.052892053 -0.05658044 0.13927208
lwarfare        0.467239752 -0.12286939 0.73587697
larea           0.363139319  0.09050633 0.63355041
lpopulation     0.075360507  0.01514497 0.60702317
ldepend15       0.010966343  0.10587124 0.14103105
ldepend64       0.443374067  0.02221362 0.85266139
lurban          0.137951262 -0.16137108 0.23854103
lpop_growth     0.880214821  0.45752852 0.96158572
ltrade          0.035666992  1.03843113 0.03566699
lgini_gross     0.232928359  0.38919848 0.19687886
ldebt           0.092873750 -0.12648737 0.11407641
lfdi_liab       0.477311477 -0.12482950 0.79539893
linflation      0.007977701 -0.02390720 0.08586521
ldemocracy      0.385621890  0.37412721 0.52721743
lpol_comp       0.588266697 -0.40365536 0.84608747
lpresidential   0.286713186 -0.31981221 0.96991648
lplurality      0.661276135  0.18254092 1.02660351
lpol_rights     0.853581059  0.80218363 0.88502025
lgdp_pc         0.000000000         NaN         NA

[[10]]
                       Prob         Low         Med         Up          Mean
per03           1.000000000 -1.46468018  0.12087012 1.62216833  0.1049689469
per04           1.000000000 -1.23209087  0.31272240 1.84034854  0.3267756136
per05           1.000000000 -0.56697898  0.98463400 2.48164359  0.9667064471
per06           1.000000000 -1.58865545 -0.10436519 1.42584641 -0.0939661787
per07           1.000000000 -2.51356473 -0.90922550 0.69317849 -0.9042656957
per08           1.000000000 -1.92059917 -0.22722596 1.45100636 -0.2593018870
cc2             1.000000000 -0.97888897  0.80850883 2.60160903  0.8216862501
cc3             1.000000000 -2.47009529 -0.62224694 1.16773955 -0.6535113297
cc4             1.000000000 -2.00161452 -0.18210264 1.60376197 -0.2181398662
cc5             1.000000000 -1.94651796 -0.23489887 1.39131826 -0.2313450076
cc6             1.000000000 -2.00607907 -0.14956556 1.67326118 -0.1372927540
cc7             1.000000000 -1.72184724 -0.04353309 1.68547245 -0.0273901000
cc8             1.000000000 -1.08353445  0.78977085 2.66601971  0.7932917623
cc9             1.000000000 -1.85648576 -0.13777938 1.62464045 -0.1182867361
cc10            1.000000000 -1.25690264  0.62863230 2.51754017  0.6162607574
cc11            1.000000000 -2.77205928 -1.04019462 0.77381433 -1.0250374014
1               0.735711111 -1.19868547  0.15529889 2.44527265  0.4401336905
lcentralization 0.350177778  0.00000000  0.00000000 0.12490661  0.0259956413
lwarfare        0.043388889 -0.22609935  0.00000000 0.00000000 -0.0114128508
larea           0.271788889 -0.21136284  0.00000000 0.54625407  0.0411507420
lpopulation     0.309644444 -0.59135325  0.00000000 0.47407573  0.0108640293
ldepend15       0.006300000  0.00000000  0.00000000 0.00000000  0.0005136945
ldepend64       0.011933333  0.00000000  0.00000000 0.00000000  0.0016797293
lurban          0.004544444  0.00000000  0.00000000 0.00000000  0.0001560365
lpop_growth     0.566622222 -0.48905850  0.00000000 1.31680624  0.2375644678
ltrade          0.023411111  0.00000000  0.00000000 0.00000000  0.0002918107
lgini_gross     1.000000000  0.71117867  0.87739116 1.01079530  0.8721701316
ldebt           0.020655556  0.00000000  0.00000000 0.00000000  0.0006317058
lfdi_liab       0.814466667 -0.21806838  0.20092677 0.76015249  0.2223344384
linflation      0.424411111 -0.00734323  0.00000000 0.07936905  0.0151439399
ldemocracy      0.009177778  0.00000000  0.00000000 0.00000000 -0.0002646979
lpol_comp       0.018844444  0.00000000  0.00000000 0.00000000 -0.0015742888
lpresidential   0.460888889 -1.70326382  0.00000000 1.07435854 -0.1384805676
lplurality      0.523900000 -0.37687131  0.00000000 2.64979019  0.5884890453
lpol_rights     0.637588889 -1.05231850 -0.19738451 0.13364462 -0.2797430465
lgdp_pc         0.000000000  0.00000000  0.00000000 0.00000000  0.0000000000
                         SD    CondMean      CondSD
per03           0.782678144  0.10066516 0.782678144
per04           0.782089456  0.31040184 0.782089456
per05           0.779479008  0.97914065 0.779479008
per06           0.769171960 -0.09613999 0.769171960
per07           0.810110908 -0.90768640 0.810110908
per08           0.850149897 -0.23402158 0.850149897
cc2             0.914555911  0.80155182 0.914555911
cc3             0.922785448 -0.64057387 0.922785448
cc4             0.923705743 -0.19494402 0.923705743
cc5             0.843903580 -0.24452052 0.843903580
cc6             0.942259930 -0.14594480 0.942259930
cc7             0.870267064 -0.02834926 0.870267064
cc8             0.962494559  0.79231365 0.962494559
cc9             0.874118332 -0.12772701 0.874118332
cc10            0.941201398  0.63133825 0.941201398
cc11            0.914462299 -1.03352639 0.914462299
1               0.915023392  0.61870261 1.013058713
lcentralization 0.040493750  0.07409473 0.033670890
lwarfare        0.078029313 -0.26507249 0.262814029
larea           0.167516655  0.15452873 0.291634758
lpopulation     0.217886873  0.02671074 0.391173424
ldepend15       0.008807446  0.08453789 0.061493493
ldepend64       0.021891844  0.10474072 0.164396560
lurban          0.001750470  0.02268541 0.021771484
lpop_growth     0.454125105  0.42644168 0.533002004
ltrade          0.002234379  0.01179849 0.008833449
lgini_gross     0.077597286  0.87321831 0.077597286
ldebt           0.005145975  0.03067512 0.018192441
lfdi_liab       0.261544213  0.27454889 0.264809527
linflation      0.024996797  0.03502252 0.027797230
ldemocracy      0.012450121 -0.03322694 0.133333694
lpol_comp       0.029298003 -0.03799868 0.234563940
lpresidential   0.613366473 -0.29722667 0.882936036
lplurality      0.852869992  1.10190902 0.904497228
lpol_rights     0.343308874 -0.44743831 0.335241065
lgdp_pc         0.000000000         NaN          NA

[[11]]
                       Prob        Low          Med          Up          Mean
per03           1.000000000 -1.3103156 -0.140049957  1.03507465 -1.429252e-01
per04           1.000000000 -1.5921696 -0.416004269  0.77938619 -4.292078e-01
per05           1.000000000 -2.0374181 -0.837977244  0.32873597 -8.506462e-01
per06           1.000000000 -1.2242525 -0.007326188  1.19005908 -2.927460e-02
per07           1.000000000 -0.6316504  0.689746575  1.95116896  6.902066e-01
per08           1.000000000 -1.0338555  0.274110320  1.59257102  2.653253e-01
cc2             1.000000000 -2.1195044 -0.545022667  0.97706774 -5.190159e-01
cc3             1.000000000 -1.5139060  0.190153552  1.95885806  1.923543e-01
cc4             1.000000000  1.2665307  2.945690962  4.62825662  2.915692e+00
cc5             1.000000000 -1.8773029 -0.504188488  0.91811670 -5.024014e-01
cc6             1.000000000 -1.9046670 -0.306324736  1.25609048 -3.081458e-01
cc7             1.000000000 -2.9374744 -1.430131617  0.02374679 -1.428713e+00
cc8             1.000000000 -3.5264693 -1.757585973 -0.04195878 -1.755743e+00
cc9             1.000000000 -0.3652389  1.233130620  2.76506751  1.215484e+00
cc10            1.000000000 -0.7809013  1.108407033  2.91182599  1.106411e+00
cc11            1.000000000 -0.7374849  0.796072668  2.38829005  8.000420e-01
1               0.675644444 -2.5134120 -0.085266160  1.00198352 -5.254421e-01
lcentralization 1.000000000  0.4349917  0.526014219  0.62152769  5.271329e-01
lwarfare        0.307966667 -0.3556667  0.000000000  0.47431379  2.017946e-02
larea           0.004211111  0.0000000  0.000000000  0.00000000 -1.625882e-03
lpopulation     0.910766667  0.0000000  0.515211355  0.93470309  4.941444e-01
ldepend15       0.005833333  0.0000000  0.000000000  0.00000000 -9.098632e-05
ldepend64       0.010133333  0.0000000  0.000000000  0.00000000  4.639672e-05
lurban          0.004044444  0.0000000  0.000000000  0.00000000  1.810393e-05
lpop_growth     0.610555556 -1.2859312 -0.202050055  0.16879569 -3.642846e-01
ltrade          0.126933333  0.0000000  0.000000000  0.02171753  1.865390e-03
lgini_gross     0.571511111 -0.1289944 -0.039075548  0.00000000 -4.200073e-02
ldebt           0.004288889  0.0000000  0.000000000  0.00000000  2.594612e-05
lfdi_liab       0.016288889  0.0000000  0.000000000  0.00000000 -8.899944e-04
linflation      0.002211111  0.0000000  0.000000000  0.00000000  5.192631e-06
ldemocracy      0.735833333 -0.4489277 -0.080634192  0.13306299 -1.110969e-01
lpol_comp       0.003344444  0.0000000  0.000000000  0.00000000 -7.729656e-05
lpresidential   0.690400000 -1.4853330  0.000000000  0.92175991 -2.157135e-01
lplurality      0.735800000 -2.4309543 -0.495703037  0.68067038 -6.506222e-01
lpol_rights     0.532677778 -1.0370558  0.000000000  0.33853810 -1.990295e-01
lgdp_pc         0.000000000  0.0000000  0.000000000  0.00000000  0.000000e+00
                          SD     CondMean      CondSD
per03           0.5989399648 -0.141395720 0.598939965
per04           0.6082590531 -0.420203537 0.608259053
per05           0.6060803742 -0.845251776 0.606080374
per06           0.6224447768 -0.021595398 0.622444777
per07           0.6551275470  0.688094307 0.655127547
per08           0.6702826505  0.271526069 0.670282651
cc2             0.7878637112 -0.540388646 0.787863711
cc3             0.8862794413  0.200650651 0.886279441
cc4             0.8521126566  2.930223159 0.852112657
cc5             0.7233955406 -0.507346764 0.723395541
cc6             0.8034545845 -0.315933787 0.803454584
cc7             0.7526712562 -1.436764595 0.752671256
cc8             0.8894616784 -1.759771370 0.889461678
cc9             0.8081843852  1.219261549 0.808184385
cc10            0.9456389303  1.097164353 0.945638930
cc11            0.7864559342  0.804103780 0.786455934
1               0.8878449626 -0.760493853 0.992480553
lcentralization 0.0474661291  0.527190858 0.047466129
lwarfare        0.1676666987  0.067090544 0.300077541
larea           0.0250754361 -0.305044239 0.244680826
lpopulation     0.2456364466  0.539509328 0.200259607
ldepend15       0.0016134722 -0.014587324 0.017332153
ldepend64       0.0076378948  0.011201057 0.077128326
lurban          0.0011740678  0.002978258 0.018310256
lpop_growth     0.4362224630 -0.595401476 0.416350920
ltrade          0.0056840425  0.014886353 0.007900607
lgini_gross     0.0433372000 -0.073389629 0.031272135
ldebt           0.0005556466  0.005687205 0.006584184
lfdi_liab       0.0206280579 -0.063842703 0.145839005
linflation      0.0005557318  0.002564754 0.012131291
ldemocracy      0.1490229956 -0.149603942 0.155822117
lpol_comp       0.0134244086 -0.033659115 0.221039153
lpresidential   0.5746649845 -0.308913404 0.673002181
lplurality      0.8359287914 -0.882381197 0.862906459
lpol_rights     0.3499335204 -0.364837382 0.410415798
lgdp_pc         0.0000000000          NaN          NA

[[12]]
                        Prob          Low         Med           Up
per03           1.0000000000 -0.272857763  0.12881770  0.495886779
per04           1.0000000000  0.212051155  0.64314982  1.059992527
per05           1.0000000000  0.797497205  1.23988212  1.633259386
per06           1.0000000000  0.857456186  1.37996682  1.830308369
per07           1.0000000000  0.641614585  1.23704055  1.770683243
per08           1.0000000000  0.967579816  1.61748518  2.217832971
cc2             1.0000000000 -2.484067103 -1.63972146 -0.771532310
cc3             1.0000000000  1.432769322  2.38906756  3.262776102
cc4             1.0000000000 -1.154162970 -0.52521038  0.124838323
cc5             1.0000000000  0.669418821  1.41600363  2.171999604
cc6             1.0000000000 -2.327502119 -1.40616500 -0.433622777
cc7             1.0000000000 -2.390306340 -1.86701345 -1.316798863
cc8             1.0000000000 -1.504966900 -0.32714157  0.762456595
cc9             1.0000000000 -0.115647014  0.75656620  1.566353727
cc10            1.0000000000 -1.818561889 -0.18288049  1.529908285
cc11            1.0000000000 -0.001606695  0.96089738  1.863109751
1               0.7681555556 -0.466081772  0.89910571  2.746442246
lcentralization 0.0361444444  0.000000000  0.00000000  0.008755108
lwarfare        0.1004111111 -0.005254427  0.00000000  0.094344676
larea           0.0005666667  0.000000000  0.00000000  0.000000000
lpopulation     0.0034888889  0.000000000  0.00000000  0.000000000
ldepend15       0.0014111111  0.000000000  0.00000000  0.000000000
ldepend64       0.9409111111 -0.378308940  0.03179702  0.179742172
lurban          0.9998666667  0.040905780  0.07768990  0.191577714
lpop_growth     0.8212222222  0.000000000  0.22052749  0.429736238
ltrade          0.1150444444 -0.020420359  0.00000000  0.000000000
lgini_gross     0.1693777778  0.000000000  0.00000000  0.043015831
ldebt           0.1450222222 -0.007837940  0.00000000  0.000000000
lfdi_liab       0.0070111111  0.000000000  0.00000000  0.000000000
linflation      0.9866111111 -0.035280282 -0.02052058 -0.006939770
ldemocracy      0.9306555556 -0.206870308 -0.03440483  0.128874481
lpol_comp       0.9765111111 -0.049443571  0.24080814  0.525770791
lpresidential   0.0373444444  0.000000000  0.00000000  0.000000000
lplurality      0.0281777778  0.000000000  0.00000000  0.000000000
lpol_rights     0.6074222222 -0.042056618  0.07105224  0.440851653
lgdp_pc         0.0000000000  0.000000000  0.00000000  0.000000000
                         Mean           SD     CondMean      CondSD
per03            1.271566e-01 0.1970486406  0.126373482 0.197048641
per04            6.456450e-01 0.2160963727  0.643208720 0.216096373
per05            1.238201e+00 0.2101944295  1.235199397 0.210194429
per06            1.370261e+00 0.2447692702  1.370191686 0.244769270
per07            1.229423e+00 0.2885509085  1.226780157 0.288550908
per08            1.613386e+00 0.3166058709  1.612554821 0.316605871
cc2             -1.629641e+00 0.4398949856 -1.632539897 0.439894986
cc3              2.378656e+00 0.4697955731  2.373874601 0.469795573
cc4             -5.215335e-01 0.3236048110 -0.525142254 0.323604811
cc5              1.420160e+00 0.3833067967  1.417389483 0.383306797
cc6             -1.390948e+00 0.4831361423 -1.394145848 0.483136142
cc7             -1.864144e+00 0.2731416481 -1.864141811 0.273141648
cc8             -3.395777e-01 0.5810854034 -0.338212319 0.581085403
cc9              7.609710e-01 0.4269470666  0.754809873 0.426947067
cc10            -1.775359e-01 0.8432936422 -0.178247982 0.843293642
cc11             9.549013e-01 0.4821400759  0.951207483 0.482140076
1                9.388411e-01 0.9170601922  1.215479106 0.867257667
lcentralization  4.278088e-04 0.0025409171  0.011791983 0.006529675
lwarfare         4.841776e-03 0.0265617900  0.045069956 0.071702850
larea            9.087577e-05 0.0034941359  0.122969164 0.014088371
lpopulation      7.555449e-04 0.0156764761  0.222792678 0.082031897
ldepend15       -5.906088e-06 0.0004218978 -0.002883818 0.010845578
ldepend64        1.382658e-02 0.1263816996  0.014761040 0.130193912
lurban           8.418810e-02 0.0340851245  0.084159988 0.034050360
lpop_growth      2.029220e-01 0.1293082473  0.244921261 0.098546941
ltrade          -1.493409e-03 0.0054483667 -0.012738288 0.010650197
lgini_gross      4.290103e-03 0.0117545414  0.025353573 0.016690468
ldebt           -6.128418e-04 0.0020717985 -0.004155730 0.003917601
lfdi_liab        1.958491e-03 0.0237986447  0.276188863 0.101654351
linflation      -2.076740e-02 0.0072349698 -0.021072029 0.006863284
ldemocracy      -3.891841e-02 0.0865367494 -0.042424242 0.088800604
lpol_comp        2.353962e-01 0.1516205736  0.243375749 0.148745887
lpresidential    3.590806e-03 0.0706651724  0.104963474 0.349462154
lplurality      -1.367686e-02 0.1524198686 -0.546424577 0.749270349
lpol_rights      1.199466e-01 0.1457197929  0.198390899 0.139574627
lgdp_pc          0.000000e+00 0.0000000000          NaN          NA

[[13]]
                       Prob         Low         Med         Up          Mean
per03           1.000000000 -1.44802193  0.08254279 1.70186693  7.652267e-02
per04           1.000000000 -2.16387656 -0.57226773 0.98568784 -5.660315e-01
per05           1.000000000 -2.69910400 -1.04940379 0.60202479 -1.090085e+00
per06           1.000000000 -1.35215773  0.24396529 1.83632371  2.332879e-01
per07           1.000000000 -1.69028996 -0.05938793 1.56052570 -6.955599e-02
per08           1.000000000 -1.17425235  0.55425282 2.25575799  5.388473e-01
cc2             1.000000000 -2.15097511 -0.31813989 1.52593604 -2.931060e-01
cc3             1.000000000 -1.10177949  0.73657611 2.62976043  7.362068e-01
cc4             1.000000000 -2.66151955 -0.78864284 1.06721379 -8.067428e-01
cc5             1.000000000 -2.72039680 -0.94370151 0.82134811 -9.627188e-01
cc6             1.000000000 -1.38137966  0.52947920 2.44144734  5.422157e-01
cc7             1.000000000 -0.64123864  1.10581270 2.90758985  1.117544e+00
cc8             1.000000000 -1.66557602  0.23652972 2.17003092  2.484592e-01
cc9             1.000000000 -1.36868409  0.43276484 2.23670950  4.237893e-01
cc10            1.000000000 -2.04880885 -0.15826010 1.68665051 -1.647805e-01
cc11            1.000000000 -1.94366378 -0.17412575 1.62068127 -1.534532e-01
1               0.710411111 -1.82151785  0.00000000 1.84487254  4.218244e-03
lcentralization 0.062811111  0.00000000  0.00000000 0.05038157  2.176746e-03
lwarfare        0.556388889 -0.38310928  0.00000000 0.71526468  8.768278e-02
larea           0.911733333  0.00000000  0.86551231 1.62001034  8.294800e-01
lpopulation     0.036666667 -0.04299435  0.00000000 0.00000000 -4.413757e-03
ldepend15       0.548988889 -0.03107864  0.00000000 0.24282470  4.936385e-02
ldepend64       0.547422222 -0.59981908  0.00000000 0.20737675 -1.190110e-01
lurban          0.002566667  0.00000000  0.00000000 0.00000000 -3.334499e-05
lpop_growth     0.659422222 -1.66370473 -0.07516240 0.59176839 -3.417839e-01
ltrade          0.016533333  0.00000000  0.00000000 0.00000000 -2.319596e-05
lgini_gross     0.506955556 -0.27932863  0.00000000 0.05243761 -4.982540e-02
ldebt           0.432188889 -0.04058522  0.00000000 0.05265092  2.880731e-03
lfdi_liab       0.560611111 -1.25506305  0.00000000 0.43126510 -3.212096e-01
linflation      0.413711111 -0.05911174  0.00000000 0.04154093 -3.415393e-03
ldemocracy      0.011888889  0.00000000  0.00000000 0.00000000 -2.562817e-03
lpol_comp       0.519533333 -1.01588805  0.00000000 0.25285608 -2.256069e-01
lpresidential   0.082400000  0.00000000  0.00000000 0.92428099  4.526014e-02
lplurality      0.077377778 -0.88947582  0.00000000 0.03243369 -3.508259e-02
lpol_rights     0.721188889 -0.37598961  0.41194147 1.59088886  4.712182e-01
lgdp_pc         0.000000000  0.00000000  0.00000000 0.00000000  0.000000e+00
                         SD     CondMean     CondSD
per03           0.808106775  0.084151831 0.80810677
per04           0.805009494 -0.575698568 0.80500949
per05           0.832076863 -1.056878862 0.83207686
per06           0.799339524  0.231135050 0.79933952
per07           0.832625991 -0.064141826 0.83262599
per08           0.868946366  0.530572453 0.86894637
cc2             0.946096575 -0.322835076 0.94609658
cc3             0.940247464  0.730940692 0.94024746
cc4             0.957000956 -0.800320294 0.95700096
cc5             0.901431141 -0.938813685 0.90143114
cc6             0.962953340  0.533064578 0.96295334
cc7             0.904647244  1.115389096 0.90464724
cc8             0.968209622  0.229790630 0.96820962
cc9             0.930780187  0.426677483 0.93078019
cc10            0.965177688 -0.172159546 0.96517769
cc11            0.924756498 -0.156096036 0.92475650
1               0.854660686 -0.003027077 1.00600811
lcentralization 0.014268029  0.037858275 0.04205766
lwarfare        0.257247979  0.160227825 0.32705510
larea           0.425902405  0.913116092 0.35340500
lpopulation     0.069189398 -0.145707889 0.32268163
ldepend15       0.074158320  0.088150271 0.08065202
ldepend64       0.208400115 -0.222896244 0.23817095
lurban          0.001821510 -0.017066642 0.03450866
lpop_growth     0.568064610 -0.527049597 0.62839706
ltrade          0.001735272 -0.001072342 0.01318673
lgini_gross     0.087246604 -0.097842839 0.10154450
ldebt           0.019671444  0.005102283 0.02954786
lfdi_liab       0.467607857 -0.568494853 0.49833982
linflation      0.021613086 -0.008812430 0.03303212
ldemocracy      0.042877700 -0.211309203 0.33303183
lpol_comp       0.350445354 -0.433931458 0.38461954
lpresidential   0.291036310  0.530428592 0.87692179
lplurality      0.283533885 -0.437213850 0.91703213
lpol_rights     0.548988941  0.659304691 0.54401252
lgdp_pc         0.000000000          NaN         NA

[[14]]
                       Prob          Low         Med         Up          Mean
per03           1.000000000 -1.396088085 -0.25539494 0.88505524 -0.2545593903
per04           1.000000000 -1.529265589 -0.34280284 0.86988576 -0.3238312016
per05           1.000000000 -0.995102658  0.19285244 1.38032490  0.2099016519
per06           1.000000000 -1.153116126  0.02587062 1.24942175  0.0417483710
per07           1.000000000 -1.260415287  0.05362096 1.40155939  0.0700867521
per08           1.000000000 -1.234858949  0.10673562 1.45827993  0.1077438887
cc2             1.000000000 -1.299219331  0.32651476 1.85246393  0.3261962602
cc3             1.000000000 -2.370499058 -0.68848530 1.05269750 -0.6823856948
cc4             1.000000000 -2.728972200 -0.99409351 0.69654306 -0.9978073403
cc5             1.000000000 -1.556696869 -0.19500595 1.18890027 -0.1791698358
cc6             1.000000000 -2.109898700 -0.39309761 1.34827833 -0.3801114392
cc7             1.000000000 -0.584735243  0.90537172 2.33439773  0.8985642262
cc8             1.000000000 -1.253896287  0.52790995 2.23892990  0.5127433048
cc9             1.000000000 -1.207384549  0.22703709 1.66488556  0.2204200682
cc10            1.000000000 -2.116555509 -0.12974154 1.83466967 -0.1344935465
cc11            1.000000000 -1.113849021  0.47453756 2.08638006  0.5009710776
1               0.611300000 -1.422883686  0.00000000 2.02749675  0.1968412565
lcentralization 0.017211111  0.000000000  0.00000000 0.00000000  0.0001892851
lwarfare        0.033988889 -0.023375527  0.00000000 0.00000000 -0.0028248947
larea           0.741544444  0.000000000  0.38692090 0.93895345  0.3717559017
lpopulation     0.882144444 -0.278722204  0.14455064 0.62729594  0.1634750820
ldepend15       0.929633333 -0.106504821 -0.06340275 0.00000000 -0.0604431265
ldepend64       0.842400000 -0.314777589  0.00000000 0.32472464 -0.0169093758
lurban          0.916722222 -0.138401477 -0.05163521 0.01100602 -0.0517811302
lpop_growth     0.585200000 -0.757034526 -0.03822858 0.13187889 -0.1411153819
ltrade          0.050522222  0.000000000  0.00000000 0.01325377  0.0006594257
lgini_gross     0.009533333  0.000000000  0.00000000 0.00000000  0.0001683598
ldebt           0.245377778 -0.013073309  0.00000000 0.00571856 -0.0008734585
lfdi_liab       0.323522222 -0.239702446  0.00000000 0.53829169  0.0468156904
linflation      0.957077778 -0.005927003  0.02557349 0.05939872  0.0251819159
ldemocracy      1.000000000  0.480146173  0.67488142 0.85215449  0.6709090523
lpol_comp       0.003611111  0.000000000  0.00000000 0.00000000  0.0006270959
lpresidential   0.063000000  0.000000000  0.00000000 0.15380641  0.0027234620
lplurality      0.972566667 -0.749178091  0.95102916 2.66844649  0.9731089322
lpol_rights     0.435433333 -0.730952417  0.00000000 0.28001852 -0.1022024473
lgdp_pc         0.000000000  0.000000000  0.00000000 0.00000000  0.0000000000
                         SD     CondMean     CondSD
per03           0.588243773 -0.252514361 0.58824377
per04           0.603544359 -0.330354562 0.60354436
per05           0.604218257  0.198447770 0.60421826
per06           0.615873961  0.035533671 0.61587396
per07           0.676262909  0.064923960 0.67626291
per08           0.688004668  0.108833658 0.68800467
cc2             0.797785928  0.321954829 0.79778593
cc3             0.875210037 -0.688283100 0.87521004
cc4             0.882419440 -1.000332132 0.88241944
cc5             0.714808813 -0.187093824 0.71480881
cc6             0.884321802 -0.383628247 0.88432180
cc7             0.743818982  0.901724223 0.74381898
cc8             0.889435400  0.513292905 0.88943540
cc9             0.744713997  0.221905752 0.74471400
cc10            1.004362043 -0.133622947 1.00436204
cc11            0.806312379  0.494242065 0.80631238
1               0.797121844  0.315361922 1.00439382
lcentralization 0.002856241  0.011955223 0.01764235
lwarfare        0.029285738 -0.088976667 0.12554409
larea           0.300621612  0.500237848 0.23925696
lpopulation     0.237831294  0.185819255 0.24480339
ldepend15       0.027250135 -0.064972116 0.02236569
ldepend64       0.178364341 -0.019597991 0.19372556
lurban          0.046615985 -0.056790063 0.04582730
lpop_growth     0.226317091 -0.241948947 0.25105693
ltrade          0.006638994  0.013737389 0.02709123
lgini_gross     0.002862874  0.019798986 0.02552902
ldebt           0.004131407 -0.003531996 0.00780668
lfdi_liab       0.172622842  0.147581174 0.27922225
linflation      0.017626974  0.026397170 0.01717322
ldemocracy      0.095137559  0.671499829 0.09513756
lpol_comp       0.015300898  0.125659453 0.23754354
lpresidential   0.141653369  0.073784416 0.60526371
lplurality      0.884288607  0.992552839 0.88124623
lpol_rights     0.243596678 -0.231921019 0.32429657
lgdp_pc         0.000000000          NaN         NA

[[15]]
                        Prob         Low          Med         Up          Mean
per03           1.000000e+00 -0.38031127  0.118334537 0.63106563  1.186273e-01
per04           1.000000e+00 -0.58954104 -0.039374077 0.49017872 -3.843443e-02
per05           1.000000e+00 -0.13014742  0.413284748 0.93295788  4.087201e-01
per06           1.000000e+00 -0.13689260  0.455925032 1.02980532  4.482892e-01
per07           1.000000e+00 -0.15233978  0.514305101 1.15940294  5.142387e-01
per08           1.000000e+00 -0.17337604  0.537478095 1.19474640  5.276161e-01
cc2             1.000000e+00 -1.04645531 -0.008506868 0.94123407 -1.570656e-02
cc3             1.000000e+00 -1.29963977  0.071845680 1.48968090  5.784422e-02
cc4             1.000000e+00 -0.53700919  0.373448017 1.30115769  3.771946e-01
cc5             1.000000e+00 -0.93156384 -0.209597282 0.53366104 -2.025631e-01
cc6             1.000000e+00 -1.29352247 -0.386462043 0.53071446 -3.853463e-01
cc7             1.000000e+00 -0.28682809  0.511684032 1.20572366  5.071360e-01
cc8             1.000000e+00 -1.95823063 -0.877160140 0.26508806 -8.693528e-01
cc9             1.000000e+00 -0.50449941  0.331575960 1.17689081  3.409602e-01
cc10            1.000000e+00 -2.07206024 -0.833536676 0.32804593 -8.357515e-01
cc11            1.000000e+00  0.56372971  1.528588069 2.41233216  1.518113e+00
1               5.501778e-01 -1.60777850  0.000000000 1.54002060 -2.892084e-02
lcentralization 6.077778e-03  0.00000000  0.000000000 0.00000000 -1.740545e-05
lwarfare        6.152778e-01 -0.09449783  0.000000000 0.07404782 -5.562447e-03
larea           9.568333e-01  0.00000000  0.264748201 0.42767106  2.571117e-01
lpopulation     0.000000e+00  0.00000000  0.000000000 0.00000000  0.000000e+00
ldepend15       0.000000e+00  0.00000000  0.000000000 0.00000000  0.000000e+00
ldepend64       0.000000e+00  0.00000000  0.000000000 0.00000000  0.000000e+00
lurban          0.000000e+00  0.00000000  0.000000000 0.00000000  0.000000e+00
lpop_growth     2.195778e-01 -0.21971872  0.000000000 0.15658781 -1.093193e-03
ltrade          4.133333e-03  0.00000000  0.000000000 0.00000000 -1.507412e-05
lgini_gross     5.333333e-03  0.00000000  0.000000000 0.00000000 -3.251924e-05
ldebt           4.400000e-03  0.00000000  0.000000000 0.00000000  6.145212e-06
lfdi_liab       5.555556e-05  0.00000000  0.000000000 0.00000000  2.937032e-06
linflation      9.759889e-01  0.00000000  0.013526778 0.02623011  1.319346e-02
ldemocracy      9.915889e-01  0.01232464  0.158005247 0.29258866  1.561535e-01
lpol_comp       9.984000e-01  0.12681734  0.406070927 0.74276731  4.129781e-01
lpresidential   2.855556e-02  0.00000000  0.000000000 0.00000000 -2.511257e-03
lplurality      9.477111e-01 -1.39704168 -0.087750470 1.19788628 -1.379676e-01
lpol_rights     3.132222e-01 -0.15323520  0.000000000 0.24124873  1.472684e-02
lgdp_pc         0.000000e+00  0.00000000  0.000000000 0.00000000  0.000000e+00
                          SD     CondMean      CondSD
per03           0.2618834428  0.119442333 0.261883443
per04           0.2754361409 -0.037489640 0.275436141
per05           0.2746070951  0.408991642 0.274607095
per06           0.2940733857  0.450748874 0.294073386
per07           0.3329455823  0.514004320 0.332945582
per08           0.3435572623  0.531842505 0.343557262
cc2             0.5024588000 -0.020115222 0.502458800
cc3             0.7231090406  0.079019127 0.723109041
cc4             0.4673109188  0.377360955 0.467310919
cc5             0.3709601304 -0.204379128 0.370960130
cc6             0.4558126378 -0.388804997 0.455812638
cc7             0.3782379469  0.502951703 0.378237947
cc8             0.5688735974 -0.868969892 0.568873597
cc9             0.4292996017  0.338995741 0.429299602
cc10            0.6116646948 -0.839382612 0.611664695
cc11            0.4739815831  1.515105089 0.473981583
1               0.6830923977 -0.075736019 0.921598855
lcentralization 0.0004187956 -0.002635387 0.004700373
lwarfare        0.0381333541 -0.009083445 0.048046061
larea           0.0976834298  0.268411654 0.082973731
lpopulation     0.0000000000          NaN          NA
ldepend15       0.0000000000          NaN          NA
ldepend64       0.0000000000          NaN          NA
lurban          0.0000000000          NaN          NA
lpop_growth     0.0742729271 -0.004002923 0.158007949
ltrade          0.0003367752 -0.004387794 0.003107376
lgini_gross     0.0008141025 -0.003363968 0.010758291
ldebt           0.0002065600  0.001190793 0.003218463
lfdi_liab       0.0000000000          NaN          NA
linflation      0.0066626436  0.013570923 0.006399343
ldemocracy      0.0697007429  0.158026046 0.068392455
lpol_comp       0.1534123057  0.412671172 0.152645109
lpresidential   0.0495260631 -0.067677290 0.284028930
lplurality      0.6676303223 -0.123596222 0.685823537
lpol_rights     0.0820948139  0.045849199 0.142045503
lgdp_pc         0.0000000000          NaN          NA

[[16]]
                        Prob           Low           Med         Up
per03           1.000000e+00 -0.2902700757 -0.1067144234 0.09136201
per04           1.000000e+00 -0.2459027044 -0.0462284803 0.15498883
per05           1.000000e+00 -0.2536693939 -0.0572827147 0.14415692
per06           1.000000e+00 -0.2642380921 -0.0718425672 0.14904862
per07           1.000000e+00 -0.2235403627 -0.0029052656 0.25602025
per08           1.000000e+00 -0.0880847262  0.1565888341 0.42265587
cc2             1.000000e+00 -0.0470556397  0.2801416645 0.57679338
cc3             1.000000e+00  0.0376961192  0.2954212238 0.63990897
cc4             1.000000e+00 -0.3267630134 -0.0325375380 0.26175583
cc5             1.000000e+00 -0.1718458129  0.0707501088 0.34856465
cc6             1.000000e+00  0.4999240471  0.9071794327 1.23910378
cc7             1.000000e+00 -0.2263536010  0.0001722169 0.22094018
cc8             1.000000e+00 -0.2474717467  0.2032604165 0.64643756
cc9             1.000000e+00  0.6064585273  0.9703829294 1.29181432
cc10            1.000000e+00 -0.3026708707 -0.0021343673 0.33406147
cc11            1.000000e+00 -0.0009113395  0.3465417647 0.71731568
1               2.121333e-01 -0.3054521839  0.0000000000 0.32682882
lcentralization 2.166667e-03  0.0000000000  0.0000000000 0.00000000
lwarfare        6.410000e-02 -0.0550414404  0.0000000000 0.00000000
larea           5.110000e-02 -0.0066511464  0.0000000000 0.00000000
lpopulation     3.031111e-02  0.0000000000  0.0000000000 0.00000000
ldepend15       3.333333e-05  0.0000000000  0.0000000000 0.00000000
ldepend64       1.777778e-04  0.0000000000  0.0000000000 0.00000000
lurban          0.000000e+00  0.0000000000  0.0000000000 0.00000000
lpop_growth     4.865556e-02  0.0000000000  0.0000000000 0.00606739
ltrade          1.566667e-03  0.0000000000  0.0000000000 0.00000000
lgini_gross     1.000000e-04  0.0000000000  0.0000000000 0.00000000
ldebt           1.162222e-02  0.0000000000  0.0000000000 0.00000000
lfdi_liab       1.606667e-02  0.0000000000  0.0000000000 0.00000000
linflation      3.333333e-05  0.0000000000  0.0000000000 0.00000000
ldemocracy      1.222222e-04  0.0000000000  0.0000000000 0.00000000
lpol_comp       6.457778e-02  0.0000000000  0.0000000000 0.01078085
lpresidential   8.934444e-02  0.0000000000  0.0000000000 0.38598694
lplurality      1.544444e-03  0.0000000000  0.0000000000 0.00000000
lpol_rights     5.767778e-02 -0.0384415065  0.0000000000 0.00000000
lgdp_pc         0.000000e+00  0.0000000000  0.0000000000 0.00000000
                         Mean           SD      CondMean       CondSD
per03           -1.055127e-01 9.795514e-02 -1.061957e-01 0.0979551443
per04           -4.621646e-02 1.015787e-01 -4.515354e-02 0.1015786828
per05           -5.832018e-02 9.929207e-02 -5.701051e-02 0.0992920708
per06           -6.945518e-02 1.046814e-01 -6.749404e-02 0.1046813879
per07            1.362916e-04 1.204620e-01  1.349447e-03 0.1204619591
per08            1.582654e-01 1.296045e-01  1.602403e-01 0.1296045047
cc2              2.746590e-01 1.582880e-01  2.762984e-01 0.1582879704
cc3              3.033151e-01 1.489784e-01  3.040742e-01 0.1489784058
cc4             -3.472500e-02 1.494163e-01 -3.096130e-02 0.1494163013
cc5              7.400129e-02 1.280128e-01  7.456825e-02 0.1280127776
cc6              9.001008e-01 1.917154e-01  8.960372e-01 0.1917153988
cc7             -1.042203e-03 1.111365e-01 -1.151900e-03 0.1111365231
cc8              2.031709e-01 2.281905e-01  2.009141e-01 0.2281904648
cc9              9.656650e-01 1.630214e-01  9.655537e-01 0.1630213718
cc10            -9.312856e-04 1.691346e-01  4.957874e-05 0.1691346339
cc11             3.495840e-01 1.811019e-01  3.501655e-01 0.1811019047
1                1.183357e-03 1.962625e-01  5.023506e-04 0.4206919271
lcentralization  2.274703e-07 1.001434e-04 -1.009533e-03 0.0022632261
lwarfare        -2.901814e-03 1.340333e-02 -4.395969e-02 0.0292868466
larea           -8.866905e-04 1.203933e-02 -1.713354e-02 0.0505058834
lpopulation      2.900592e-04 1.143878e-02  9.081747e-03 0.0652018016
ldepend15        3.711609e-07 0.000000e+00           NaN           NA
ldepend64        1.787417e-06 5.010844e-04  9.418928e-03 0.0328300948
lurban           0.000000e+00 0.000000e+00           NaN           NA
lpop_growth      1.658238e-04 9.718535e-03  5.000141e-03 0.0434476891
ltrade          -1.500134e-06 4.067624e-05 -1.267198e-03 0.0007859393
lgini_gross      8.179418e-07 0.000000e+00           NaN           NA
ldebt            2.348000e-05 3.879504e-04  2.141228e-03 0.0028540394
lfdi_liab       -9.739362e-04 9.581157e-03 -4.841374e-02 0.0526507409
linflation       5.853838e-08 0.000000e+00           NaN           NA
ldemocracy       2.835041e-06 0.000000e+00           NaN           NA
lpol_comp        5.943679e-04 5.437950e-03  6.764312e-03 0.0205047691
lpresidential    2.053683e-02 1.032584e-01  2.416429e-01 0.2504965281
lplurality      -2.483160e-05 1.611296e-02  3.244396e-01 1.0428037552
lpol_rights     -1.642616e-03 1.273999e-02 -3.290021e-02 0.0431560190
lgdp_pc          0.000000e+00 0.000000e+00           NaN           NA

[[17]]
                        Prob           Low           Med         Up
per03           1.000000e+00 -1.630071e-01 -0.0009885686 0.15613914
per04           1.000000e+00 -1.685431e-01 -0.0092884544 0.16403150
per05           1.000000e+00 -1.705162e-01 -0.0081496184 0.15450255
per06           1.000000e+00 -1.695075e-01  0.0083795745 0.18273786
per07           1.000000e+00 -1.975795e-01  0.0062900953 0.21938692
per08           1.000000e+00 -2.754719e-01 -0.0519101437 0.16731218
cc2             1.000000e+00 -2.199558e-01  0.0174777644 0.44037401
cc3             1.000000e+00 -1.196500e+00 -0.9039867407 0.27990008
cc4             1.000000e+00 -2.447130e-01  0.0101628168 0.29040246
cc5             1.000000e+00 -2.072292e-01 -0.0015409885 0.25809894
cc6             1.000000e+00 -3.765469e-01 -0.1245962257 0.13127383
cc7             1.000000e+00 -1.674905e-01  0.0183376175 0.27918651
cc8             1.000000e+00 -3.598489e-01 -0.0068676029 0.36693361
cc9             1.000000e+00 -1.803921e-01  0.0221509435 0.28241211
cc10            1.000000e+00 -2.652895e-01  0.0140168813 0.65780553
cc11            1.000000e+00 -3.076606e-01 -0.0011262132 0.32408279
1               7.665667e-01 -3.711777e-01  0.8897910274 1.25916974
lcentralization 3.733333e-03  0.000000e+00  0.0000000000 0.00000000
lwarfare        1.011111e-03  0.000000e+00  0.0000000000 0.00000000
larea           9.780000e-02  0.000000e+00  0.0000000000 0.07021347
lpopulation     1.788889e-03  0.000000e+00  0.0000000000 0.00000000
ldepend15       0.000000e+00  0.000000e+00  0.0000000000 0.00000000
ldepend64       1.622222e-03  0.000000e+00  0.0000000000 0.00000000
lurban          1.666667e-03  0.000000e+00  0.0000000000 0.00000000
lpop_growth     4.116667e-02 -5.924068e-06  0.0000000000 0.00000000
ltrade          1.044444e-03  0.000000e+00  0.0000000000 0.00000000
lgini_gross     0.000000e+00  0.000000e+00  0.0000000000 0.00000000
ldebt           8.888889e-03  0.000000e+00  0.0000000000 0.00000000
lfdi_liab       1.214444e-02  0.000000e+00  0.0000000000 0.00000000
linflation      1.444444e-04  0.000000e+00  0.0000000000 0.00000000
ldemocracy      7.777778e-05  0.000000e+00  0.0000000000 0.00000000
lpol_comp       3.095222e-01 -2.165664e-02  0.0000000000 0.02879573
lpresidential   7.788889e-03  0.000000e+00  0.0000000000 0.00000000
lplurality      3.688667e-01  0.000000e+00  0.0000000000 1.30245820
lpol_rights     9.751111e-02 -2.338802e-02  0.0000000000 0.03060048
lgdp_pc         0.000000e+00  0.000000e+00  0.0000000000 0.00000000
                         Mean           SD      CondMean      CondSD
per03           -1.667136e-03 8.197345e-02 -0.0015185779 0.081973446
per04           -8.029355e-03 8.500588e-02 -0.0083662140 0.085005876
per05           -6.526546e-03 8.126742e-02 -0.0076910310 0.081267423
per06            8.967672e-03 8.997231e-02  0.0084907803 0.089972312
per07            8.853022e-03 1.069332e-01  0.0075021341 0.106933247
per08           -5.220156e-02 1.135577e-01 -0.0527332763 0.113557745
cc2              3.259938e-02 1.612268e-01  0.0367603806 0.161226773
cc3             -6.767317e-01 4.738919e-01 -0.6834820584 0.473891929
cc4              7.322653e-03 1.324252e-01  0.0106440511 0.132425161
cc5              2.245458e-03 1.177284e-01  0.0051189699 0.117728383
cc6             -1.281646e-01 1.299448e-01 -0.1226857594 0.129944850
cc7              2.300232e-02 1.104950e-01  0.0270081886 0.110494991
cc8             -5.790412e-03 1.829535e-01 -0.0035620358 0.182953465
cc9              2.629896e-02 1.156245e-01  0.0279952533 0.115624501
cc10             4.293916e-02 2.165042e-01  0.0475124732 0.216504236
cc11             2.058935e-03 1.621072e-01  0.0042640621 0.162107228
1                6.232502e-01 5.268674e-01  0.8174838945 0.453648847
lcentralization -2.719604e-06 3.172424e-04 -0.0019113109 0.005251318
lwarfare         8.727879e-07 6.869167e-04  0.0010448846 0.017135463
larea            4.475390e-03 1.959803e-02  0.0502588716 0.041004312
lpopulation      5.180080e-05 2.905334e-03  0.0483988344 0.051420231
ldepend15        0.000000e+00 0.000000e+00           NaN          NA
ldepend64       -1.656729e-06 7.510320e-04  0.0016588415 0.018691442
lurban           6.436044e-06 2.519243e-04  0.0044224780 0.005485578
lpop_growth     -1.365176e-04 7.272536e-03 -0.0071879629 0.034519676
ltrade          -9.492135e-08 4.496162e-05 -0.0006851672 0.001392910
lgini_gross      0.000000e+00 0.000000e+00           NaN          NA
ldebt           -1.308878e-05 1.915574e-04 -0.0011916648 0.001838792
lfdi_liab       -1.782728e-04 3.725161e-03 -0.0136569123 0.032420319
linflation       1.953386e-07 0.000000e+00           NaN          NA
ldemocracy      -4.968338e-07 9.897902e-04  0.0188431229 0.064711676
lpol_comp        1.220715e-03 1.157583e-02  0.0030610904 0.020659471
lpresidential   -4.141498e-04 1.860189e-02 -0.0293839437 0.196057856
lplurality       3.023067e-01 4.729790e-01  0.8021635624 0.449706320
lpol_rights      3.384297e-04 1.543497e-02  0.0032849756 0.048462417
lgdp_pc          0.000000e+00 0.000000e+00           NaN          NA

[[18]]
                        Prob          Low         Med         Up          Mean
per03           1.000000e+00 -0.802685801 -0.32478193 0.13335490 -3.348504e-01
per04           1.000000e+00 -0.268349375  0.22834554 0.71768542  2.220348e-01
per05           1.000000e+00  0.009808445  0.49197242 0.96466464  4.869117e-01
per06           1.000000e+00 -0.729890967 -0.21748801 0.40146847 -2.079421e-01
per07           1.000000e+00 -0.668164540 -0.08092716 0.60254539 -6.296895e-02
per08           1.000000e+00 -0.436639360  0.18606959 0.95560728  1.989376e-01
cc2             1.000000e+00  0.279494551  1.01218462 1.82289235  1.022829e+00
cc3             1.000000e+00 -1.069309540  0.02464820 0.82235525 -4.166300e-03
cc4             1.000000e+00 -0.651902226  0.16522762 0.88536031  1.560103e-01
cc5             1.000000e+00 -0.225820886  0.57866719 1.31832387  5.729758e-01
cc6             1.000000e+00 -0.374496226  0.41580403 1.30163467  4.266320e-01
cc7             1.000000e+00 -0.414445866  0.12217367 0.68172523  1.214869e-01
cc8             1.000000e+00 -1.696653011 -0.20336542 0.82323731 -2.459685e-01
cc9             1.000000e+00 -0.652457988  0.24996996 0.99594041  2.235569e-01
cc10            1.000000e+00 -0.190607766  0.89209249 1.79632476  8.757134e-01
cc11            1.000000e+00 -1.161718312 -0.27933724 0.56822090 -2.882976e-01
1               4.508889e-01 -0.426884418  0.00000000 1.51056085  1.834524e-01
lcentralization 7.211111e-03  0.000000000  0.00000000 0.00000000 -4.612918e-06
lwarfare        1.276444e-01  0.000000000  0.00000000 0.14376640  1.073344e-02
larea           1.162889e-01 -0.078224029  0.00000000 0.01552631 -3.719404e-03
lpopulation     6.881111e-02  0.000000000  0.00000000 0.23788634  1.340164e-02
ldepend15       6.377778e-02  0.000000000  0.00000000 0.01779268  1.004055e-03
ldepend64       6.573333e-02 -0.078379078  0.00000000 0.00000000 -4.453502e-03
lurban          1.111111e-05  0.000000000  0.00000000 0.00000000  2.100577e-07
lpop_growth     7.481111e-01  0.000000000  0.18313730 0.39702042  1.676855e-01
ltrade          7.322222e-03  0.000000000  0.00000000 0.00000000  2.908614e-05
lgini_gross     1.740000e-02  0.000000000  0.00000000 0.00000000 -4.888783e-05
ldebt           7.777778e-05  0.000000000  0.00000000 0.00000000  3.554547e-08
lfdi_liab       7.000000e-04  0.000000000  0.00000000 0.00000000  4.268101e-05
linflation      8.847778e-02 -0.012504138  0.00000000 0.00000000 -7.714010e-04
ldemocracy      5.000000e-04  0.000000000  0.00000000 0.00000000 -4.350443e-05
lpol_comp       9.782222e-02 -0.262403681  0.00000000 0.00000000 -1.826239e-02
lpresidential   9.661111e-02 -1.060422549  0.00000000 0.00000000 -7.725954e-02
lplurality      4.266667e-03  0.000000000  0.00000000 0.00000000  2.015781e-03
lpol_rights     9.928111e-01  0.295427524  0.71628229 0.87770858  6.951752e-01
lgdp_pc         0.000000e+00  0.000000000  0.00000000 0.00000000  0.000000e+00
                          SD     CondMean      CondSD
per03           0.2382602169 -0.330426086 0.238260217
per04           0.2487129600  0.223595411 0.248712960
per05           0.2413433702  0.490861693 0.241343370
per06           0.2816878583 -0.208769934 0.281687858
per07           0.3153636140 -0.069928921 0.315363614
per08           0.3436126962  0.198793188 0.343612696
cc2             0.3914026994  1.022501588 0.391402699
cc3             0.4645834502 -0.004078622 0.464583450
cc4             0.3942523986  0.151425170 0.394252399
cc5             0.3902028930  0.575936511 0.390202893
cc6             0.4181954154  0.432488607 0.418195415
cc7             0.2817987682  0.126477572 0.281798768
cc8             0.5979462675 -0.240743427 0.597946268
cc9             0.4110666757  0.229380311 0.411066676
cc10            0.5028470476  0.874999837 0.502847048
cc11            0.4371358702 -0.286251068 0.437135870
1               0.4708140854  0.406127154 0.637256109
lcentralization 0.0009309503 -0.002819053 0.011280450
lwarfare        0.0384312970  0.082960044 0.072580729
larea           0.0291021011 -0.033218641 0.078823981
lpopulation     0.0600394386  0.195081671 0.128144000
ldepend15       0.0048070328  0.015631762 0.011899111
ldepend64       0.0203340671 -0.066498179 0.045476049
lurban          0.0000000000          NaN          NA
lpop_growth     0.1271991670  0.223305629 0.095373801
ltrade          0.0004892882  0.004270606 0.003482884
lgini_gross     0.0020749280 -0.003091491 0.014981883
ldebt           0.0000000000          NaN          NA
lfdi_liab       0.0060934467  0.137110857 0.254213501
linflation      0.0031383268 -0.008674503 0.006387538
ldemocracy      0.0026761536 -0.124471053 0.069484791
lpol_comp       0.0669723085 -0.185053715 0.122423898
lpresidential   0.2736765887 -0.801052073 0.437597720
lplurality      0.0501880051  0.542703155 0.594920972
lpol_rights     0.1345734675  0.701224631 0.120853742
lgdp_pc         0.0000000000          NaN          NA

[[19]]
                        Prob          Low           Med          Up
per03           1.0000000000 -0.048227719  0.2017885652 0.447463678
per04           1.0000000000  0.027292643  0.3049144170 0.578255002
per05           1.0000000000  0.098346285  0.4080554690 0.718776574
per06           1.0000000000 -0.274898799  0.1142965615 0.520822616
per07           1.0000000000 -0.576588540 -0.1069754987 0.390879314
per08           1.0000000000 -0.347776615  0.1499051198 0.659354667
cc2             1.0000000000  0.090273359  0.8339358004 1.541290914
cc3             1.0000000000 -1.214664846 -0.4802343708 0.285802905
cc4             1.0000000000  0.010094482  0.8566854195 1.434453070
cc5             1.0000000000 -0.419586643  0.2139571484 0.916139495
cc6             1.0000000000 -0.437534849  0.4161284820 1.264477806
cc7             1.0000000000 -0.867284282 -0.0003714817 0.579312966
cc8             1.0000000000 -0.748294123  0.1850587654 1.155439510
cc9             1.0000000000 -1.049651384 -0.4021137731 0.238107786
cc10            1.0000000000 -2.209445816 -0.5660379467 0.867429585
cc11            1.0000000000 -0.666003537  0.0441950954 0.775443745
1               0.9287333333  0.000000000  2.2690255151 3.833498264
lcentralization 0.4964111111  0.000000000  0.0000000000 0.027205051
lwarfare        0.0488000000  0.000000000  0.0000000000 0.004677587
larea           0.0001666667  0.000000000  0.0000000000 0.000000000
lpopulation     0.0031444444  0.000000000  0.0000000000 0.000000000
ldepend15       0.0012000000  0.000000000  0.0000000000 0.000000000
ldepend64       0.0040777778  0.000000000  0.0000000000 0.000000000
lurban          1.0000000000  0.027575749  0.0497484736 0.078404925
lpop_growth     0.1253444444  0.000000000  0.0000000000 0.114460264
ltrade          0.2603000000 -0.008918147  0.0000000000 0.000000000
lgini_gross     0.0038888889  0.000000000  0.0000000000 0.000000000
ldebt           0.0010000000  0.000000000  0.0000000000 0.000000000
lfdi_liab       0.9862555556  0.097685151  0.2759137825 0.414842116
linflation      0.0008555556  0.000000000  0.0000000000 0.000000000
ldemocracy      0.0028222222  0.000000000  0.0000000000 0.000000000
lpol_comp       0.1767333333 -0.098621707  0.0000000000 0.000000000
lpresidential   0.0066000000  0.000000000  0.0000000000 0.000000000
lplurality      0.0064777778  0.000000000  0.0000000000 0.000000000
lpol_rights     0.2023000000 -0.048166609  0.0000000000 0.155208492
lgdp_pc         0.0000000000  0.000000000  0.0000000000 0.000000000
                         Mean           SD     CondMean      CondSD
per03            2.019621e-01 1.279712e-01  0.200452755 0.127971201
per04            3.050421e-01 1.417180e-01  0.302658874 0.141718036
per05            4.098558e-01 1.577712e-01  0.408761139 0.157771175
per06            1.171890e-01 2.015615e-01  0.116613458 0.201561463
per07           -1.016498e-01 2.496751e-01 -0.103920099 0.249675052
per08            1.485888e-01 2.600758e-01  0.148843543 0.260075782
cc2              8.268151e-01 3.695925e-01  0.826886145 0.369592483
cc3             -4.764321e-01 3.891666e-01 -0.475295043 0.389166632
cc4              7.970768e-01 3.980717e-01  0.794133456 0.398071690
cc5              2.185334e-01 3.431210e-01  0.221394590 0.343121049
cc6              4.247157e-01 4.371596e-01  0.423371395 0.437159627
cc7             -5.639654e-02 4.064343e-01 -0.056847481 0.406434292
cc8              1.884869e-01 4.856454e-01  0.190716538 0.485645423
cc9             -4.036071e-01 3.282440e-01 -0.400731822 0.328243974
cc10            -6.683749e-01 7.333960e-01 -0.659687439 0.733395974
cc11             4.203926e-02 3.623240e-01  0.044332290 0.362323960
1                2.079032e+00 1.106775e+00  2.238388463 0.982674630
lcentralization  8.930067e-03 9.768699e-03  0.017891089 0.005569134
lwarfare         4.012912e-04 9.404427e-03  0.004957950 0.042556626
larea            2.628965e-05 0.000000e+00          NaN          NA
lpopulation      4.802421e-04 1.248351e-02  0.157687935 0.089716233
ldepend15        7.278480e-06 3.656045e-04  0.007285216 0.005907429
ldepend64        6.070406e-05 2.112297e-03  0.022167805 0.028170661
lurban           5.079783e-02 1.347783e-02  0.050831232 0.013477830
lpop_growth      7.575727e-03 3.105142e-02  0.060370807 0.067916430
ltrade          -1.455977e-03 2.772984e-03 -0.005657120 0.002417071
lgini_gross      3.439378e-05 9.441262e-04  0.006857987 0.011701245
ldebt            2.420348e-07 6.216005e-05 -0.002074495 0.001790621
lfdi_liab        2.720685e-01 8.070629e-02  0.275049221 0.074383273
linflation       7.786467e-07 1.222167e-04 -0.001169548 0.004802870
ldemocracy      -1.564721e-04 3.049246e-03 -0.055973563 0.034774388
lpol_comp       -9.450626e-03 2.915296e-02 -0.051836499 0.050913818
lpresidential    9.283135e-04 2.204022e-02  0.101361097 0.251144473
lplurality       6.821288e-03 1.222858e-01  1.334874878 0.714577758
lpol_rights      1.165917e-02 4.795032e-02  0.060025005 0.092497246
lgdp_pc          0.000000e+00 0.000000e+00          NaN          NA

[[20]]
                      Prob         Low          Med          Up          Mean
per03          1.000000000 -1.82139653  0.011687387  1.89291894  3.900164e-02
per04          1.000000000 -1.66453499  0.217839291  2.06705707  2.256141e-01
per05          1.000000000 -1.52926893  0.298086412  2.19160747  3.134884e-01
per06          1.000000000 -1.87456549 -0.006151554  1.85685097  4.439559e-04
per07          1.000000000 -2.15415249 -0.288698296  1.53424314 -2.893052e-01
per08          1.000000000 -1.98425533 -0.009713594  1.81409650 -3.592743e-02
cc2            1.000000000 -1.67862660  0.163652626  2.12917775  1.794436e-01
cc3            1.000000000 -2.08398582 -0.100709078  1.88002078 -9.641226e-02
cc4            1.000000000 -2.98507566 -1.026721609  0.91950151 -1.004489e+00
cc5            1.000000000 -1.75591100  0.215253063  2.10446440  2.060571e-01
cc6            1.000000000 -1.81772801  0.160039099  2.07347763  1.610690e-01
cc7            1.000000000 -1.49936911  0.486906048  2.40794494  4.919418e-01
cc8            1.000000000 -1.25743052  0.669801528  2.61775966  6.626287e-01
cc9            1.000000000 -2.35386874 -0.459787043  1.41247626 -4.573718e-01
cc10           1.000000000 -2.36982428 -0.367998192  1.59516565 -3.591970e-01
cc11           1.000000000 -2.33534119 -0.418319458  1.49312943 -4.276269e-01
1              0.656144444 -1.45622937  0.000000000  2.05089166  1.937108e-01
centralization 1.000000000  1.21901394  1.606308858  1.95683531  1.600309e+00
warfare        0.707566667 -2.00416537 -0.479408444  0.31798942 -5.808189e-01
area           0.020777778  0.00000000  0.000000000  0.00000000  3.872302e-03
population     0.019977778  0.00000000  0.000000000  0.00000000 -1.285544e-04
depend15       0.008333333  0.00000000  0.000000000  0.00000000  1.899724e-04
depend64       0.999744444  0.54665879  1.093630512  1.61557083  1.085506e+00
urban          0.008488889  0.00000000  0.000000000  0.00000000  9.162636e-06
pop_growth     0.630255556 -1.00123489  0.000000000  1.90866795  2.809956e-01
trade          0.160711111 -0.04989231  0.000000000  0.00000000 -4.956005e-03
gini_gross     0.021755556  0.00000000  0.000000000  0.00000000  4.976008e-04
debt           1.000000000 -3.08976982 -2.617236356 -2.08245190 -2.611366e+00
fdi_liab       0.044055556 -0.02072706  0.000000000  0.00000000 -3.197258e-03
inflation      0.016200000  0.00000000  0.000000000  0.00000000  3.291388e-04
democracy      0.008688889  0.00000000  0.000000000  0.00000000  9.914869e-04
pol_comp       0.789177778 -1.56019498  0.191820821  1.90743402  3.156515e-01
presidential   0.096977778 -0.91033472  0.000000000  0.06652047 -4.241709e-02
plurality      0.722900000 -1.71815285  0.000000000  1.88891795  9.557307e-02
pol_rights     0.644900000 -1.48208591  0.000000000  1.35383445 -4.916628e-02
gdp_pc         0.000000000  0.00000000  0.000000000  0.00000000  0.000000e+00
                        SD      CondMean     CondSD
per03          0.950246020  0.0203484498 0.95024602
per04          0.961509095  0.2339105026 0.96150909
per05          0.949925295  0.3076672173 0.94992529
per06          0.966521488 -0.0002947082 0.96652149
per07          0.949058206 -0.2981782954 0.94905821
per08          0.969001081 -0.0265222292 0.96900108
cc2            0.980064710  0.1902863501 0.98006471
cc3            1.007849163 -0.0947977163 1.00784916
cc4            0.990888094 -1.0083863053 0.99088809
cc5            0.986415719  0.2019404357 0.98641572
cc6            0.988077050  0.1530766507 0.98807705
cc7            0.993720938  0.4785029696 0.99372094
cc8            0.991996959  0.6670969891 0.99199696
cc9            0.975185587 -0.4710061619 0.97518559
cc10           1.002385859 -0.3701364784 1.00238586
cc11           0.987363886 -0.4095179573 0.98736389
1              0.808539457  0.2641428541 0.98403030
centralization 0.186563476  1.6006032829 0.18656348
warfare        0.647895706 -0.8208916793 0.62961690
area           0.043051696  0.2232635561 0.21257132
population     0.033672982 -0.0076986925 0.24286864
depend15       0.004858923  0.0315803438 0.04015733
depend64       0.275499152  1.0860670968 0.27549915
urban          0.002686676 -0.0012757977 0.02963853
pop_growth     0.688099008  0.4571676533 0.82637547
trade          0.013738121 -0.0307192646 0.01964374
gini_gross     0.009409574  0.0187800300 0.06062796
debt           0.273832702 -2.6112255482 0.27383270
fdi_liab       0.056904581 -0.1110490195 0.26275801
inflation      0.012204453  0.0225070906 0.09030244
democracy      0.025864612  0.0766593846 0.27494901
pol_comp       0.838563767  0.4018587377 0.92690244
presidential   0.265573385 -0.4294847715 0.75133234
plurality      0.854208729  0.1119308331 0.99784728
pol_rights     0.643965845 -0.0829791037 0.79997836
gdp_pc         0.000000000           NaN         NA

