[[1]]
 [1] 0.8478 1.0000 1.0000 1.0000 1.0000 0.1996 0.2492 0.2548 0.1022 0.9700
[11] 0.0042 0.5792 0.3900

[[2]]
 [1] 0.3494 1.0000 1.0000 1.0000 0.0068 1.0000 0.0586 0.1678 0.0038 0.0126
[11] 0.0180 0.0390 0.1208

[[3]]
 [1] 0.0036 1.0000 1.0000 1.0000 0.0010 0.0102 1.0000 0.2766 0.1346 0.1166
[11] 0.0676 0.9716 0.9220

[[4]]
 [1] 0.2390 1.0000 1.0000 1.0000 0.0006 0.0042 1.0000 0.1454 0.0708 0.1170
[11] 0.0342 0.9594 0.9754

[[5]]
 [1] 0.9648 1.0000 1.0000 1.0000 0.8756 0.5476 1.0000 0.9860 0.6818 1.0000
[11] 0.2748 1.0000 0.9998

[[6]]
 [1] 0.5164 1.0000 1.0000 1.0000 0.0070 0.0644 0.2052 1.0000 0.1562 0.1894
[11] 0.3816 0.0280 0.5000

[[7]]
 [1] 0.3366 1.0000 1.0000 1.0000 0.6782 0.0564 0.2224 1.0000 0.3008 0.2946
[11] 0.0096 0.3814 0.4610

[[8]]
 [1] 0.0574 1.0000 1.0000 1.0000 0.5594 0.0380 0.1040 0.2274 0.0362 0.9946
[11] 0.2058 0.3158 0.6820

[[9]]
 [1] 0.9918 1.0000 1.0000 1.0000 0.0898 0.4158 0.3604 0.1884 1.0000 0.1072
[11] 0.1378 0.4042 0.5856

[[10]]
 [1] 0.2734 1.0000 1.0000 1.0000 0.0264 0.1124 0.2826 0.0662 0.0748 1.0000
[11] 0.0146 0.5146 0.9446

[[11]]
 [1] 0.9980 1.0000 1.0000 1.0000 0.8992 0.6816 0.6154 0.9966 0.4446 0.5306
[11] 0.8782 0.9820 0.8264

[[12]]
 [1] 0.4286 1.0000 1.0000 1.0000 0.0116 0.0318 0.9640 0.1068 0.1398 0.2988
[11] 1.0000 0.5610 0.9984

[[13]]
 [1] 0.6852 1.0000 1.0000 1.0000 1.0000 0.3962 0.3912 0.9678 0.6600 1.0000
[11] 0.5084 0.9496 0.7522

[[14]]
 [1] 0.3318 1.0000 1.0000 1.0000 0.0446 0.7932 0.1256 0.9958 0.1188 0.2322
[11] 0.0160 1.0000 0.7410

[[15]]
 [1] 0.5204 1.0000 1.0000 1.0000 0.6112 0.0804 0.1298 1.0000 0.2422 0.9998
[11] 0.0008 1.0000 0.9572

[[16]]
 [1] 0.0460 1.0000 1.0000 1.0000 0.0054 0.0404 0.2346 0.0168 0.0808 0.0124
[11] 0.0008 0.1744 0.2268

[[17]]
 [1] 0.1486 1.0000 1.0000 1.0000 0.0026 0.0094 0.0888 0.5328 0.0090 0.0196
[11] 0.0014 0.0220 0.2104

[[18]]
 [1] 0.0852 1.0000 1.0000 1.0000 0.2940 0.0322 0.9376 0.0780 0.0930 0.0526
[11] 0.0088 1.0000 0.9772

[[19]]
 [1] 0.2246 1.0000 1.0000 1.0000 0.0062 0.0076 0.0720 0.2948 0.0124 0.0220
[11] 0.0000 0.3482 1.0000

[[20]]
 [1] 0.8674 1.0000 1.0000 1.0000 1.0000 0.6808 0.7042 0.9786 0.8320 1.0000
[11] 1.0000 0.7960 0.7464

