[[1]]
 [1] 1.0000 1.0000 1.0000 1.0000 0.4156 0.3736 0.8376 0.1630 0.8728 0.0958
[11] 0.3410 0.8706

[[2]]
 [1] 1.0000 1.0000 1.0000 0.0116 1.0000 0.0626 0.0178 0.0132 0.0098 0.1900
[11] 0.0458 0.1734

[[3]]
 [1] 1.0000 1.0000 1.0000 0.0022 0.0370 1.0000 0.7716 0.6578 0.1136 0.0256
[11] 0.5896 0.7594

[[4]]
 [1] 1.0000 1.0000 1.0000 0.0008 0.0156 1.0000 0.4654 0.1810 0.0756 0.0008
[11] 0.0698 0.2034

[[5]]
 [1] 1.0000 1.0000 1.0000 1.0000 0.5158 1.0000 1.0000 0.3552 0.9976 0.3914
[11] 0.9328 0.9718

[[6]]
 [1] 1.0000 1.0000 1.0000 0.0958 0.0936 0.4670 1.0000 0.2472 0.8056 0.1812
[11] 0.1322 0.2948

[[7]]
 [1] 1.0000 1.0000 1.0000 1.0000 0.5304 1.0000 1.0000 0.3392 0.9970 0.1176
[11] 0.9978 0.9640

[[8]]
 [1] 1.0000 1.0000 1.0000 0.0060 0.0874 0.0898 0.9802 0.0452 0.6238 0.0014
[11] 0.2740 0.1776

[[9]]
 [1] 1.0000 1.0000 1.0000 0.0504 0.5666 0.3934 0.5850 1.0000 0.1514 0.0058
[11] 0.7268 0.6526

[[10]]
 [1] 1.0000 1.0000 1.0000 0.0222 0.2256 0.5296 0.3096 0.0418 1.0000 0.1216
[11] 0.2056 0.6030

[[11]]
 [1] 1.0000 1.0000 1.0000 0.1310 0.8116 0.5578 0.4294 0.1836 0.3886 1.0000
[11] 0.7716 0.8980

[[12]]
 [1] 1.0000 1.0000 1.0000 0.0050 0.0692 0.7042 0.8272 0.1934 0.2230 1.0000
[11] 0.0614 0.1650

[[13]]
 [1] 1.0000 1.0000 1.0000 0.5608 0.7180 0.5500 1.0000 0.9724 1.0000 0.1986
[11] 0.9878 0.6192

[[14]]
 [1] 1.0000 1.0000 1.0000 0.0790 0.0734 0.1474 0.0468 0.0568 0.0134 0.0030
[11] 1.0000 1.0000

[[15]]
 [1] 1.0000 1.0000 1.0000 0.0032 0.9132 1.0000 0.0852 0.2996 0.0464 0.0310
[11] 0.0726 1.0000

[[16]]
 [1] 1.0000 1.0000 1.0000 0.0028 0.7014 0.7090 0.0834 0.0188 0.0138 0.0042
[11] 0.4924 0.5080

[[17]]
 [1] 1.0000 1.0000 1.0000 0.0040 0.0296 0.1304 0.7206 0.0478 0.0328 0.0002
[11] 0.0788 0.1266

[[18]]
 [1] 1.0000 1.0000 1.0000 0.0066 0.0774 0.8856 0.0952 0.0822 0.1508 0.0116
[11] 0.2142 0.9994

[[19]]
 [1] 1.0000 1.0000 1.0000 0.0024 0.2478 0.2050 0.0270 0.0360 0.0116 0.0008
[11] 0.2392 1.0000

[[20]]
 [1] 1.0000 1.0000 1.0000 0.9294 0.6794 0.4808 0.7622 0.9546 1.0000 1.0000
[11] 0.7790 0.8460

