[[1]]
 [1] 1.0000000 1.0000000 1.0000000 1.0000000 1.0000000 0.2000000 0.5333333
 [8] 0.6333333 0.3888889 0.9777778 0.0000000 0.6777778 0.5333333

[[2]]
 [1] 0.54444444 1.00000000 1.00000000 1.00000000 0.00000000 1.00000000
 [7] 0.42222222 0.48888889 0.00000000 0.03333333 0.15555556 0.07777778
[13] 0.56666667

[[3]]
 [1] 0.88888889 1.00000000 1.00000000 1.00000000 0.11111111 0.00000000
 [7] 0.90000000 0.02222222 0.13333333 0.00000000 0.00000000 0.00000000
[13] 0.00000000

[[4]]
 [1] 0.00000000 1.00000000 1.00000000 1.00000000 0.07777778 0.01111111
 [7] 1.00000000 0.21111111 0.23333333 0.20000000 0.02222222 0.12222222
[13] 0.17777778

[[5]]
 [1] 0.87777778 1.00000000 1.00000000 1.00000000 0.00000000 0.61111111
 [7] 0.02222222 1.00000000 0.08888889 0.13333333 0.00000000 0.00000000
[13] 0.20000000

[[6]]
 [1] 0.8222222 1.0000000 1.0000000 1.0000000 0.1111111 0.1111111 0.1777778
 [8] 1.0000000 1.0000000 0.7555556 0.7777778 1.0000000 1.0000000

[[7]]
 [1] 0.93333333 1.00000000 1.00000000 1.00000000 0.01111111 0.05555556
 [7] 0.44444444 1.00000000 0.02222222 0.86666667 0.00000000 1.00000000
[13] 0.51111111

[[8]]
 [1] 0.1777778 1.0000000 1.0000000 1.0000000 0.0000000 0.1000000 0.4222222
 [8] 0.0000000 0.0000000 0.0000000 0.0000000 1.0000000 1.0000000

[[9]]
 [1] 0.97777778 1.00000000 1.00000000 1.00000000 0.04444444 0.40000000
 [7] 0.20000000 0.22222222 1.00000000 0.03333333 0.00000000 0.42222222
[13] 0.41111111

[[10]]
 [1] 0.94444444 1.00000000 1.00000000 1.00000000 0.05555556 0.12222222
 [7] 0.24444444 0.71111111 0.00000000 1.00000000 0.08888889 0.28888889
[13] 1.00000000

[[11]]
 [1] 1.00000000 1.00000000 1.00000000 1.00000000 0.25555556 0.70000000
 [7] 0.75555556 0.92222222 0.05555556 0.31111111 1.00000000 0.84444444
[13] 0.66666667

[[12]]
 [1] 0.36666667 1.00000000 1.00000000 1.00000000 0.00000000 0.05555556
 [7] 1.00000000 1.00000000 1.00000000 0.03333333 0.02222222 0.41111111
[13] 1.00000000

[[13]]
 [1] 1.0000000 1.0000000 1.0000000 1.0000000 0.2111111 0.9777778 0.7444444
 [8] 0.9111111 0.7777778 0.4777778 1.0000000 0.9333333 0.7333333

[[14]]
 [1] 0.76666667 1.00000000 1.00000000 1.00000000 0.00000000 0.45555556
 [7] 0.38888889 0.21111111 0.30000000 0.04444444 0.00000000 1.00000000
[13] 1.00000000

[[15]]
 [1] 0.58888889 1.00000000 1.00000000 1.00000000 0.00000000 0.04444444
 [7] 0.52222222 0.08888889 0.33333333 0.14444444 1.00000000 1.00000000
[13] 1.00000000

[[16]]
 [1] 0.86666667 1.00000000 1.00000000 1.00000000 0.00000000 0.00000000
 [7] 0.03333333 0.00000000 0.34444444 0.00000000 0.03333333 0.90000000
[13] 0.45555556

[[17]]
 [1] 0.02222222 1.00000000 1.00000000 1.00000000 0.00000000 0.00000000
 [7] 0.00000000 0.00000000 0.00000000 0.00000000 0.47777778 1.00000000
[13] 0.70000000

[[18]]
 [1] 0.36666667 1.00000000 1.00000000 1.00000000 0.00000000 0.23333333
 [7] 0.60000000 0.14444444 0.05555556 0.12222222 0.00000000 1.00000000
[13] 1.00000000

[[19]]
 [1] 0.07777778 1.00000000 1.00000000 1.00000000 0.00000000 0.00000000
 [7] 1.00000000 1.00000000 0.25555556 0.42222222 0.42222222 0.54444444
[13] 0.96666667

[[20]]
 [1] 0.93333333 1.00000000 1.00000000 1.00000000 1.00000000 1.00000000
 [7] 0.35555556 0.71111111 0.16666667 0.16666667 0.05555556 1.00000000
[13] 0.73333333

