[[1]]
 [1] 1.0000 1.0000 1.0000 1.0000 0.4840 0.8172 0.5784 0.2918 0.8962 0.1478
[11] 0.4164 0.7174

[[2]]
 [1] 1.0000 1.0000 1.0000 0.0122 1.0000 0.0662 0.0200 0.0038 0.0198 0.0006
[11] 0.7050 0.1906

[[3]]
 [1] 1.0000 1.0000 1.0000 0.0008 0.0120 1.0000 0.2238 0.0442 0.0700 0.0006
[11] 0.0388 0.1548

[[4]]
 [1] 1.0000 1.0000 1.0000 0.0008 0.0126 1.0000 0.0302 0.0052 0.0086 0.0020
[11] 0.0112 0.0636

[[5]]
 [1] 1.0000 1.0000 1.0000 0.0188 0.4520 0.1536 1.0000 0.5578 0.6510 0.0014
[11] 0.9432 0.4144

[[6]]
 [1] 1.0000 1.0000 1.0000 0.0064 0.1810 0.3342 1.0000 0.0982 0.5712 0.0660
[11] 0.1692 0.6714

[[7]]
 [1] 1.0000 1.0000 1.0000 0.2196 0.1658 0.8040 1.0000 0.3008 0.4492 0.0044
[11] 0.8464 0.8294

[[8]]
 [1] 1.0000 1.0000 1.0000 0.0158 0.3434 0.0646 0.1632 0.0666 0.0384 0.0032
[11] 0.0200 0.1784

[[9]]
 [1] 1.0000 1.0000 1.0000 0.1666 0.8790 0.3744 0.2582 1.0000 0.1838 0.6518
[11] 0.5116 0.5510

[[10]]
 [1] 1.0000 1.0000 1.0000 0.0176 0.3066 0.1888 0.1968 0.0420 1.0000 0.0818
[11] 0.1240 0.9924

[[11]]
 [1] 1.0000 1.0000 1.0000 0.2724 0.7290 0.4574 0.4180 0.9948 0.9302 0.0048
[11] 0.9894 0.9428

[[12]]
 [1] 1.0000 1.0000 1.0000 0.0206 0.6786 1.0000 0.7036 0.8648 0.1842 0.0132
[11] 0.7306 0.9990

[[13]]
 [1] 1.0000 1.0000 1.0000 0.6138 0.9942 0.7156 0.6836 0.2596 0.5698 0.9914
[11] 0.8204 0.7788

[[14]]
 [1] 1.0000 1.0000 1.0000 0.0122 0.7888 0.8400 0.5168 0.9974 0.1754 0.0062
[11] 0.9984 1.0000

[[15]]
 [1] 1.0000 1.0000 1.0000 0.0100 0.9152 0.1812 0.0780 1.0000 0.0270 0.8078
[11] 0.5160 1.0000

[[16]]
 [1] 1.0000 1.0000 1.0000 0.0024 0.1068 0.4090 0.0224 0.1714 0.0122 0.0010
[11] 1.0000 0.1678

[[17]]
 [1] 1.0000 1.0000 1.0000 0.0010 0.3572 0.1532 0.0714 0.0092 0.0140 0.0014
[11] 1.0000 0.7612

[[18]]
 [1] 1.0000 1.0000 1.0000 0.0042 0.8218 1.0000 0.1706 0.9956 0.1432 0.2500
[11] 1.0000 1.0000

[[19]]
 [1] 1.0000 1.0000 1.0000 0.0016 0.1930 0.3094 0.2276 0.0918 0.0854 0.5666
[11] 0.5870 1.0000

[[20]]
 [1] 1.0000 1.0000 1.0000 0.8838 0.9970 0.5198 0.7130 1.0000 0.9062 0.9964
[11] 0.9154 0.8712

