[[1]]
 [1] 1.0000 1.0000 1.0000 0.6612 1.0000 0.9912 0.9970 0.5222 0.1992 0.0352
[11] 0.6512 0.5822

[[2]]
 [1] 1.0000 1.0000 1.0000 0.4680 0.0606 1.0000 0.0156 0.3554 0.0028 0.0280
[11] 0.0136 0.4176

[[3]]
 [1] 1.0000 1.0000 1.0000 1.0000 0.0018 0.1246 0.1984 0.0138 0.0236 0.0304
[11] 0.0518 0.3542

[[4]]
 [1] 1.0000 1.0000 1.0000 0.4310 0.0016 0.0026 1.0000 0.2654 0.0036 0.0146
[11] 0.0238 0.0070

[[5]]
 [1] 1.0000 1.0000 1.0000 0.6372 0.6556 0.6572 1.0000 1.0000 0.3630 0.2692
[11] 0.1542 0.5664

[[6]]
 [1] 1.0000 1.0000 1.0000 0.6286 0.0072 0.0288 1.0000 0.4726 0.0222 0.0618
[11] 0.0592 0.1402

[[7]]
 [1] 1.0000 1.0000 1.0000 0.5654 0.0232 0.8746 1.0000 0.3138 0.0232 0.0352
[11] 0.0804 0.6592

[[8]]
 [1] 1.0000 1.0000 1.0000 0.5568 0.0046 0.5276 1.0000 0.8204 0.1330 0.8338
[11] 0.1594 0.1786

[[9]]
 [1] 1.0000 1.0000 1.0000 0.7368 0.0610 0.5346 0.1368 0.6254 1.0000 0.0292
[11] 0.6112 0.8916

[[10]]
 [1] 1.0000 1.0000 1.0000 0.8756 0.1300 0.1466 0.4258 0.2928 0.0090 1.0000
[11] 0.1784 0.2800

[[11]]
 [1] 1.0000 1.0000 1.0000 0.8608 0.4144 0.4498 0.9986 0.7662 0.1102 1.0000
[11] 0.9846 0.7086

[[12]]
 [1] 1.0000 1.0000 1.0000 0.9934 0.0118 0.0452 1.0000 0.1160 0.1434 0.9886
[11] 0.5746 0.5868

[[13]]
 [1] 1.0000 1.0000 1.0000 0.8406 0.8968 0.4264 1.0000 0.3842 0.9174 0.3934
[11] 0.0072 0.4802

[[14]]
 [1] 1.0000 1.0000 1.0000 0.6550 0.6474 0.5226 0.7514 0.6252 0.0526 0.3424
[11] 1.0000 0.9916

[[15]]
 [1] 1.0000 1.0000 1.0000 0.8556 0.0080 0.2240 1.0000 0.5598 0.0456 0.7702
[11] 1.0000 0.9974

[[16]]
 [1] 1.0000 1.0000 1.0000 0.9192 0.0014 0.0090 0.0312 0.0468 0.0024 0.0046
[11] 1.0000 0.2458

[[17]]
 [1] 1.0000 1.0000 1.0000 0.2402 0.0010 0.0070 0.2040 0.0242 0.0076 0.0022
[11] 1.0000 0.1508

[[18]]
 [1] 1.0000 1.0000 1.0000 0.7088 0.0726 0.0684 0.0000 0.5340 0.0020 0.0000
[11] 0.5184 1.0000

[[19]]
 [1] 1.0000 1.0000 1.0000 1.0000 0.0022 0.1254 1.0000 0.0416 0.0122 0.9916
[11] 0.6698 0.1520

[[20]]
 [1] 1.0000 1.0000 1.0000 0.6964 0.9022 0.8064 0.5522 0.5928 0.9348 0.6596
[11] 1.0000 0.6944

