[[1]]
 [1] 1.0000 1.0000 1.0000 1.0000 0.2334 0.9568 0.9616 0.0868 0.2832 0.0042
[11] 0.2444 0.9564

[[2]]
 [1] 1.0000 1.0000 1.0000 0.0074 1.0000 0.0898 0.0666 0.0052 0.0170 0.0004
[11] 0.0354 0.5862

[[3]]
 [1] 1.0000 1.0000 1.0000 0.0006 0.0022 1.0000 0.3696 0.0112 0.0308 0.0008
[11] 0.0140 0.0734

[[4]]
 [1] 1.0000 1.0000 1.0000 0.0008 0.0038 1.0000 0.0852 0.0306 0.0266 0.0082
[11] 0.0060 0.0440

[[5]]
 [1] 1.0000 1.0000 1.0000 0.0148 0.5384 0.3036 1.0000 0.0946 0.0404 0.3830
[11] 0.6632 0.5314

[[6]]
 [1] 1.0000 1.0000 1.0000 0.1134 0.1006 0.2064 1.0000 0.9876 0.9602 0.9854
[11] 0.9056 0.9876

[[7]]
 [1] 1.0000 1.0000 1.0000 0.0320 0.0476 0.8560 1.0000 0.1204 0.2384 0.0112
[11] 0.6108 0.2954

[[8]]
 [1] 1.0000 1.0000 1.0000 0.0104 0.0304 0.4716 0.9966 0.7882 0.5602 0.0002
[11] 0.4138 0.4738

[[9]]
 [1] 1.0000 1.0000 1.0000 0.2408 0.5034 0.6142 0.4290 1.0000 0.1330 0.0164
[11] 0.5248 0.5402

[[10]]
 [1] 1.0000 1.0000 1.0000 0.0848 0.1342 0.1572 0.5008 0.0154 1.0000 0.0586
[11] 0.0586 0.9396

[[11]]
 [1] 1.0000 1.0000 1.0000 0.5050 0.5298 0.4782 0.6038 0.1356 0.6670 1.0000
[11] 0.9856 0.7954

[[12]]
 [1] 1.0000 1.0000 1.0000 0.0098 0.0856 0.9946 0.2686 0.1478 0.1834 1.0000
[11] 0.1356 0.9716

[[13]]
 [1] 1.0000 1.0000 1.0000 0.5434 0.9686 0.7108 0.9446 0.6428 0.6706 0.9940
[11] 0.8758 0.8140

[[14]]
 [1] 1.0000 1.0000 1.0000 0.0128 0.6686 0.0870 0.9960 0.1642 0.1814 0.0124
[11] 1.0000 0.9972

[[15]]
 [1] 1.0000 1.0000 1.0000 0.0136 0.1076 0.0742 0.2664 0.0402 0.0112 0.2066
[11] 1.0000 1.0000

[[16]]
 [1] 1.0000 1.0000 1.0000 0.0032 0.0276 0.5914 0.2944 0.1474 0.0172 0.0008
[11] 0.3526 0.2764

[[17]]
 [1] 1.0000 1.0000 1.0000 0.0010 0.0102 0.0482 0.0054 0.0016 0.0026 0.0168
[11] 1.0000 0.8988

[[18]]
 [1] 1.0000 1.0000 1.0000 0.0484 0.2132 0.8056 0.4332 0.5492 0.2158 0.0082
[11] 0.9840 0.9954

[[19]]
 [1] 1.0000 1.0000 1.0000 0.0032 0.0100 0.3382 1.0000 0.6132 0.5630 0.1700
[11] 0.6724 1.0000

[[20]]
 [1] 1.0000 1.0000 1.0000 1.0000 0.9998 1.0000 0.9998 1.0000 1.0000 0.9944
[11] 1.0000 1.0000

