[[1]]
 [1] 1.0000 1.0000 1.0000 1.0000 0.1840 0.2600 0.2296 0.1526 0.1080 0.0926
[11] 0.6918 1.0000

[[2]]
 [1] 1.0000 1.0000 1.0000 0.0156 1.0000 0.1218 0.0760 0.0082 0.0226 0.0416
[11] 0.1138 0.5766

[[3]]
 [1] 1.0000 1.0000 1.0000 0.0026 0.0054 1.0000 0.0220 0.0088 0.0106 0.0104
[11] 0.0080 0.0444

[[4]]
 [1] 1.0000 1.0000 1.0000 0.0008 0.0042 1.0000 0.0424 0.0130 0.0126 0.0298
[11] 0.0028 0.0348

[[5]]
 [1] 1.0000 1.0000 1.0000 0.9772 0.8120 0.9954 0.9674 0.6274 0.9860 0.9900
[11] 0.9954 0.9152

[[6]]
 [1] 1.0000 1.0000 1.0000 0.0782 0.0558 0.1316 0.9888 0.5482 0.9424 0.1894
[11] 0.5632 0.9930

[[7]]
 [1] 1.0000 1.0000 1.0000 0.0166 0.0516 0.1618 1.0000 0.1862 0.1184 0.1040
[11] 0.7762 0.7252

[[8]]
 [1] 1.0000 1.0000 1.0000 0.0888 0.0574 0.9468 0.6878 0.2216 0.4030 0.2396
[11] 0.2602 0.4578

[[9]]
 [1] 1.0000 1.0000 1.0000 0.1346 0.3930 0.4210 0.7182 1.0000 0.2508 0.0390
[11] 0.3502 0.6370

[[10]]
 [1] 1.0000 1.0000 1.0000 0.1840 0.1372 0.1816 0.2144 0.1092 1.0000 0.0400
[11] 0.1116 0.8710

[[11]]
 [1] 1.0000 1.0000 1.0000 1.0000 0.2400 0.9314 0.3792 0.3892 0.2214 0.0026
[11] 0.9270 0.6422

[[12]]
 [1] 1.0000 1.0000 1.0000 0.0122 0.0254 0.9928 0.9436 0.6476 0.1046 1.0000
[11] 0.0682 0.2530

[[13]]
 [1] 1.0000 1.0000 1.0000 0.5736 0.9884 0.8150 0.8438 0.7660 0.8168 0.3560
[11] 0.9116 0.9200

[[14]]
 [1] 1.0000 1.0000 1.0000 0.0508 0.5560 0.2162 0.6568 0.1648 0.3262 0.0910
[11] 1.0000 0.8450

[[15]]
 [1] 1.0000 1.0000 1.0000 0.0286 0.0874 0.6262 0.2754 0.0500 0.0492 0.0852
[11] 1.0000 0.9570

[[16]]
 [1] 1.0000 1.0000 1.0000 0.0102 0.0138 0.0656 0.0058 0.0074 0.0052 0.0138
[11] 0.9982 0.1402

[[17]]
 [1] 1.0000 1.0000 1.0000 0.0028 0.0156 0.0820 0.0110 0.0074 0.0054 0.0024
[11] 0.0128 0.8950

[[18]]
 [1] 1.0000 1.0000 1.0000 0.0342 0.0434 0.8280 0.1634 0.0174 0.0380 0.0018
[11] 1.0000 0.9156

[[19]]
 [1] 1.0000 1.0000 1.0000 0.0076 0.0808 0.3990 0.0652 0.0406 0.0268 0.0024
[11] 0.0762 1.0000

[[20]]
 [1] 1.0000 1.0000 1.0000 0.9976 0.4914 0.6524 0.9960 0.8936 0.3020 1.0000
[11] 0.5608 0.7240

