[[1]]
 [1] 0.87777778 1.00000000 1.00000000 1.00000000 1.00000000 0.10000000
 [7] 0.38888889 1.00000000 0.46666667 0.62222222 0.01111111 1.00000000
[13] 0.93333333

[[2]]
 [1] 0.33333333 1.00000000 1.00000000 1.00000000 0.00000000 1.00000000
 [7] 0.08888889 0.11111111 0.00000000 0.02222222 0.00000000 0.60000000
[13] 0.00000000

[[3]]
 [1] 0.01111111 1.00000000 1.00000000 1.00000000 0.00000000 0.00000000
 [7] 1.00000000 0.21111111 0.00000000 0.01111111 0.00000000 0.00000000
[13] 0.07777778

[[4]]
 [1] 1.00000000 1.00000000 1.00000000 1.00000000 0.00000000 0.00000000
 [7] 1.00000000 0.00000000 0.00000000 0.00000000 0.08888889 1.00000000
[13] 0.58888889

[[5]]
 [1] 1.0000000 1.0000000 1.0000000 1.0000000 0.0000000 0.5222222 0.3111111
 [8] 1.0000000 0.1444444 0.0000000 0.0000000 0.1444444 0.1888889

[[6]]
 [1] 0.43333333 1.00000000 1.00000000 1.00000000 0.00000000 0.08888889
 [7] 1.00000000 1.00000000 1.00000000 1.00000000 0.58888889 1.00000000
[13] 1.00000000

[[7]]
 [1] 0.45555556 1.00000000 1.00000000 1.00000000 0.00000000 0.06666667
 [7] 0.32222222 1.00000000 0.12222222 0.18888889 0.04444444 1.00000000
[13] 0.66666667

[[8]]
 [1] 0.16666667 1.00000000 1.00000000 1.00000000 0.00000000 0.01111111
 [7] 1.00000000 1.00000000 1.00000000 0.97777778 0.00000000 0.02222222
[13] 0.37777778

[[9]]
 [1] 1.00000000 1.00000000 1.00000000 1.00000000 0.08888889 0.45555556
 [7] 0.47777778 0.45555556 1.00000000 0.17777778 0.02222222 0.30000000
[13] 0.51111111

[[10]]
 [1] 0.96666667 1.00000000 1.00000000 1.00000000 0.07777778 0.14444444
 [7] 0.14444444 0.28888889 0.03333333 1.00000000 0.01111111 0.00000000
[13] 1.00000000

[[11]]
 [1] 0.9888889 1.0000000 1.0000000 1.0000000 0.5888889 0.7000000 0.7222222
 [8] 0.8555556 0.1333333 0.5777778 0.8777778 0.9111111 0.7888889

[[12]]
 [1] 0.24444444 1.00000000 1.00000000 1.00000000 0.00000000 0.01111111
 [7] 0.00000000 0.00000000 0.00000000 0.00000000 0.00000000 0.02222222
[13] 1.00000000

[[13]]
 [1] 1.0000000 1.0000000 1.0000000 1.0000000 0.6000000 0.9888889 0.7888889
 [8] 0.8111111 0.6222222 0.6222222 0.9888889 0.9111111 0.9000000

[[14]]
 [1] 0.35555556 1.00000000 1.00000000 1.00000000 0.00000000 0.72222222
 [7] 0.00000000 0.04444444 0.23333333 0.06666667 0.00000000 1.00000000
[13] 1.00000000

[[15]]
 [1] 0.1888889 1.0000000 1.0000000 1.0000000 0.0000000 0.1111111 0.5111111
 [8] 0.0000000 0.0000000 0.0000000 0.0000000 0.7666667 1.0000000

[[16]]
 [1] 0.1888889 1.0000000 1.0000000 1.0000000 0.0000000 0.0000000 0.0000000
 [8] 0.0000000 0.0000000 0.0000000 0.0000000 1.0000000 0.4333333

[[17]]
 [1] 0.00000000 1.00000000 1.00000000 1.00000000 0.00000000 0.03333333
 [7] 0.00000000 0.00000000 0.00000000 0.00000000 0.00000000 1.00000000
[13] 0.02222222

[[18]]
 [1] 0.23333333 1.00000000 1.00000000 1.00000000 0.00000000 0.03333333
 [7] 1.00000000 0.01111111 1.00000000 0.00000000 0.00000000 1.00000000
[13] 1.00000000

[[19]]
 [1] 0.06666667 1.00000000 1.00000000 1.00000000 0.00000000 0.02222222
 [7] 0.00000000 1.00000000 0.21111111 0.21111111 0.22222222 0.00000000
[13] 1.00000000

[[20]]
 [1] 0.9888889 1.0000000 1.0000000 1.0000000 0.5888889 0.5000000 0.2555556
 [8] 0.3333333 0.4888889 0.1888889 0.0000000 1.0000000 0.9666667

