[[1]]
 [1] 1.0000 1.0000 1.0000 1.0000 0.0312 0.4416 0.9998 0.1104 0.0952 0.2146
[11] 0.0296 0.9424

[[2]]
 [1] 1.0000 1.0000 1.0000 0.0610 1.0000 0.2394 0.4348 0.1540 0.1356 0.2086
[11] 0.0596 0.1802

[[3]]
 [1] 1.0000 1.0000 1.0000 0.0054 0.0046 1.0000 0.0008 0.0478 0.0082 0.0052
[11] 0.0000 0.0260

[[4]]
 [1] 1.0000 1.0000 1.0000 0.0116 0.0054 1.0000 0.1192 0.0374 0.0386 0.1088
[11] 0.0172 0.9144

[[5]]
 [1] 1.0000 1.0000 1.0000 0.1172 0.4364 0.2162 1.0000 0.4022 0.9486 0.6990
[11] 0.6474 0.8144

[[6]]
 [1] 1.0000 1.0000 1.0000 0.0136 0.0116 0.2414 1.0000 0.0508 0.0408 0.5324
[11] 0.0234 0.2182

[[7]]
 [1] 1.0000 1.0000 1.0000 0.0210 0.1748 0.6350 0.1586 0.1192 0.8544 0.0406
[11] 0.6342 0.7322

[[8]]
 [1] 1.0000 1.0000 1.0000 0.1112 0.0348 0.9358 0.2116 0.5800 0.6094 0.0298
[11] 0.0444 0.1196

[[9]]
 [1] 1.0000 1.0000 1.0000 0.0218 0.0174 0.4608 0.0914 1.0000 0.0260 0.0210
[11] 0.0184 0.1496

[[10]]
 [1] 1.0000 1.0000 1.0000 0.0508 0.0484 0.5484 0.3374 0.4662 1.0000 0.3334
[11] 0.0466 0.4400

[[11]]
 [1] 1.0000 1.0000 1.0000 0.0404 0.0260 0.3972 0.9552 0.3294 0.0618 1.0000
[11] 0.5882 0.3672

[[12]]
 [1] 1.0000 1.0000 1.0000 0.0178 0.0180 0.8850 0.1274 0.9868 0.0238 0.0298
[11] 0.2470 0.9766

[[13]]
 [1] 1.0000 1.0000 1.0000 0.1318 0.0482 0.1970 0.0996 0.1794 0.1986 0.0926
[11] 0.0270 0.1272

[[14]]
 [1] 1.0000 1.0000 1.0000 0.1126 0.9552 0.2116 0.8904 0.0682 0.0322 0.0374
[11] 0.9992 0.4722

[[15]]
 [1] 1.0000 1.0000 1.0000 0.0630 0.1016 0.2716 0.9726 0.1908 0.0370 0.1598
[11] 0.5056 0.8256

[[16]]
 [1] 1.0000 1.0000 1.0000 0.0442 0.0290 0.2966 0.0292 0.4712 0.0472 0.0594
[11] 1.0000 0.2088

[[17]]
 [1] 1.0000 1.0000 1.0000 0.0354 0.0874 0.9970 0.0270 0.0802 0.0310 0.8776
[11] 1.0000 0.3804

[[18]]
 [1] 1.0000 1.0000 1.0000 0.1284 0.0646 0.2990 0.1564 0.0830 0.0364 0.2406
[11] 1.0000 0.9962

[[19]]
 [1] 1.0000 1.0000 1.0000 0.0180 0.0098 0.8348 0.4500 0.9950 0.0376 0.0522
[11] 0.0136 1.0000

[[20]]
 [1] 1.0000 1.0000 1.0000 0.9996 1.0000 0.9940 0.9334 0.6750 0.6922 0.8612
[11] 0.9996 0.9430

