[[1]]
 [1] 1.0000 1.0000 1.0000 0.8478 1.0000 0.2626 0.1108 0.4464 0.1094 0.3572
[11] 0.6852 0.5698

[[2]]
 [1] 1.0000 1.0000 1.0000 0.7660 0.0100 0.9376 0.9868 0.4516 0.0494 0.3880
[11] 0.3934 0.3148

[[3]]
 [1] 1.0000 1.0000 1.0000 0.3934 0.0004 1.0000 0.0602 0.0146 0.0014 0.0024
[11] 0.0068 0.0108

[[4]]
 [1] 1.0000 1.0000 1.0000 0.4746 0.0012 0.0030 1.0000 0.1390 0.0034 0.0054
[11] 0.0170 0.0078

[[5]]
 [1] 1.0000 1.0000 1.0000 0.7290 0.1190 0.7032 1.0000 0.9924 0.6106 0.9998
[11] 0.9804 0.8012

[[6]]
 [1] 1.0000 1.0000 1.0000 0.8712 0.0270 0.5032 1.0000 0.7230 0.9504 0.9222
[11] 0.8840 0.8962

[[7]]
 [1] 1.0000 1.0000 1.0000 0.7220 0.0632 0.8782 0.9910 0.9720 0.8624 1.0000
[11] 0.8036 0.9084

[[8]]
 [1] 1.0000 1.0000 1.0000 0.6968 0.2310 0.0438 0.1356 0.2078 0.0370 0.3506
[11] 0.7180 0.2658

[[9]]
 [1] 1.0000 1.0000 1.0000 0.7966 0.0904 0.3424 0.0960 0.7060 1.0000 0.0492
[11] 0.8310 0.8168

[[10]]
 [1] 1.0000 1.0000 1.0000 0.7916 0.0306 0.1560 0.0316 0.3638 0.0058 1.0000
[11] 0.0072 0.1588

[[11]]
 [1] 1.0000 1.0000 1.0000 0.8602 0.3156 0.5402 0.8916 0.8084 0.1566 1.0000
[11] 0.9504 0.7624

[[12]]
 [1] 1.0000 1.0000 1.0000 0.5780 0.0386 0.2348 0.9884 0.2420 0.0716 1.0000
[11] 0.1834 0.8100

[[13]]
 [1] 1.0000 1.0000 1.0000 0.9896 0.3546 0.8770 0.4224 0.9728 0.3006 0.2022
[11] 1.0000 0.9416

[[14]]
 [1] 1.0000 1.0000 1.0000 0.6022 0.0078 0.2140 0.0254 0.6822 0.0064 0.0126
[11] 1.0000 0.2888

[[15]]
 [1] 1.0000 1.0000 1.0000 0.8746 0.0080 0.1962 0.3750 0.5662 0.0058 0.0252
[11] 1.0000 0.3562

[[16]]
 [1] 1.0000 1.0000 1.0000 0.7604 0.0066 0.4974 0.0000 0.0242 0.0112 0.0026
[11] 0.0000 0.0284

[[17]]
 [1] 1.0000 1.0000 1.0000 0.2788 0.0016 0.0110 0.0020 0.0130 0.0006 0.0092
[11] 1.0000 0.0338

[[18]]
 [1] 1.0000 1.0000 1.0000 0.5536 0.0280 0.0886 0.0748 0.8024 0.0084 0.0306
[11] 0.3694 1.0000

[[19]]
 [1] 1.0000 1.0000 1.0000 1.0000 0.0446 0.0838 1.0000 0.0466 0.2976 1.0000
[11] 0.8736 0.5586

[[20]]
 [1] 1.0000 1.0000 1.0000 0.7568 0.8066 0.9980 0.9912 0.9694 0.9522 0.8516
[11] 0.9746 0.9846

