[[1]]
 [1] 1.0000 1.0000 1.0000 1.0000 0.3112 0.7146 0.7466 0.3624 0.4314 0.1406
[11] 0.7328 0.7476

[[2]]
 [1] 1.0000 1.0000 1.0000 0.0056 1.0000 0.0798 0.0556 0.0124 0.0400 0.0022
[11] 0.1830 0.1418

[[3]]
 [1] 1.0000 1.0000 1.0000 0.0014 0.0066 1.0000 0.9894 0.0514 0.0536 0.1538
[11] 0.0818 0.9936

[[4]]
 [1] 1.0000 1.0000 1.0000 0.0010 0.0070 1.0000 0.0638 0.0104 0.0130 0.0004
[11] 0.0194 0.0738

[[5]]
 [1] 1.0000 1.0000 1.0000 0.4652 0.3302 0.9952 0.9992 0.8346 0.9874 0.9944
[11] 0.9990 0.9966

[[6]]
 [1] 1.0000 1.0000 1.0000 0.1108 0.0708 0.9184 0.9572 0.9240 0.8256 0.7926
[11] 0.9862 0.9952

[[7]]
 [1] 1.0000 1.0000 1.0000 0.9512 0.0460 0.2728 1.0000 0.2710 0.0852 0.0148
[11] 0.9940 0.7988

[[8]]
 [1] 1.0000 1.0000 1.0000 0.0236 0.0294 0.8960 0.9228 0.0886 0.6130 0.0010
[11] 0.5964 0.4824

[[9]]
 [1] 1.0000 1.0000 1.0000 0.0546 0.3912 0.3434 0.3354 1.0000 0.1738 0.1516
[11] 0.7126 0.4682

[[10]]
 [1] 1.0000 1.0000 1.0000 0.0290 0.2016 0.4014 0.1734 0.0342 1.0000 0.0032
[11] 0.1092 0.8938

[[11]]
 [1] 1.0000 1.0000 1.0000 0.1268 0.7324 0.8712 0.8908 0.5112 0.4688 1.0000
[11] 0.4654 0.7394

[[12]]
 [1] 1.0000 1.0000 1.0000 0.0070 0.0196 0.8720 0.9982 0.0654 0.0478 1.0000
[11] 0.4004 0.3798

[[13]]
 [1] 1.0000 1.0000 1.0000 0.4688 0.9862 0.8082 0.7172 0.7496 0.8568 0.5564
[11] 0.9746 0.9136

[[14]]
 [1] 1.0000 1.0000 1.0000 0.0272 0.9118 0.9810 0.9948 0.2068 0.9460 0.0388
[11] 0.9586 0.6830

[[15]]
 [1] 1.0000 1.0000 1.0000 0.0112 0.0830 0.6190 0.9216 0.1878 0.3246 0.0428
[11] 0.9866 0.8916

[[16]]
 [1] 1.0000 1.0000 1.0000 0.0036 0.0166 0.0758 0.0380 0.0048 0.0056 0.0028
[11] 1.0000 0.8486

[[17]]
 [1] 1.0000 1.0000 1.0000 0.0046 0.0264 0.1858 0.2410 0.0858 0.0858 0.0022
[11] 1.0000 0.5022

[[18]]
 [1] 1.0000 1.0000 1.0000 0.0190 0.0602 0.8280 0.9414 0.8540 0.9898 0.0034
[11] 0.9920 0.7620

[[19]]
 [1] 1.0000 1.0000 1.0000 0.0018 0.0110 0.1012 0.0714 0.0414 0.0684 0.0550
[11] 0.1788 1.0000

[[20]]
 [1] 1.0000 1.0000 1.0000 1.0000 0.4376 0.5354 0.9676 0.7560 0.5594 0.6334
[11] 0.8642 0.8156

