[[1]]
 [1] 1.0000 1.0000 1.0000 0.7624 1.0000 0.7388 0.2096 0.4836 0.1272 0.0160
[11] 0.0854 0.4038

[[2]]
 [1] 1.0000 1.0000 1.0000 0.6604 0.0076 0.9998 0.0658 0.1486 0.0046 0.0544
[11] 0.0114 0.2532

[[3]]
 [1] 1.0000 1.0000 1.0000 0.4450 0.0012 1.0000 0.1554 0.0172 0.0010 0.0218
[11] 0.0074 0.0144

[[4]]
 [1] 1.0000 1.0000 1.0000 0.4832 0.0014 0.0322 1.0000 0.3594 0.0024 0.0022
[11] 0.0018 0.0282

[[5]]
 [1] 1.0000 1.0000 1.0000 0.7884 0.9998 0.7942 0.9766 0.9882 0.7566 0.8812
[11] 0.9976 0.9942

[[6]]
 [1] 1.0000 1.0000 1.0000 0.6322 0.6064 0.0158 1.0000 0.2568 0.0150 0.0404
[11] 0.0038 0.0402

[[7]]
 [1] 1.0000 1.0000 1.0000 0.6160 0.2714 0.0638 1.0000 0.5072 0.0284 0.5622
[11] 0.0390 0.2088

[[8]]
 [1] 1.0000 1.0000 1.0000 0.5912 0.9884 0.0562 0.1112 0.1338 0.0040 0.0128
[11] 0.0002 0.0858

[[9]]
 [1] 1.0000 1.0000 1.0000 0.8026 0.1090 0.3530 0.3004 0.8894 1.0000 0.2312
[11] 0.6590 0.8568

[[10]]
 [1] 1.0000 1.0000 1.0000 0.7720 0.7126 0.5246 0.4564 0.7376 0.0762 0.7454
[11] 0.8234 0.7850

[[11]]
 [1] 1.0000 1.0000 1.0000 0.9162 0.9298 0.5078 0.5362 0.8370 0.1508 1.0000
[11] 0.8958 0.7578

[[12]]
 [1] 1.0000 1.0000 1.0000 0.9872 0.3644 0.1272 0.5102 0.5018 0.1408 0.0504
[11] 0.5168 0.5364

[[13]]
 [1] 1.0000 1.0000 1.0000 0.9978 0.5430 0.9354 0.7050 0.9866 0.7174 0.8776
[11] 0.9082 0.9642

[[14]]
 [1] 1.0000 1.0000 1.0000 0.6252 0.0902 0.6544 1.0000 0.7168 0.0298 0.1488
[11] 0.0058 1.0000

[[15]]
 [1] 1.0000 1.0000 1.0000 0.9620 0.0814 0.2062 1.0000 0.5618 0.0724 0.0580
[11] 0.1346 1.0000

[[16]]
 [1] 1.0000 1.0000 1.0000 0.9326 0.0440 0.0550 0.0364 0.0464 0.0076 0.0050
[11] 0.0620 0.4534

[[17]]
 [1] 1.0000 1.0000 1.0000 0.5470 0.0082 0.1854 0.0040 0.0194 0.0020 0.0048
[11] 1.0000 0.2344

[[18]]
 [1] 1.0000 1.0000 1.0000 0.8370 0.0134 0.2700 0.3450 0.1302 0.0078 0.1062
[11] 0.0532 1.0000

[[19]]
 [1] 1.0000 1.0000 1.0000 0.9992 0.0092 0.9762 0.9896 0.1904 0.2080 0.8786
[11] 0.2472 0.0716

[[20]]
 [1] 1.0000 1.0000 1.0000 0.7040 0.0948 0.9950 0.1246 0.9954 1.0000 0.8674
[11] 0.6988 0.6512

