[[1]]
 [1] 1.0000 1.0000 1.0000 0.6888 1.0000 0.6174 0.1782 0.4528 0.0298 0.0434
[11] 0.2326 0.4232

[[2]]
 [1] 1.0000 1.0000 1.0000 0.5200 0.0106 0.7682 0.0208 0.2550 0.0080 0.0054
[11] 0.0386 0.5052

[[3]]
 [1] 1.0000 1.0000 1.0000 0.9436 0.9786 0.7848 0.8400 0.1804 0.6214 1.0000
[11] 0.2908 0.2234

[[4]]
 [1] 1.0000 1.0000 1.0000 0.9934 0.4240 1.0000 0.5208 0.0946 0.0660 0.0404
[11] 0.0548 0.0882

[[5]]
 [1] 1.0000 1.0000 1.0000 0.6118 0.0444 0.2582 1.0000 0.4700 0.1136 0.3646
[11] 0.9762 0.3650

[[6]]
 [1] 1.0000 1.0000 1.0000 0.8194 0.2636 0.0772 0.0852 0.0956 0.0214 0.7366
[11] 0.9844 0.3916

[[7]]
 [1] 1.0000 1.0000 1.0000 0.6340 0.0340 0.8278 1.0000 0.3838 0.6804 0.3824
[11] 0.6972 0.5902

[[8]]
 [1] 1.0000 1.0000 1.0000 0.6452 0.0578 0.2012 0.9294 0.8884 0.0396 0.0152
[11] 0.2536 0.2012

[[9]]
 [1] 1.0000 1.0000 1.0000 0.7792 0.2232 0.6864 0.8164 0.7562 1.0000 0.6722
[11] 0.2240 0.7390

[[10]]
 [1] 1.0000 1.0000 1.0000 0.7144 0.2504 0.8360 0.8132 0.7352 0.9512 0.7408
[11] 0.6206 0.7834

[[11]]
 [1] 1.0000 1.0000 1.0000 0.9196 0.7200 0.8318 0.4526 0.7956 0.3278 1.0000
[11] 0.7494 0.7782

[[12]]
 [1] 1.0000 1.0000 1.0000 0.5478 0.0170 0.1258 0.0550 0.1088 0.0176 1.0000
[11] 0.1352 0.2032

[[13]]
 [1] 1.0000 1.0000 1.0000 0.8704 0.3970 0.8494 0.4674 0.7274 0.1314 0.3202
[11] 0.9994 0.6452

[[14]]
 [1] 1.0000 1.0000 1.0000 0.6272 0.1588 0.5874 0.7806 0.8318 0.0718 0.5874
[11] 0.3292 0.9988

[[15]]
 [1] 1.0000 1.0000 1.0000 0.6366 0.1870 0.9202 0.5340 0.2586 0.0248 0.2006
[11] 0.9820 0.7422

[[16]]
 [1] 1.0000 1.0000 1.0000 0.9182 0.0902 0.5580 0.0180 0.0576 0.0050 0.0982
[11] 0.0276 0.1516

[[17]]
 [1] 1.0000 1.0000 1.0000 0.6764 0.0164 0.0968 0.0702 0.1550 0.0126 0.0174
[11] 0.0328 0.0696

[[18]]
 [1] 1.0000 1.0000 1.0000 0.5070 0.0126 0.0920 0.0988 0.8594 0.0102 0.1294
[11] 0.0228 1.0000

[[19]]
 [1] 1.0000 1.0000 1.0000 0.7752 0.1578 0.1576 0.5914 0.0982 0.1382 0.8926
[11] 0.0898 0.1094

[[20]]
 [1] 1.0000 1.0000 1.0000 0.6740 1.0000 0.9996 1.0000 0.7968 1.0000 0.4422
[11] 0.5002 0.9934

