[[1]]
 [1] 0.9980 1.0000 1.0000 1.0000 1.0000 0.1700 0.4816 0.9714 0.5428 0.9686
[11] 0.3228 0.9094 0.9842

[[2]]
 [1] 0.8138 1.0000 1.0000 1.0000 0.0052 1.0000 0.1112 0.0158 0.0054 0.0194
[11] 0.0170 0.0636 0.1288

[[3]]
 [1] 0.8828 1.0000 1.0000 1.0000 0.0016 0.0124 1.0000 0.6062 0.1358 0.1308
[11] 0.1100 0.9960 0.9396

[[4]]
 [1] 0.0322 1.0000 1.0000 1.0000 0.0002 0.0060 1.0000 0.3956 0.0452 0.1066
[11] 0.0024 0.0452 0.1538

[[5]]
 [1] 0.8426 1.0000 1.0000 1.0000 0.1400 0.5506 1.0000 1.0000 0.9930 1.0000
[11] 0.9252 0.9928 1.0000

[[6]]
 [1] 0.6126 1.0000 1.0000 1.0000 0.0238 0.0938 0.3254 1.0000 0.9938 0.8480
[11] 0.6746 0.9656 0.9816

[[7]]
 [1] 0.8018 1.0000 1.0000 1.0000 0.1304 0.5464 1.0000 1.0000 0.9950 1.0000
[11] 0.0042 0.9920 1.0000

[[8]]
 [1] 0.5064 1.0000 1.0000 1.0000 0.0078 0.0760 0.1738 1.0000 0.5282 0.2564
[11] 0.0410 0.7534 0.3816

[[9]]
 [1] 0.9784 1.0000 1.0000 1.0000 0.0464 0.3976 0.5050 0.4854 1.0000 0.1008
[11] 0.0360 0.1994 0.4936

[[10]]
 [1] 0.9576 1.0000 1.0000 1.0000 0.1040 0.1654 0.1500 0.4974 0.0262 1.0000
[11] 0.0012 0.0970 0.9778

[[11]]
 [1] 0.9918 1.0000 1.0000 1.0000 0.2882 0.6572 0.8108 0.7916 0.1396 0.4404
[11] 1.0000 0.9796 0.8882

[[12]]
 [1] 0.1698 1.0000 1.0000 1.0000 0.0040 0.0194 0.7828 0.7938 0.4186 0.0536
[11] 1.0000 0.0540 0.4696

[[13]]
 [1] 1.0000 1.0000 1.0000 1.0000 0.3652 0.9448 0.7746 0.7152 0.4978 0.7732
[11] 1.0000 0.9374 0.7972

[[14]]
 [1] 0.5636 1.0000 1.0000 1.0000 0.0124 0.3418 0.1500 0.2880 0.0090 0.0426
[11] 0.0024 1.0000 0.9188

[[15]]
 [1] 0.3356 1.0000 1.0000 1.0000 0.0088 0.0870 0.4528 0.0984 0.0150 0.0344
[11] 0.0480 1.0000 0.7254

[[16]]
 [1] 0.1662 1.0000 1.0000 1.0000 0.0030 0.0168 0.1162 0.1296 0.0688 0.0402
[11] 0.0000 1.0000 0.1040

[[17]]
 [1] 0.5426 1.0000 1.0000 1.0000 0.0014 0.0106 0.0630 0.0058 0.0024 0.0032
[11] 0.0136 0.0054 0.3404

[[18]]
 [1] 0.1490 1.0000 1.0000 1.0000 0.0254 0.0264 0.9808 0.0712 0.0784 0.0354
[11] 0.0944 1.0000 0.9994

[[19]]
 [1] 0.0968 1.0000 1.0000 1.0000 0.0046 0.0086 0.0448 0.9684 0.0188 0.0648
[11] 0.0716 0.0644 1.0000

[[20]]
 [1] 0.9526 1.0000 1.0000 1.0000 1.0000 0.6050 0.4254 1.0000 0.9980 0.6376
[11] 0.4368 0.9988 0.7064

