[[1]]
 [1] 1.0000 1.0000 1.0000 0.7702 1.0000 0.2488 0.6772 0.6342 0.3324 0.6598
[11] 0.1186 0.6368

[[2]]
 [1] 1.0000 1.0000 1.0000 0.6268 0.0098 1.0000 0.0130 0.1940 0.0014 0.0172
[11] 0.0374 0.2218

[[3]]
 [1] 1.0000 1.0000 1.0000 0.9976 0.0198 0.0384 1.0000 0.1372 0.0612 0.2074
[11] 0.0400 0.1344

[[4]]
 [1] 1.0000 1.0000 1.0000 0.5792 0.0022 0.0078 0.8076 0.3604 0.0256 0.4248
[11] 0.0622 0.2480

[[5]]
 [1] 1.0000 1.0000 1.0000 0.7244 0.8986 0.9996 0.9996 0.9954 0.5804 1.0000
[11] 0.9858 0.9140

[[6]]
 [1] 1.0000 1.0000 1.0000 0.6486 0.2186 0.2136 0.9994 0.9898 0.6006 0.5884
[11] 0.9946 0.9420

[[7]]
 [1] 1.0000 1.0000 1.0000 0.6948 0.1210 0.0798 1.0000 0.4520 0.0488 0.3100
[11] 0.6226 0.3412

[[8]]
 [1] 1.0000 1.0000 1.0000 0.6546 0.4262 0.3428 0.0000 0.2484 0.0114 0.0644
[11] 0.8986 0.2940

[[9]]
 [1] 1.0000 1.0000 1.0000 0.8202 0.0786 0.3386 0.0434 0.7416 1.0000 0.2804
[11] 0.4194 0.6964

[[10]]
 [1] 1.0000 1.0000 1.0000 0.7538 0.9302 0.7350 1.0000 0.7952 0.1338 0.9946
[11] 0.9758 0.9522

[[11]]
 [1] 1.0000 1.0000 1.0000 0.8826 0.8006 0.6390 0.1416 0.7582 0.0618 1.0000
[11] 0.2974 0.6996

[[12]]
 [1] 1.0000 1.0000 1.0000 0.8458 0.0138 0.9760 1.0000 0.2658 1.0000 0.2104
[11] 0.1752 0.1278

[[13]]
 [1] 1.0000 1.0000 1.0000 0.9986 0.4810 0.8496 0.7660 0.9920 0.5872 0.5756
[11] 0.9016 0.9718

[[14]]
 [1] 1.0000 1.0000 1.0000 0.6844 0.0222 0.9230 0.8230 0.9988 0.0118 0.2312
[11] 1.0000 0.5106

[[15]]
 [1] 1.0000 1.0000 1.0000 0.5618 0.0242 0.0806 1.0000 0.3118 0.0268 0.3438
[11] 1.0000 0.4892

[[16]]
 [1] 1.0000 1.0000 1.0000 0.5844 0.0058 0.0268 0.0070 0.3988 0.0036 0.0194
[11] 1.0000 0.1680

[[17]]
 [1] 1.0000 1.0000 1.0000 0.9626 0.0088 0.0130 0.0102 0.0550 0.0016 0.0062
[11] 0.0140 0.1448

[[18]]
 [1] 1.0000 1.0000 1.0000 0.3590 0.0054 0.0460 0.1634 0.9386 0.0042 0.0124
[11] 0.0254 1.0000

[[19]]
 [1] 1.0000 1.0000 1.0000 1.0000 0.0054 0.2930 1.0000 0.9692 0.0422 0.8668
[11] 0.9272 0.3546

[[20]]
 [1] 1.0000 1.0000 1.0000 0.7628 0.0836 0.5494 0.0642 0.8006 0.2262 0.8774
[11] 1.0000 0.6802

