[[1]]
 [1] 1.0000 1.0000 1.0000 0.6944 1.0000 0.2584 0.2496 0.7526 0.6166 0.3854
[11] 0.7268 0.9224

[[2]]
 [1] 1.0000 1.0000 1.0000 0.5500 0.0072 1.0000 0.0144 0.1934 0.0104 0.0024
[11] 0.0822 0.1114

[[3]]
 [1] 1.0000 1.0000 1.0000 0.4190 0.0016 1.0000 0.0000 0.0184 0.0006 0.0016
[11] 0.0008 0.0112

[[4]]
 [1] 1.0000 1.0000 1.0000 0.9940 0.0156 0.0134 1.0000 0.1800 0.0852 0.1880
[11] 0.9194 0.8978

[[5]]
 [1] 1.0000 1.0000 1.0000 0.7164 0.9590 0.9174 0.9066 0.9992 0.6414 0.9822
[11] 0.9886 0.8930

[[6]]
 [1] 1.0000 1.0000 1.0000 0.8784 0.1446 0.1158 1.0000 0.2190 0.0722 0.5122
[11] 0.2064 0.1854

[[7]]
 [1] 1.0000 1.0000 1.0000 0.6070 0.0124 0.8300 1.0000 0.5730 0.0420 0.1618
[11] 0.0196 0.9918

[[8]]
 [1] 1.0000 1.0000 1.0000 0.7062 0.1174 0.1212 0.4520 0.5930 0.0070 0.0318
[11] 0.0262 0.4124

[[9]]
 [1] 1.0000 1.0000 1.0000 0.6502 0.0296 0.4788 0.0202 0.5606 1.0000 0.0514
[11] 0.0186 0.7292

[[10]]
 [1] 1.0000 1.0000 1.0000 0.7780 0.0794 0.1442 0.0522 0.3350 0.0106 1.0000
[11] 0.7358 0.5096

[[11]]
 [1] 1.0000 1.0000 1.0000 0.7656 0.1082 0.8768 0.9898 0.9116 0.1736 1.0000
[11] 0.6892 0.6280

[[12]]
 [1] 1.0000 1.0000 1.0000 0.5862 0.0122 0.0388 1.0000 0.8746 0.1448 0.8420
[11] 0.4340 0.4222

[[13]]
 [1] 1.0000 1.0000 1.0000 0.6518 0.9674 0.6318 0.9982 0.6864 0.9658 0.3072
[11] 0.6864 0.5108

[[14]]
 [1] 1.0000 1.0000 1.0000 0.6294 0.0634 0.8902 0.1414 0.9356 0.0322 0.9998
[11] 1.0000 0.3902

[[15]]
 [1] 1.0000 1.0000 1.0000 0.8360 0.0150 0.1362 1.0000 0.6476 0.0810 0.2508
[11] 1.0000 0.9192

[[16]]
 [1] 1.0000 1.0000 1.0000 0.7628 0.0062 0.1492 0.0044 0.1258 0.0024 0.0132
[11] 1.0000 0.1818

[[17]]
 [1] 1.0000 1.0000 1.0000 0.1480 0.0012 0.0090 0.0140 0.0240 0.0036 0.0006
[11] 1.0000 0.0720

[[18]]
 [1] 1.0000 1.0000 1.0000 0.5518 0.0062 0.0466 1.0000 0.7610 0.1584 0.9822
[11] 0.3870 1.0000

[[19]]
 [1] 1.0000 1.0000 1.0000 1.0000 0.0044 0.3344 0.8520 0.2052 0.0370 0.9512
[11] 0.9562 0.1336

[[20]]
 [1] 1.0000 1.0000 1.0000 0.6730 0.9890 0.8806 0.6386 0.7546 0.9886 0.1812
[11] 1.0000 0.6694

