[[1]]
 [1] 1.0000 1.0000 1.0000 1.0000 0.1890 0.3398 0.5688 0.1272 0.9642 0.2412
[11] 0.6278

[[2]]
 [1] 1.0000 1.0000 1.0000 0.0070 1.0000 0.0720 0.1282 0.0068 0.0240 0.0002
[11] 0.2634

[[3]]
 [1] 1.0000 1.0000 1.0000 0.0002 0.0028 1.0000 0.0078 0.0034 0.0056 0.0072
[11] 0.0112

[[4]]
 [1] 1.0000 1.0000 1.0000 0.0026 0.0044 1.0000 0.8652 0.0358 0.5418 0.0956
[11] 0.0416

[[5]]
 [1] 1.0000 1.0000 1.0000 0.0340 0.2880 0.1030 1.0000 0.2790 0.4508 0.0420
[11] 0.7654

[[6]]
 [1] 1.0000 1.0000 1.0000 0.0060 0.0402 0.0918 1.0000 0.3248 0.3326 0.4064
[11] 0.2838

[[7]]
 [1] 1.0000 1.0000 1.0000 0.3868 0.0498 0.6246 1.0000 0.2746 0.1912 0.1016
[11] 0.6198

[[8]]
 [1] 1.0000 1.0000 1.0000 0.1178 0.0252 0.9196 0.8574 0.5856 0.9032 0.2968
[11] 0.2726

[[9]]
 [1] 1.0000 1.0000 1.0000 0.0872 0.3808 0.8314 0.7062 1.0000 0.1478 0.4342
[11] 0.6550

[[10]]
 [1] 1.0000 1.0000 1.0000 0.0266 0.1254 0.4090 0.8358 0.1902 1.0000 0.0440
[11] 0.0986

[[11]]
 [1] 1.0000 1.0000 1.0000 0.1894 0.5768 0.5980 0.4170 0.1286 0.9206 1.0000
[11] 0.7088

[[12]]
 [1] 1.0000 1.0000 1.0000 0.0254 0.0236 0.9876 0.9434 0.3640 0.0754 1.0000
[11] 0.5980

[[13]]
 [1] 1.0000 1.0000 1.0000 0.6176 0.3574 0.6748 0.9126 1.0000 1.0000 0.1624
[11] 0.2534

[[14]]
 [1] 1.0000 1.0000 1.0000 0.0762 0.6944 0.9778 1.0000 0.1144 0.3726 0.0364
[11] 1.0000

[[15]]
 [1] 1.0000 1.0000 1.0000 0.0066 0.1092 0.1478 1.0000 0.3358 0.2536 0.0036
[11] 1.0000

[[16]]
 [1] 1.0000 1.0000 1.0000 0.0024 0.0222 0.1508 0.0204 0.1032 0.0046 0.0010
[11] 0.9328

[[17]]
 [1] 1.0000 1.0000 1.0000 0.0018 0.0088 0.1246 0.1772 0.0026 0.0046 0.0066
[11] 0.0072

[[18]]
 [1] 1.0000 1.0000 1.0000 0.0276 0.0408 0.0904 0.9756 0.0282 0.5606 0.0138
[11] 1.0000

[[19]]
 [1] 1.0000 1.0000 1.0000 0.0018 0.0096 0.0428 0.0990 0.0132 0.0032 1.0000
[11] 0.1418

[[20]]
 [1] 1.0000 1.0000 1.0000 0.9452 0.6612 0.4922 1.0000 1.0000 1.0000 1.0000
[11] 0.8648

