[[1]]
 [1] 1.0000 1.0000 1.0000 1.0000 0.2068 0.9058 0.9422 0.1442 0.2602 0.7000
[11] 0.2300 0.9884

[[2]]
 [1] 1.0000 1.0000 1.0000 0.0474 1.0000 0.1226 0.0350 0.0140 0.0248 0.0002
[11] 0.0460 0.1286

[[3]]
 [1] 1.0000 1.0000 1.0000 0.0004 0.0024 1.0000 0.0084 0.0044 0.0068 0.0044
[11] 0.0048 0.0268

[[4]]
 [1] 1.0000 1.0000 1.0000 0.0006 0.0052 1.0000 0.0496 0.0288 0.4534 0.1858
[11] 0.9890 0.8956

[[5]]
 [1] 1.0000 1.0000 1.0000 0.3834 0.9288 0.9998 1.0000 0.6090 0.9910 0.9998
[11] 0.9926 0.8714

[[6]]
 [1] 1.0000 1.0000 1.0000 0.0066 0.0342 0.0578 1.0000 0.0760 0.1546 0.0510
[11] 0.2262 0.6272

[[7]]
 [1] 1.0000 1.0000 1.0000 0.1812 0.7340 0.8994 1.0000 0.9430 0.9990 0.9980
[11] 0.9966 0.9992

[[8]]
 [1] 1.0000 1.0000 1.0000 0.0104 0.0518 0.8360 0.9996 0.9504 0.4022 0.2628
[11] 0.8106 0.9876

[[9]]
 [1] 1.0000 1.0000 1.0000 0.0454 0.3938 0.3316 0.2582 1.0000 0.1208 0.1078
[11] 0.3696 0.4252

[[10]]
 [1] 1.0000 1.0000 1.0000 0.0370 0.1154 0.1788 0.1472 0.0538 1.0000 0.1744
[11] 0.6756 0.9592

[[11]]
 [1] 1.0000 1.0000 1.0000 0.9884 0.3032 0.5084 0.4548 0.6882 0.8392 0.1596
[11] 0.8940 0.8706

[[12]]
 [1] 1.0000 1.0000 1.0000 0.0048 0.0682 1.0000 0.9976 0.8978 0.9026 0.0538
[11] 0.1952 0.9980

[[13]]
 [1] 1.0000 1.0000 1.0000 0.3690 0.9650 0.7738 0.5786 0.5012 0.8464 0.2666
[11] 0.8288 0.8114

[[14]]
 [1] 1.0000 1.0000 1.0000 0.0232 0.6102 0.0862 0.4156 0.0260 0.0434 0.0026
[11] 1.0000 0.7182

[[15]]
 [1] 1.0000 1.0000 1.0000 0.0088 0.0580 0.1024 0.9292 0.0838 0.5152 0.0326
[11] 1.0000 0.7270

[[16]]
 [1] 1.0000 1.0000 1.0000 0.0034 0.0540 0.3282 0.1184 0.0700 0.0262 0.1298
[11] 0.4824 0.7304

[[17]]
 [1] 1.0000 1.0000 1.0000 0.0006 0.0056 0.2094 0.0570 0.0260 0.0292 0.0002
[11] 1.0000 0.4132

[[18]]
 [1] 1.0000 1.0000 1.0000 0.1116 0.0296 0.5440 0.0662 0.0214 0.0276 0.0032
[11] 1.0000 0.9836

[[19]]
 [1] 1.0000 1.0000 1.0000 0.0034 0.0104 0.1404 1.0000 0.0556 0.0174 0.0600
[11] 0.0198 1.0000

[[20]]
 [1] 1.0000 1.0000 1.0000 0.9792 0.4712 0.8018 0.8698 0.7388 0.8048 0.8602
[11] 0.9846 0.9494

