[[1]]
 [1] 1.0000 1.0000 1.0000 1.0000 0.3978 0.1868 0.9070 0.0412 0.0842 0.0042
[11] 0.1868 0.9326

[[2]]
 [1] 1.0000 1.0000 1.0000 0.0106 1.0000 0.0720 0.0180 0.0038 0.0196 0.0684
[11] 0.0146 0.0980

[[3]]
 [1] 1.0000 1.0000 1.0000 0.0030 0.0106 1.0000 0.1978 0.0800 0.0696 0.0002
[11] 0.1072 0.1944

[[4]]
 [1] 1.0000 1.0000 1.0000 0.0018 0.0142 1.0000 0.9990 0.3866 0.1462 0.0202
[11] 0.3532 0.6248

[[5]]
 [1] 1.0000 1.0000 1.0000 0.1008 0.4480 0.1230 1.0000 0.1268 0.0488 0.0016
[11] 0.2370 0.2078

[[6]]
 [1] 1.0000 1.0000 1.0000 0.0224 0.0502 0.1328 1.0000 0.1954 0.1030 0.1910
[11] 0.0968 0.2728

[[7]]
 [1] 1.0000 1.0000 1.0000 0.0140 0.1044 0.9946 1.0000 0.8974 0.0488 0.0716
[11] 0.9178 0.4598

[[8]]
 [1] 1.0000 1.0000 1.0000 0.0788 0.1286 0.1442 0.9972 0.0694 0.0958 0.0432
[11] 0.2504 0.8392

[[9]]
 [1] 1.0000 1.0000 1.0000 0.1170 0.5702 0.4564 0.1998 1.0000 0.1586 0.4836
[11] 0.7974 0.5720

[[10]]
 [1] 1.0000 1.0000 1.0000 0.0846 0.2088 0.4046 0.1180 0.0122 1.0000 0.2878
[11] 0.6554 0.6646

[[11]]
 [1] 1.0000 1.0000 1.0000 0.1470 0.7552 0.5286 0.9588 0.1228 0.3154 1.0000
[11] 0.9662 0.6314

[[12]]
 [1] 1.0000 1.0000 1.0000 0.4448 0.1024 1.0000 0.5112 0.1294 0.1512 0.0040
[11] 0.2210 1.0000

[[13]]
 [1] 1.0000 1.0000 1.0000 0.1102 0.9040 0.3880 0.9672 0.1112 0.3812 0.1128
[11] 0.5650 0.5348

[[14]]
 [1] 1.0000 1.0000 1.0000 0.0134 0.1706 0.1034 0.9420 0.5010 0.1180 0.0004
[11] 1.0000 0.3614

[[15]]
 [1] 1.0000 1.0000 1.0000 0.0094 0.1018 0.1068 0.0476 0.0114 0.0138 0.0230
[11] 1.0000 0.2846

[[16]]
 [1] 1.0000 1.0000 1.0000 0.0082 0.0246 0.1154 0.0348 0.0162 0.0130 0.1036
[11] 1.0000 0.8036

[[17]]
 [1] 1.0000 1.0000 1.0000 0.0040 0.7384 0.0528 0.0510 0.0026 0.0050 0.0020
[11] 0.2262 0.0908

[[18]]
 [1] 1.0000 1.0000 1.0000 0.0116 0.0638 0.9994 0.6190 0.7958 0.2228 0.1806
[11] 1.0000 0.9434

[[19]]
 [1] 1.0000 1.0000 1.0000 0.0102 0.0424 0.3514 0.3160 0.0316 0.0246 0.2292
[11] 0.0644 1.0000

[[20]]
 [1] 1.0000 1.0000 1.0000 0.9030 0.6156 0.4216 1.0000 0.3272 0.2626 0.4704
[11] 0.8260 0.8798

