[[1]]
 [1] 1.0000 1.0000 1.0000 1.0000 1.0000 0.1940 0.5880 0.7454 0.3314 0.6684
[11] 0.0728 0.4350 0.7326

[[2]]
 [1] 1.0000 1.0000 1.0000 1.0000 0.0066 1.0000 0.1174 0.1750 0.0164 0.0326
[11] 0.0244 0.5688 0.1614

[[3]]
 [1] 1.0000 1.0000 1.0000 1.0000 0.0004 0.0044 1.0000 0.0554 0.0266 0.2852
[11] 0.0194 0.0268 0.6274

[[4]]
 [1] 1.0000 1.0000 1.0000 1.0000 0.0010 0.0068 1.0000 0.8614 0.0402 0.1978
[11] 0.2178 0.0242 0.7800

[[5]]
 [1] 1.0000 1.0000 1.0000 1.0000 0.0308 0.6584 0.1230 1.0000 0.3038 0.4856
[11] 0.1766 0.7030 0.5912

[[6]]
 [1] 1.0000 1.0000 1.0000 1.0000 0.0042 0.0492 0.1966 1.0000 0.0362 0.0502
[11] 0.0050 0.0376 0.1646

[[7]]
 [1] 1.0000 1.0000 1.0000 1.0000 0.0352 0.0584 0.1790 1.0000 0.1012 0.9464
[11] 0.0282 0.5848 0.3474

[[8]]
 [1] 1.0000 1.0000 1.0000 1.0000 0.0108 0.0338 0.4748 0.9470 0.0478 0.9952
[11] 0.0488 0.2770 0.3382

[[9]]
 [1] 1.0000 1.0000 1.0000 1.0000 0.0872 0.4388 0.3432 0.1980 1.0000 0.0810
[11] 0.1106 0.3324 0.5626

[[10]]
 [1] 1.0000 1.0000 1.0000 1.0000 0.1060 0.1206 0.1716 0.0684 0.0158 1.0000
[11] 0.0044 0.1170 0.9756

[[11]]
 [1] 1.0000 1.0000 1.0000 1.0000 0.3128 0.7150 0.8106 0.4910 0.1240 0.6212
[11] 1.0000 0.4808 0.6250

[[12]]
 [1] 1.0000 1.0000 1.0000 1.0000 0.0192 0.0224 1.0000 0.9894 0.7824 0.0984
[11] 0.0152 0.1140 0.9990

[[13]]
 [1] 1.0000 1.0000 1.0000 1.0000 0.3442 0.9702 0.7908 0.8138 0.4968 0.7700
[11] 0.9974 0.8564 0.8236

[[14]]
 [1] 1.0000 1.0000 1.0000 1.0000 0.0162 0.7210 0.1162 0.9950 0.2150 0.0842
[11] 0.0098 1.0000 0.9998

[[15]]
 [1] 1.0000 1.0000 1.0000 1.0000 0.0086 0.1468 0.8910 0.9814 0.0748 0.0326
[11] 0.0020 0.9988 0.9812

[[16]]
 [1] 1.0000 1.0000 1.0000 1.0000 0.0092 0.0254 0.1152 0.0254 0.0224 0.0052
[11] 0.0008 0.0252 0.0690

[[17]]
 [1] 1.0000 1.0000 1.0000 1.0000 0.0010 0.0086 0.0416 0.0236 0.0042 0.0034
[11] 0.0006 1.0000 0.7636

[[18]]
 [1] 1.0000 1.0000 1.0000 1.0000 0.0544 0.0880 0.8654 0.9404 0.7604 0.3496
[11] 0.0270 0.9470 0.9980

[[19]]
 [1] 1.0000 1.0000 1.0000 1.0000 0.0030 0.0116 0.0766 0.0760 0.0266 0.0050
[11] 0.0058 0.0232 1.0000

[[20]]
 [1] 1.0000 1.0000 1.0000 1.0000 0.9620 0.9166 0.5136 0.9636 0.5192 0.6028
[11] 0.6996 0.9912 0.9914

