[[1]]
 [1] 1.0000 1.0000 1.0000 1.0000 1.0000 0.1830 0.3134 0.4080 0.5266 0.7928
[11] 0.0086 0.7792 0.4980

[[2]]
 [1] 1.0000 1.0000 1.0000 1.0000 0.0076 1.0000 0.1936 0.1990 0.0366 0.0884
[11] 0.0020 0.1212 0.2024

[[3]]
 [1] 1.0000 1.0000 1.0000 1.0000 0.0010 0.0026 1.0000 0.0178 0.0084 0.0094
[11] 0.0064 0.0186 0.0186

[[4]]
 [1] 1.0000 1.0000 1.0000 1.0000 0.0022 0.0050 1.0000 0.0442 0.0484 0.1966
[11] 0.2098 0.1302 0.9942

[[5]]
 [1] 1.0000 1.0000 1.0000 1.0000 1.0000 0.4576 1.0000 1.0000 0.9828 1.0000
[11] 0.0512 0.9996 0.6396

[[6]]
 [1] 1.0000 1.0000 1.0000 1.0000 0.0554 0.0846 0.9132 0.9786 0.9972 0.8714
[11] 0.9812 0.9946 0.9986

[[7]]
 [1] 1.0000 1.0000 1.0000 1.0000 0.0310 0.0490 0.1250 1.0000 0.0732 0.5932
[11] 0.1808 1.0000 0.3398

[[8]]
 [1] 1.0000 1.0000 1.0000 1.0000 0.1240 0.0284 0.1588 0.9970 0.0140 0.9964
[11] 0.1300 0.0874 0.4490

[[9]]
 [1] 1.0000 1.0000 1.0000 1.0000 0.1802 0.5094 0.5390 0.4922 1.0000 0.1344
[11] 0.0420 0.7656 0.5928

[[10]]
 [1] 1.0000 1.0000 1.0000 1.0000 0.0458 0.1202 0.1998 0.7260 0.0258 1.0000
[11] 0.1794 0.0594 0.9712

[[11]]
 [1] 1.0000 1.0000 1.0000 1.0000 0.3934 0.5672 0.5628 0.5542 0.0920 0.8808
[11] 1.0000 0.9704 0.8132

[[12]]
 [1] 1.0000 1.0000 1.0000 1.0000 0.0500 0.0222 1.0000 0.9784 0.3900 0.0798
[11] 0.0046 0.7894 0.9998

[[13]]
 [1] 1.0000 1.0000 1.0000 1.0000 0.3748 0.9628 0.7506 0.7992 0.7110 0.8578
[11] 0.8524 0.7720 0.8070

[[14]]
 [1] 1.0000 1.0000 1.0000 1.0000 0.0134 0.5406 0.1072 0.9252 0.0148 0.0536
[11] 0.0388 1.0000 0.3954

[[15]]
 [1] 1.0000 1.0000 1.0000 1.0000 0.0412 0.0670 0.0916 0.9858 0.1596 0.3006
[11] 0.3076 1.0000 0.6330

[[16]]
 [1] 1.0000 1.0000 1.0000 1.0000 0.0016 0.0098 0.0460 0.0272 0.0082 0.0020
[11] 0.0000 1.0000 0.8062

[[17]]
 [1] 1.0000 1.0000 1.0000 1.0000 0.0022 0.0084 0.0500 0.0096 0.0020 0.0040
[11] 0.0002 0.0116 0.0826

[[18]]
 [1] 1.0000 1.0000 1.0000 1.0000 0.0240 0.0310 0.9884 0.0962 0.4296 0.2162
[11] 0.0496 1.0000 1.0000

[[19]]
 [1] 1.0000 1.0000 1.0000 1.0000 0.0040 0.0110 0.0542 0.1558 0.1202 0.0356
[11] 0.0070 0.2432 1.0000

[[20]]
 [1] 1.0000 1.0000 1.0000 1.0000 1.0000 0.5924 0.9986 1.0000 0.9808 1.0000
[11] 0.1644 0.7670 0.7496

