[[1]]
 [1] 0.91111111 1.00000000 1.00000000 1.00000000 1.00000000 0.34444444
 [7] 1.00000000 1.00000000 0.22222222 0.23333333 0.21111111 0.06666667
[13] 1.00000000

[[2]]
 [1] 0.66666667 1.00000000 1.00000000 1.00000000 0.00000000 1.00000000
 [7] 0.03333333 0.00000000 0.00000000 0.00000000 0.00000000 0.32222222
[13] 0.28888889

[[3]]
 [1] 0.01111111 1.00000000 1.00000000 1.00000000 0.00000000 0.00000000
 [7] 0.15555556 1.00000000 0.52222222 0.10000000 0.01111111 0.00000000
[13] 0.75555556

[[4]]
 [1] 0.35555556 1.00000000 1.00000000 1.00000000 0.01111111 0.00000000
 [7] 1.00000000 1.00000000 0.14444444 0.10000000 0.00000000 1.00000000
[13] 0.00000000

[[5]]
 [1] 0.9888889 1.0000000 1.0000000 1.0000000 0.4444444 0.8888889 1.0000000
 [8] 1.0000000 0.7000000 1.0000000 1.0000000 1.0000000 0.9222222

[[6]]
 [1] 0.23333333 1.00000000 1.00000000 1.00000000 0.00000000 0.01111111
 [7] 0.00000000 1.00000000 0.00000000 0.00000000 0.18888889 0.00000000
[13] 0.00000000

[[7]]
 [1] 0.44444444 1.00000000 1.00000000 1.00000000 1.00000000 0.11111111
 [7] 0.00000000 1.00000000 0.00000000 0.00000000 0.00000000 0.01111111
[13] 0.63333333

[[8]]
 [1] 0.30000000 1.00000000 1.00000000 1.00000000 0.00000000 0.05555556
 [7] 0.22222222 0.76666667 0.14444444 1.00000000 0.00000000 1.00000000
[13] 0.54444444

[[9]]
 [1] 0.96666667 1.00000000 1.00000000 1.00000000 0.07777778 0.30000000
 [7] 0.46666667 0.35555556 1.00000000 0.01111111 0.38888889 0.31111111
[13] 0.41111111

[[10]]
 [1] 0.87777778 1.00000000 1.00000000 1.00000000 0.06666667 0.08888889
 [7] 0.03333333 0.43333333 0.01111111 1.00000000 0.00000000 0.40000000
[13] 1.00000000

[[11]]
 [1] 0.98888889 1.00000000 1.00000000 1.00000000 0.02222222 0.63333333
 [7] 0.43333333 0.32222222 0.16666667 0.38888889 1.00000000 1.00000000
[13] 0.96666667

[[12]]
 [1] 0.18888889 1.00000000 1.00000000 1.00000000 0.00000000 0.00000000
 [7] 0.47777778 0.14444444 0.01111111 0.11111111 0.00000000 0.01111111
[13] 1.00000000

[[13]]
 [1] 1.0000000 1.0000000 1.0000000 1.0000000 0.4555556 0.9888889 0.7666667
 [8] 0.8222222 0.7777778 0.4111111 0.9666667 0.8000000 0.8555556

[[14]]
 [1] 0.45555556 1.00000000 1.00000000 1.00000000 0.00000000 0.71111111
 [7] 0.04444444 1.00000000 0.00000000 0.04444444 0.00000000 1.00000000
[13] 0.21111111

[[15]]
 [1] 0.90000000 1.00000000 1.00000000 1.00000000 0.00000000 0.03333333
 [7] 0.15555556 1.00000000 0.05555556 0.00000000 0.06666667 1.00000000
[13] 0.41111111

[[16]]
 [1] 0.06666667 1.00000000 1.00000000 1.00000000 0.00000000 0.05555556
 [7] 0.00000000 0.00000000 0.00000000 0.00000000 0.36666667 0.00000000
[13] 0.00000000

[[17]]
 [1] 0.38888889 1.00000000 1.00000000 1.00000000 0.00000000 0.00000000
 [7] 0.00000000 0.00000000 0.00000000 0.00000000 0.03333333 0.00000000
[13] 0.07777778

[[18]]
 [1] 0.25555556 1.00000000 1.00000000 1.00000000 0.38888889 0.03333333
 [7] 0.81111111 0.76666667 0.18888889 0.61111111 0.00000000 1.00000000
[13] 0.73333333

[[19]]
 [1] 0.17777778 1.00000000 1.00000000 1.00000000 0.11111111 0.01111111
 [7] 1.00000000 1.00000000 1.00000000 0.85555556 1.00000000 0.00000000
[13] 0.38888889

[[20]]
 [1] 0.9666667 1.0000000 1.0000000 1.0000000 1.0000000 0.7888889 0.3555556
 [8] 1.0000000 0.2555556 0.2777778 1.0000000 0.9888889 1.0000000

