period	cc	year	CG_7_GDP	centralization	warfare	area	population	depend15	depend64	urban	pop_growth	trade	gini_gross	debt	fdi_liab	inflation	democracy	pol_comp	presidential	plurality	pol_rights	gdp_pc	lcentralization	lwarfare	larea	lpopulation	ldepend15	ldepend64	lurban	lpop_growth	ltrade	lgini_gross	ldebt	lfdi_liab	linflation	ldemocracy	lpol_comp	lpresidential	lplurality	lpol_rights	lgdp_pc	per01	per02	per03	per04	per05	per06	per07	per08	cc13	cc45	cc51	cc56	cc59	cc68	cc74	cc75	cc83	cc84	cc96	cc101	cc116	cc119	cc161	cc167	cc171	cc178	cc188	cc191	cc219	cc227	cc233	cc248	cc256	cc257
2	13	1978	20.925282	63.920673	0	15.85673	16.482164	40.501751	14.350421	85.824402	1.4285715	30.137421	33.97942	22.0805	9.7699699	10.459136	10	10	0	1	1	9.1619825	64.768768	0	15.85673	16.410103	44.300079	13.489901	85.6586	1.5384616	26.496618	34.107616	26.68042	9.2098999	10.646086	10	10	0	1	1	8.6627636	0	1	0	0	0	0	0	0	1	0	0	0	0	0	0	0	0	0	0	0	0	0	0	0	0	0	0	0	0	0	0	0	0	0
3	13	1983	22.41938	63.06282	0	15.85673	16.549376	36.837376	15.300754	85.580002	1.3333334	30.772429	40.300171	19.515881	10.329762	8.7782564	10	10	0	1	1	9.4490099	63.920673	0	15.85673	16.482164	40.501751	14.350421	85.824402	1.4285715	30.137421	33.97942	22.0805	9.7699699	10.459136	10	10	0	1	1	9.1619825	0	0	1	0	0	0	0	0	1	0	0	0	0	0	0	0	0	0	0	0	0	0	0	0	0	0	0	0	0	0	0	0	0	0
4	13	1988	21.879416	60.741421	0	15.85673	16.624474	33.918526	16.290024	85.424004	1.25	32.343185	42.624836	22.92864	10.98873	7.157136	10	10	0	1	1	9.6772041	63.06282	0	15.85673	16.549376	36.837376	15.300754	85.580002	1.3333334	30.772429	40.300171	19.515881	10.329762	8.7782564	10	10	0	1	1	9.4490099	0	0	0	1	0	0	0	0	1	0	0	0	0	0	0	0	0	0	0	0	0	0	0	0	0	0	0	0	0	0	0	0	0	0
5	13	1993	24.017452	57.83905	0	15.85673	16.69445	32.513485	17.619452	85.823601	1.1764706	36.097652	41.86216	28.545919	11.42436	1.710936	10	10	0	1	1	9.8759394	60.741421	0	15.85673	16.624474	33.918526	16.290024	85.424004	1.25	32.343185	42.624836	22.92864	10.98873	7.157136	10	10	0	1	1	9.6772041	0	0	0	0	1	0	0	0	1	0	0	0	0	0	0	0	0	0	0	0	0	0	0	0	0	0	0	0	0	0	0	0	0	0
6	13	1998	23.154505	62.635983	0	15.85673	16.749136	31.554794	18.48382	86.741402	1.1111112	40.28928	42.611542	24.117781	11.673552	1.615607	10	10	0	1	1	10.016976	57.83905	0	15.85673	16.69445	32.513485	17.619452	85.823601	1.1764706	36.097652	41.86216	28.545919	11.42436	1.710936	10	10	0	1	1	9.8759394	0	0	0	0	0	1	0	0	1	0	0	0	0	0	0	0	0	0	0	0	0	0	0	0	0	0	0	0	0	0	0	0	0	0
7	13	2003	24.186604	74.177383	0	15.85673	16.800983	29.985277	18.965754	87.7752	1.0526316	39.487141	43.311539	13.57278	12.17251	3.535048	10	10	0	1	1	10.222333	62.635983	0	15.85673	16.749136	31.554794	18.48382	86.741402	1.1111112	40.28928	42.611542	24.117781	11.673552	1.615607	10	10	0	1	1	10.016976	0	0	0	0	0	0	1	0	1	0	0	0	0	0	0	0	0	0	0	0	0	0	0	0	0	0	0	0	0	0	0	0	0	0
8	13	2008	24.3001	73.089119	0	15.85673	16.887945	28.462711	19.497152	88.700401	1.9523809	41.698956	44.982212	13.827392	12.843622	4.1043301	10	10	0	1	1	10.764782	74.177383	0	15.85673	16.800983	29.985277	18.965754	87.7752	1.0526316	39.487141	43.311539	13.57278	12.17251	3.535048	10	10	0	1	1	10.222333	0	0	0	0	0	0	0	1	1	0	0	0	0	0	0	0	0	0	0	0	0	0	0	0	0	0	0	0	0	0	0	0	0	0
2	45	1978	19.870735	77.149994	0	16.023785	16.993217	35.830948	13.459776	75.642197	1.7028985	49.75708	36.826576	45.548481	10.719354	8.5907078	10	10	0	1	1	9.1485271	100	0	16.023785	16.933224	43.366093	12.803397	75.628197	1.8614719	44.828785	37.034523	54.281139	10.426517	9.2623997	10	10	0	1	1	8.6593313	0	1	0	0	0	0	0	0	0	1	0	0	0	0	0	0	0	0	0	0	0	0	0	0	0	0	0	0	0	0	0	0	0	0
3	45	1983	23.160271	47.403988	0	16.023785	17.050076	31.822815	14.497365	76.077599	.80000001	51.25034	38.639256	57.30946	11.04132	6.4231858	10	10	0	1	1	9.4716177	77.149994	0	16.023785	16.993217	35.830948	13.459776	75.642197	1.7028985	49.75708	36.826576	45.548481	10.719354	8.5907078	10	10	0	1	1	9.1485271	0	0	1	0	0	0	0	0	0	1	0	0	0	0	0	0	0	0	0	0	0	0	0	0	0	0	0	0	0	0	0	0	0	0
4	45	1988	23.702297	44.607338	0	16.023785	17.111073	30.604544	15.927623	76.490799	1.5099715	52.541344	38.82811	72.193619	11.4784	4.0743361	10	10	0	1	1	9.784832	47.403988	0	16.023785	17.050076	31.822815	14.497365	76.077599	.80000001	51.25034	38.639256	57.30946	11.04132	6.4231858	10	10	0	1	1	9.4716177	0	0	0	1	0	0	0	0	0	1	0	0	0	0	0	0	0	0	0	0	0	0	0	0	0	0	0	0	0	0	0	0	0	0
5	45	1993	25.367357	49.365067	0	16.023785	17.16877	30.335236	17.290426	77.237801	.71428573	60.813988	40.320194	93.691544	12.071505	1.91399	10	10	0	1	1	9.912796	44.607338	0	16.023785	17.111073	30.604544	15.927623	76.490799	1.5099715	52.541344	38.82811	72.193619	11.4784	4.0743361	10	10	0	1	1	9.784832	0	0	0	0	1	0	0	0	0	1	0	0	0	0	0	0	0	0	0	0	0	0	0	0	0	0	0	0	0	0	0	0	0	0
6	45	1998	20.280117	46.49593	0	16.023785	17.223267	28.929882	18.151485	78.756798	1.3563218	79.752922	42.211491	93.3395	12.52867	1.764714	10	10	0	1	1	9.9790487	49.365067	0	16.023785	17.16877	30.335236	17.290426	77.237801	.71428573	60.813988	40.320194	93.691544	12.071505	1.91399	10	10	0	1	1	9.912796	0	0	0	0	0	1	0	0	0	1	0	0	0	0	0	0	0	0	0	0	0	0	0	0	0	0	0	0	0	0	0	0	0	0
7	45	2003	18.417442	45.068367	0	16.023785	17.268547	26.430641	18.661287	79.864403	.64516127	75.391846	43.236797	76.796761	12.963113	2.53476	10	10	0	1	1	10.228035	46.49593	0	16.023785	17.223267	28.929882	18.151485	78.756798	1.3563218	79.752922	42.211491	93.3395	12.52867	1.764714	10	10	0	1	1	9.9790487	0	0	0	0	0	0	1	0	0	1	0	0	0	0	0	0	0	0	0	0	0	0	0	0	0	0	0	0	0	0	0	0	0	0
8	45	2008	17.72159	44.560879	0	16.023785	17.323959	24.231792	19.619421	80.381203	1.2310606	65.272972	42.766453	75.028458	13.616703	2.0685439	10	10	0	1	1	10.659899	45.068367	0	16.023785	17.268547	26.430641	18.661287	79.864403	.64516127	75.391846	43.236797	76.796761	12.963113	2.53476	10	10	0	1	1	10.228035	0	0	0	0	0	0	0	1	0	1	0	0	0	0	0	0	0	0	0	0	0	0	0	0	0	0	0	0	0	0	0	0	0	0
2	51	1978	24.87466	96.499435	.60000002	13.519167	16.213406	57.647247	9.281847	80.100197	2	44.659912	52.885593	48.51226	8.3972092	97.711723	-7	1	1	1	6.4000001	7.4098945	98.52832	1.2	13.519167	16.112045	67.47258	9.3999414	77.122398	.82276851	32.715309	52.799259	79.8181	7.9176102	303.5675	-1.8	3.4000001	1	1	5.5	7.1422496	0	1	0	0	0	0	0	0	0	0	1	0	0	0	0	0	0	0	0	0	0	0	0	0	0	0	0	0	0	0	0	0	0	0
3	51	1983	27.211678	92.829506	0	13.519167	16.283014	50.403168	9.2445889	82.071602	1.8181819	44.047009	52.139523	81.4888	8.4901543	19.110701	-6.4000001	1.6	1	1	6	7.6275043	96.499435	.60000002	13.519167	16.213406	57.647247	9.281847	80.100197	2	44.659912	52.885593	48.51226	8.3972092	97.711723	-7	1	1	1	6.4000001	7.4098945	0	0	1	0	0	0	0	0	0	0	1	0	0	0	0	0	0	0	0	0	0	0	0	0	0	0	0	0	0	0	0	0	0	0
4	51	1988	19.514772	95.462311	0	13.519167	16.36445	47.378899	9.4655542	83.012199	1.6666666	56.698441	52.523689	117.01622	8.6852694	21.316879	.60000002	6	1	1	4.5999999	7.6551046	92.829506	0	13.519167	16.283014	50.403168	9.2445889	82.071602	1.8181819	44.047009	52.139523	81.4888	8.4901543	19.110701	-6.4000001	1.6	1	1	6	7.6275043	0	0	0	1	0	0	0	0	0	0	1	0	0	0	0	0	0	0	0	0	0	0	0	0	0	0	0	0	0	0	0	0	0	0
5	51	1993	18.636505	93.921112	0	13.519167	16.439747	46.747044	10.078614	83.931602	1.5384616	54.418186	51.688087	48.274158	9.5733461	14.24602	8	9	1	1	2	8.2395601	95.462311	0	13.519167	16.36445	47.378899	9.4655542	83.012199	1.6666666	56.698441	52.523689	117.01622	8.6852694	21.316879	.60000002	6	1	1	4.5999999	7.6551046	0	0	0	0	1	0	0	0	0	0	1	0	0	0	0	0	0	0	0	0	0	0	0	0	0	0	0	0	0	0	0	0	0	0
6	51	1998	20.520634	91.503059	0	13.519167	16.523561	44.525269	10.900227	85.316399	1.4285715	55.735371	52.704826	22.986799	10.526471	4.3266821	8.1999998	9	1	1	2.2	8.5721731	93.921112	0	13.519167	16.439747	46.747044	10.078614	83.931602	1.5384616	54.418186	51.688087	48.274158	9.5733461	14.24602	8	9	1	1	2	8.2395601	0	0	0	0	0	1	0	0	0	0	1	0	0	0	0	0	0	0	0	0	0	0	0	0	0	0	0	0	0	0	0	0	0	0
7	51	2003	20.932817	95.100159	0	13.519167	16.588099	39.390438	11.711746	86.952202	1.3333334	67.291031	51.64732	12.3316	10.891338	5.7903061	9	9	1	1	1.4	8.585515	91.503059	0	13.519167	16.523561	44.525269	10.900227	85.316399	1.4285715	55.735371	52.704826	22.986799	10.526471	4.3266821	8.1999998	9	1	1	2.2	8.5721731	0	0	0	0	0	0	1	0	0	0	1	0	0	0	0	0	0	0	0	0	0	0	0	0	0	0	0	0	0	0	0	0	0	0
8	51	2008	21.28631	93.049133	0	13.519167	16.636599	34.01128	12.886475	88.414398	1.25	73.646446	50.484085	5.9930639	11.610178	6.159615	10	10	1	1	1	9.2695761	95.100159	0	13.519167	16.588099	39.390438	11.711746	86.952202	1.3333334	67.291031	51.64732	12.3316	10.891338	5.7903061	9	9	1	1	1.4	8.585515	0	0	0	0	0	0	0	1	0	0	1	0	0	0	0	0	0	0	0	0	0	0	0	0	0	0	0	0	0	0	0	0	0	0
2	56	1978	6.1564894	68.799767	0	13.910821	17.065466	77.122368	7.0776634	60.688202	2.402564	24.07279	60.448524	14.45686	7.1209006	24.65254	8	9	1	0	2	7.145164	83.462067	0	13.910821	16.941736	85.641739	6.9984279	57.051399	2.7310371	22.910376	54.996014	19.686226	6.8058457	18.44388	7.4000001	9	1	0	2	6.4501734	0	1	0	0	0	0	0	0	0	0	0	1	0	0	0	0	0	0	0	0	0	0	0	0	0	0	0	0	0	0	0	0	0	0
3	56	1983	8.5062027	71.080582	0	13.910821	17.168276	68.739525	7.0343781	64.192802	2.1446817	20.604313	56.087128	21.19388	7.5822334	23.00404	8	9	1	0	2	7.5182137	68.799767	0	13.910821	17.065466	77.122368	7.0776634	60.688202	2.402564	24.07279	60.448524	14.45686	7.1209006	24.65254	8	9	1	0	2	7.145164	0	0	1	0	0	0	0	0	0	0	0	1	0	0	0	0	0	0	0	0	0	0	0	0	0	0	0	0	0	0	0	0	0	0
4	56	1988	8.2339392	94.385124	0	13.910821	17.280855	63.260796	7.1657953	67.195198	1.9368279	25.17123	46.813065	35.350281	8.2876501	26.21356	8	9	1	0	2.4000001	7.4290061	71.080582	0	13.910821	17.168276	68.739525	7.0343781	64.192802	2.1446817	20.604313	56.087128	21.19388	7.5822334	23.00404	8	9	1	0	2	7.5182137	0	0	0	1	0	0	0	0	0	0	0	1	0	0	0	0	0	0	0	0	0	0	0	0	0	0	0	0	0	0	0	0	0	0
5	56	1993	9.7589941	100	0	13.910821	17.370531	59.1595	7.3447552	69.620003	2.32128	28.367094	50.346912	29.309919	8.7740879	28.11508	8.6000004	8.6000004	1	0	2.5999999	7.6962466	94.385124	0	13.910821	17.280855	63.260796	7.1657953	67.195198	1.9368279	25.17123	46.813065	35.350281	8.2876501	26.21356	8	9	1	0	2.4000001	7.4290061	0	0	0	0	1	0	0	0	0	0	0	1	0	0	0	0	0	0	0	0	0	0	0	0	0	0	0	0	0	0	0	0	0	0
6	56	1998	16.354797	85.886314	0	13.910821	17.463217	54.476925	7.4957538	71.451401	1.5796769	29.788164	53.329502	30.80625	9.5612211	18.573099	7	7	1	0	3.8	7.9792914	100	0	13.910821	17.370531	59.1595	7.3447552	69.620003	2.32128	28.367094	50.346912	29.309919	8.7740879	28.11508	8.6000004	8.6000004	1	0	2.5999999	7.6962466	0	0	0	0	0	1	0	0	0	0	0	1	0	0	0	0	0	0	0	0	0	0	0	0	0	0	0	0	0	0	0	0	0	0
7	56	2003	30.675293	83.090019	0	13.910821	17.543308	49.757042	7.7606831	72.9786	1.4639953	34.979523	51.935448	42.381882	10.000927	6.4312439	7	7	1	0	3.8	7.87117	85.886314	0	13.910821	17.463217	54.476925	7.4957538	71.451401	1.5796769	29.788164	53.329502	30.80625	9.5612211	18.573099	7	7	1	0	3.8	7.9792914	0	0	0	0	0	0	1	0	0	0	0	1	0	0	0	0	0	0	0	0	0	0	0	0	0	0	0	0	0	0	0	0	0	0
8	56	2008	32.230129	83.444626	0	13.910821	17.621975	45.379406	8.253397	74.444397	1.3641062	36.150848	52.51664	34.422798	11.064655	5.1269441	7	7	1	0	3	8.5082855	83.090019	0	13.910821	17.543308	49.757042	7.7606831	72.9786	1.4639953	34.979523	51.935448	42.381882	10.000927	6.4312439	7	7	1	0	3.8	7.87117	0	0	0	0	0	0	0	1	0	0	0	1	0	0	0	0	0	0	0	0	0	0	0	0	0	0	0	0	0	0	0	0	0	0
2	59	1978	15.545707	100	0	10.840756	14.612445	69.212326	8.5810146	42.398998	1.8614719	59.046642	56.160702	42.24308	5.0177665	13.88573	10	10	1	0	1	7.5970345	100	0	10.840756	14.48814	81.570648	9.0936041	40.340199	3.1637428	63.759628	57.593391	23.957701	4.3501439	14.290188	10	10	1	0	1	6.8567023	0	1	0	0	0	0	0	0	0	0	0	0	1	0	0	0	0	0	0	0	0	0	0	0	0	0	0	0	0	0	0	0	0	0
3	59	1983	15.889074	100	0	10.840756	14.746873	61.753735	8.5244112	44.5774	3.2721293	69.800781	50.799915	101.78234	4.9817696	44.653419	10	10	1	0	1	7.3589668	100	0	10.840756	14.612445	69.212326	8.5810146	42.398998	1.8614719	59.046642	56.160702	42.24308	5.0177665	13.88573	10	10	1	0	1	7.5970345	0	0	1	0	0	0	0	0	0	0	0	0	1	0	0	0	0	0	0	0	0	0	0	0	0	0	0	0	0	0	0	0	0	0
4	59	1988	19.335684	99.39183	0	10.840756	14.886303	60.521271	8.4970627	48.634998	2.8113482	63.508427	44.907711	81.716759	5.5706577	16.94206	10	10	1	0	1	7.6609831	100	0	10.840756	14.746873	61.753735	8.5244112	44.5774	3.2721293	69.800781	50.799915	101.78234	4.9817696	44.653419	10	10	1	0	1	7.3589668	0	0	0	1	0	0	0	0	0	0	0	0	1	0	0	0	0	0	0	0	0	0	0	0	0	0	0	0	0	0	0	0	0	0
5	59	1993	21.047153	100	0	10.840756	15.008513	58.685448	8.5810184	53.746601	2.4644573	75.673973	43.50668	40.486279	6.2630343	18.998779	10	10	1	0	1	7.9528718	99.39183	0	10.840756	14.886303	60.521271	8.4970627	48.634998	2.8113482	63.508427	44.907711	81.716759	5.5706577	16.94206	10	10	1	0	1	7.6609831	0	0	0	0	1	0	0	0	0	0	0	0	1	0	0	0	0	0	0	0	0	0	0	0	0	0	0	0	0	0	0	0	0	0
6	59	1998	22.199675	100	0	10.840756	15.128746	52.817757	8.6755419	57.7384	2.1938405	91.406059	44.29974	39.831749	7.396358	12.953686	10	10	1	0	1	8.2291889	100	0	10.840756	15.008513	58.685448	8.5810184	53.746601	2.4644573	75.673973	43.50668	40.486279	6.2630343	18.998779	10	10	1	0	1	7.9528718	0	0	0	0	0	1	0	0	0	0	0	0	1	0	0	0	0	0	0	0	0	0	0	0	0	0	0	0	0	0	0	0	0	0
7	59	2003	24.236475	97.822128	0	10.840756	15.240724	45.150921	8.8090878	60.638802	1.9768158	93.888687	46.387657	42.144402	8.3378019	9.7079077	10	10	1	0	1	8.363307	100	0	10.840756	15.128746	52.817757	8.6755419	57.7384	2.1938405	91.406059	44.29974	39.831749	7.396358	12.953686	10	10	1	0	1	8.2291889	0	0	0	0	0	0	1	0	0	0	0	0	1	0	0	0	0	0	0	0	0	0	0	0	0	0	0	0	0	0	0	0	0	0
8	59	2008	23.885759	98.601486	0	10.840756	15.328186	38.472424	9.2519379	63.194	1.7988888	93.925499	46.700966	35.909641	9.2349806	9.8244019	10	10	1	0	1	8.7493677	97.822128	0	10.840756	15.240724	45.150921	8.8090878	60.638802	1.9768158	93.888687	46.387657	42.144402	8.3378019	9.7079077	10	10	1	0	1	8.363307	0	0	0	0	0	0	0	1	0	0	0	0	1	0	0	0	0	0	0	0	0	0	0	0	0	0	0	0	0	0	0	0	0	0
2	68	1978	32.742264	54.032318	0	10.65429	15.444751	33.624126	21.78845	83.092201	0	63.168736	48.90181	14.772842	8.4180641	8.5747681	10	10	0	0	1	9.3234167	55.415939	0	10.654196	15.428909	35.762833	20.168356	81.182404	.80816329	60.768734	49.214062	5.91085	7.8023181	10.90686	10	10	0	0	1	8.6202726	0	1	0	0	0	0	0	0	0	0	0	0	0	1	0	0	0	0	0	0	0	0	0	0	0	0	0	0	0	0	0	0	0	0
3	68	1983	39.645664	56.943787	0	10.654432	15.444751	29.491972	22.550127	84.0998	0	73.80529	48.545467	54.11248	8.2979431	7.647038	10	10	0	0	1	9.3603315	54.032318	0	10.65429	15.444751	33.624126	21.78845	83.092201	0	63.168736	48.90181	14.772842	8.4180641	8.5747681	10	10	0	0	1	9.3234167	0	0	1	0	0	0	0	0	0	0	0	0	0	1	0	0	0	0	0	0	0	0	0	0	0	0	0	0	0	0	0	0	0	0
4	68	1988	36.935345	55.967163	0	10.65462	15.444751	26.059668	23.006121	84.646202	0	67.394653	46.863209	59.642979	9.0158186	3.8362999	10	10	0	0	1	9.9690027	56.943787	0	10.654432	15.444751	29.491972	22.550127	84.0998	0	73.80529	48.545467	54.11248	8.2979431	7.647038	10	10	0	0	1	9.3603315	0	0	0	1	0	0	0	0	0	0	0	0	0	1	0	0	0	0	0	0	0	0	0	0	0	0	0	0	0	0	0	0	0	0
5	68	1993	40.593987	59.159302	0	10.655422	15.46417	25.424168	22.865904	84.924599	.39215687	70.051064	47.860664	64.906502	9.7281494	1.561748	10	10	0	0	1	10.283306	55.967163	0	10.65462	15.444751	26.059668	23.006121	84.646202	0	67.394653	46.863209	59.642979	9.0158186	3.8362999	10	10	0	0	1	9.9690027	0	0	0	0	1	0	0	0	0	0	0	0	0	1	0	0	0	0	0	0	0	0	0	0	0	0	0	0	0	0	0	0	0	0
6	68	1998	37.291786	66.295753	0	10.655611	15.483217	26.976784	22.323362	85.051598	.38461539	76.404877	47.171276	67.272774	10.41873	1.9725519	10	10	0	0	1	10.389779	59.159302	0	10.655422	15.46417	25.424168	22.865904	84.924599	.39215687	70.051064	47.860664	64.906502	9.7281494	1.561748	10	10	0	0	1	10.283306	0	0	0	0	0	1	0	0	0	0	0	0	0	1	0	0	0	0	0	0	0	0	0	0	0	0	0	0	0	0	0	0	0	0
7	68	2003	33.987255	62.662079	0	10.655611	15.501909	28.267084	22.460171	85.553596	.3773585	87.895477	45.98859	54.448021	11.341936	2.3298039	10	10	0	0	1	10.553508	66.295753	0	10.655611	15.483217	26.976784	22.323362	85.051598	.38461539	76.404877	47.171276	67.272774	10.41873	1.9725519	10	10	0	0	1	10.389779	0	0	0	0	0	0	1	0	0	0	0	0	0	1	0	0	0	0	0	0	0	0	0	0	0	0	0	0	0	0	0	0	0	0
8	68	2008	37.558762	69.400368	0	10.655611	15.520192	27.878649	24.029398	86.419403	.37037036	99.24511	51.654423	40.538639	11.678454	2.7149673	10	10	0	0	1	10.939422	62.662079	0	10.655611	15.501909	28.267084	22.460171	85.553596	.3773585	87.895477	45.98859	54.448021	11.341936	2.3298039	10	10	0	0	1	10.553508	0	0	0	0	0	0	0	1	0	0	0	0	0	1	0	0	0	0	0	0	0	0	0	0	0	0	0	0	0	0	0	0	0	0
2	74	1978	45.354172	100	0	13.81095	17.57617	78.840248	6.3357196	43.695599	2.383657	55.131283	38.098724	101.2583	6.3638897	14.744474	-6	2	0	1	5	6.0604506	100	.60000002	13.81095	17.463217	80.336082	6.258502	42.9548	2.1352324	35.450111	38.796272	58.696419	4.0126696	7.6155481	-7	1	0	1	6	5.5806317	0	1	0	0	0	0	0	0	0	0	0	0	0	0	1	0	0	0	0	0	0	0	0	0	0	0	0	0	0	0	0	0	0	0
3	74	1983	37.50668	100	0	13.81095	17.690237	77.403397	6.4572334	43.905998	2.1295888	62.810207	36.095558	125.785	8.2983389	7.7692399	-6	2	0	1	4.5999999	6.7259469	100	0	13.81095	17.57617	78.840248	6.3357196	43.695599	2.383657	55.131283	38.098724	101.2583	6.3638897	14.744474	-6	2	0	1	5	6.0604506	0	0	1	0	0	0	0	0	0	0	0	0	0	0	1	0	0	0	0	0	0	0	0	0	0	0	0	0	0	0	0	0	0	0
4	74	1988	28.653294	100	0	13.81095	17.811295	75.359261	6.6551013	43.661999	2.2959807	48.190136	34.092392	99.278976	9.1010294	18.91028	-6	2	0	1	5	7.2813516	100	0	13.81095	17.690237	77.403397	6.4572334	43.905998	2.1295888	62.810207	36.095558	125.785	8.2983389	7.7692399	-6	2	0	1	4.5999999	6.7259469	0	0	0	1	0	0	0	0	0	0	0	0	0	0	1	0	0	0	0	0	0	0	0	0	0	0	0	0	0	0	0	0	0	0
5	74	1993	32.564877	100	0	13.81095	17.909576	70.662941	7.0015421	43.079601	1.7251641	56.072025	35.451836	118.54712	9.4406986	12.497936	-6	2	0	1	5.5999999	6.7410159	100	0	13.81095	17.811295	75.359261	6.6551013	43.661999	2.2959807	48.190136	34.092392	99.278976	9.1010294	18.91028	-6	2	0	1	5	7.2813516	0	0	0	0	1	0	0	0	0	0	0	0	0	0	1	0	0	0	0	0	0	0	0	0	0	0	0	0	0	0	0	0	0	0
6	74	1998	26.738932	100	0	13.81095	17.992624	63.561665	7.3127322	42.803799	1.5881021	41.703716	39.957375	72.459282	9.7264442	5.3360634	-6	2	0	1	6	7.1792297	100	0	13.81095	17.909576	70.662941	7.0015421	43.079601	1.7251641	56.072025	35.451836	118.54712	9.4406986	12.497936	-6	2	0	1	5.5999999	6.7410159	0	0	0	0	0	1	0	0	0	0	0	0	0	0	1	0	0	0	0	0	0	0	0	0	0	0	0	0	0	0	0	0	0	0
7	74	2003	30.027391	100	0	13.81095	18.083471	55.863888	7.5147772	42.935001	1.7570556	50.526585	34.817364	103.69205	9.982729	5.9426479	-5.4000001	2.8	0	1	6	7.0767527	100	0	13.81095	17.992624	63.561665	7.3127322	42.803799	1.5881021	41.703716	39.957375	72.459282	9.7264442	5.3360634	-6	2	0	1	6	7.1792297	0	0	0	0	0	0	1	0	0	0	0	0	0	0	1	0	0	0	0	0	0	0	0	0	0	0	0	0	0	0	0	0	0	0
8	74	2008	33.931358	100	0	13.81095	18.177055	50.862984	7.739068	43.235802	1.6150942	61.711807	32.645111	82.00692	10.908479	10.687876	-3	6	1	1	6	7.6018853	100	0	13.81095	18.083471	55.863888	7.5147772	42.935001	1.7570556	50.526585	34.817364	103.69205	9.982729	5.9426479	-5.4000001	2.8	0	1	6	7.0767527	0	0	0	0	0	0	0	1	0	0	0	0	0	0	1	0	0	0	0	0	0	0	0	0	0	0	0	0	0	0	0	0	0	0
2	75	1978	34.962173	100	2.4000001	9.9388552	15.319094	89.238632	7.6170855	43.038799	2.2750793	71.86203	47.53138	17.083179	5.3547516	13.886023	-3.8	3.3333333	1	1	4.4000001	5.3956218	100	0	9.9451094	15.20118	91.296608	7.4137259	40.666801	2.5674818	63.178226	52.897736	12.35575	4.7312031	5.9170527	-.80000001	6.4000001	1	1	2	4.710577	0	1	0	0	0	0	0	0	0	0	0	0	0	0	0	1	0	0	0	0	0	0	0	0	0	0	0	0	0	0	0	0	0	0
3	75	1983	43.515511	100	6	9.9388552	15.396328	86.611649	8.0022097	45.604801	1.2503618	53.681568	47.363087	72.571983	5.764184	4.1488361	3.5999999	7	1	1	3.4000001	5.6552277	100	2.4000001	9.9388552	15.319094	89.238632	7.6170855	43.038799	2.2750793	71.86203	47.53138	17.083179	5.3547516	13.886023	-3.8	3.3333333	1	1	4.4000001	5.3956218	0	0	1	0	0	0	0	0	0	0	0	0	0	0	0	1	0	0	0	0	0	0	0	0	0	0	0	0	0	0	0	0	0	0
4	75	1988	15.67424	100	6	9.9388552	15.464022	80.41568	8.5020981	48.194199	1.1767722	44.723431	47.474121	80.277496	6.0164943	2.6866739	6	7	1	1	3	6.5333533	100	6	9.9388552	15.396328	86.611649	8.0022097	45.604801	1.2503618	53.681568	47.363087	72.571983	5.764184	4.1488361	3.5999999	7	1	1	3.4000001	5.6552277	0	0	0	1	0	0	0	0	0	0	0	0	0	0	0	1	0	0	0	0	0	0	0	0	0	0	0	0	0	0	0	0	0	0
5	75	1993	12.95857	100	2.4000001	9.9388552	15.53448	73.396477	8.8996153	52.073399	1.4685081	52.858089	48.753124	43.482861	6.2703104	7.9807739	7	9	1	1	3	7.1355062	100	6	9.9388552	15.464022	80.41568	8.5020981	48.194199	1.1767722	44.723431	47.474121	80.277496	6.0164943	2.6866739	6	7	1	1	3	6.5333533	0	0	0	0	1	0	0	0	0	0	0	0	0	0	0	1	0	0	0	0	0	0	0	0	0	0	0	0	0	0	0	0	0	0
6	75	1998	14.857697	100	0	9.9388552	15.583625	69.474335	9.6326885	56.933998	1.0346879	62.475651	49.624557	29.23402	7.1968846	3.5482097	7	9	1	.40000001	2.2	7.6030865	100	2.4000001	9.9388552	15.53448	73.396477	8.8996153	52.073399	1.4685081	52.858089	48.753124	43.482861	6.2703104	7.9807739	7	9	1	1	3	7.1355062	0	0	0	0	0	1	0	0	0	0	0	0	0	0	0	1	0	0	0	0	0	0	0	0	0	0	0	0	0	0	0	0	0	0
7	75	2003	20.094816	97.372742	0	9.9388552	15.610576	64.309494	10.573374	60.5536	.33333334	69.201538	48.020187	38.491241	8.0679684	2.996026	7	9	1	0	2	7.8338242	100	0	9.9388552	15.583625	69.474335	9.6326885	56.933998	1.0346879	62.475651	49.624557	29.23402	7.1968846	3.5482097	7	9	1	.40000001	2.2	7.6030865	0	0	0	0	0	0	1	0	0	0	0	0	0	0	0	1	0	0	0	0	0	0	0	0	0	0	0	0	0	0	0	0	0	0
8	75	2008	21.157614	96.536751	0	9.9388552	15.630303	55.967453	11.248648	63.2272	.32786885	70.719826	45.234196	44.495159	8.7690964	3.1715071	7.4000001	9	1	0	2	8.1101599	97.372742	0	9.9388552	15.610576	64.309494	10.573374	60.5536	.33333334	69.201538	48.020187	38.491241	8.0679684	2.996026	7	9	1	0	2	7.8338242	0	0	0	0	0	0	0	1	0	0	0	0	0	0	0	1	0	0	0	0	0	0	0	0	0	0	0	0	0	0	0	0	0	0
2	83	1978	26.14304	62.911308	0	12.626722	15.375705	30.943014	16.981976	70.168602	.42553192	55.731205	38.296722	3.4137001	6.1575675	9.5876217	10	10	0	0	2	9.0053625	62.978073	0	12.626722	15.35447	34.383369	14.978628	66.180199	.43478259	51.211185	43.698967	2.911406	5.318615	13.003914	10	10	0	0	2	8.3040619	0	1	0	0	0	0	0	0	0	0	0	0	0	0	0	0	1	0	0	0	0	0	0	0	0	0	0	0	0	0	0	0	0	0
3	83	1983	27.519817	62.430107	0	12.626722	15.396498	28.964954	18.089371	74.175598	.41666666	58.497902	37.639992	14.30602	7.0219984	8.5323725	10	10	0	0	2	9.2843199	62.911308	0	12.626722	15.375705	30.943014	16.981976	70.168602	.42553192	55.731205	38.296722	3.4137001	6.1575675	9.5876217	10	10	0	0	2	9.0053625	0	0	1	0	0	0	0	0	0	0	0	0	0	0	0	0	1	0	0	0	0	0	0	0	0	0	0	0	0	0	0	0	0	0
4	83	1988	28.792992	61.245419	0	12.626722	15.416867	28.559944	19.213493	77.943398	.40816328	48.897728	36.718899	15.7458	8.0291719	5.7207541	10	10	0	0	1.2	9.9378128	62.430107	0	12.626722	15.396498	28.964954	18.089371	74.175598	.41666666	58.497902	37.639992	14.30602	7.0219984	8.5323725	10	10	0	0	2	9.2843199	0	0	0	1	0	0	0	0	0	0	0	0	0	0	0	0	1	0	0	0	0	0	0	0	0	0	0	0	0	0	0	0	0	0
5	83	1993	40.776924	64.883186	0	12.626722	15.436831	28.674416	20.775515	80.3246	.40000001	56.767712	37.639591	45.54398	8.5526304	2.1007338	10	10	0	0	1	9.983963	61.245419	0	12.626722	15.416867	28.559944	19.213493	77.943398	.40816328	48.897728	36.718899	15.7458	8.0291719	5.7207541	10	10	0	0	1.2	9.9378128	0	0	0	0	1	0	0	0	0	0	0	0	0	0	0	0	1	0	0	0	0	0	0	0	0	0	0	0	0	0	0	0	0	0
6	83	1998	35.810883	67.022629	0	12.626722	15.456402	27.715694	21.834017	81.695	.39215687	70.636429	43.187084	49.168861	9.5731201	1.7167758	10	10	0	0	1	10.109635	64.883186	0	12.626722	15.436831	28.674416	20.775515	80.3246	.40000001	56.767712	37.639591	45.54398	8.5526304	2.1007338	10	10	0	0	1	9.983963	0	0	0	0	0	1	0	0	0	0	0	0	0	0	0	0	1	0	0	0	0	0	0	0	0	0	0	0	0	0	0	0	0	0
7	83	2003	35.634682	72.063133	0	12.626722	15.46417	26.495062	23.210928	82.616203	0	73.735497	47.689888	42.937901	10.643261	.9084602	10	10	0	0	1	10.327182	67.022629	0	12.626722	15.456402	27.715694	21.834017	81.695	.39215687	70.636429	43.187084	49.168861	9.5731201	1.7167758	10	10	0	0	1	10.109635	0	0	0	0	0	0	1	0	0	0	0	0	0	0	0	0	1	0	0	0	0	0	0	0	0	0	0	0	0	0	0	0	0	0
8	83	2008	36.881977	71.960793	0	12.624717	15.486956	25.308689	24.978861	83.296799	.76197386	83.003403	47.767551	40.214981	11.328174	1.7197398	10	10	0	0	1	10.715929	72.063133	0	12.626722	15.46417	26.495062	23.210928	82.616203	0	73.735497	47.689888	42.937901	10.643261	.9084602	10	10	0	0	1	10.327182	0	0	0	0	0	0	0	1	0	0	0	0	0	0	0	0	1	0	0	0	0	0	0	0	0	0	0	0	0	0	0	0	0	0
2	84	1978	35.457058	92.583549	0	13.213428	17.815504	36.437027	21.903543	73.139603	.37037036	41.33403	40.63385	16.945299	9.5854979	10.131396	8	10	0	1	1	9.1205683	100	0	13.213428	17.789469	38.967659	21.177118	72.177597	.76197386	35.58453	42.465721	17.02038	8.3210192	9.098052	8	10	0	1	1	8.4316339	0	1	0	0	0	0	0	0	0	0	0	0	0	0	0	0	0	1	0	0	0	0	0	0	0	0	0	0	0	0	0	0	0	0
3	84	1983	41.083328	87.453354	0	13.213428	17.840799	33.324215	20.422165	73.5028	.72077924	47.075829	35.319813	26.754499	10.198635	9.1984081	8	10	0	1	1	9.2075062	92.583549	0	13.213428	17.815504	36.437027	21.903543	73.139603	.37037036	41.33403	40.63385	16.945299	9.5854979	10.131396	8	10	0	1	1	9.1205683	0	0	1	0	0	0	0	0	0	0	0	0	0	0	0	0	0	1	0	0	0	0	0	0	0	0	0	0	0	0	0	0	0	0
4	84	1988	40.721077	85.602661	0	13.213428	17.868998	31.092379	20.406725	73.8936	.3508772	42.870323	39.051323	33.360958	11.779023	3.440352	9	10	0	1	1	9.7353401	87.453354	0	13.213428	17.840799	33.324215	20.422165	73.5028	.72077924	47.075829	35.319813	26.754499	10.198635	9.1984081	8	10	0	1	1	9.2075062	0	0	0	1	0	0	0	0	0	0	0	0	0	0	0	0	0	1	0	0	0	0	0	0	0	0	0	0	0	0	0	0	0	0
5	84	1993	44.357468	85.227058	0	13.213428	17.889629	30.096418	22.478512	74.569603	.68381065	42.98732	47.710949	45.382622	12.531362	1.737826	9	10	0	1	1	10.051267	85.602661	0	13.213428	17.868998	31.092379	20.406725	73.8936	.3508772	42.870323	39.051323	33.360958	11.779023	3.440352	9	10	0	1	1	9.7353401	0	0	0	0	1	0	0	0	0	0	0	0	0	0	0	0	0	1	0	0	0	0	0	0	0	0	0	0	0	0	0	0	0	0
6	84	1998	46.592155	87.642097	0	13.213428	17.91316	29.320581	24.151005	76.101799	.33333334	50.3484	45.161114	58.630718	13.016353	1.031626	9	10	0	1	1	10.087535	85.227058	0	13.213428	17.889629	30.096418	22.478512	74.569603	.68381065	42.98732	47.710949	45.382622	12.531362	1.737826	9	10	0	1	1	10.051267	0	0	0	0	0	1	0	0	0	0	0	0	0	0	0	0	0	1	0	0	0	0	0	0	0	0	0	0	0	0	0	0	0	0
7	84	2003	46.019859	86.856987	0	13.213425	17.942593	28.488239	25.056013	79.691002	.65044951	53.046005	49.222717	62.175179	13.323471	1.963202	9	10	0	1	1	10.234266	87.642097	0	13.213428	17.91316	29.320581	24.151005	76.101799	.33333334	50.3484	45.161114	58.630718	13.016353	1.031626	9	10	0	1	1	10.087535	0	0	0	0	0	0	1	0	0	0	0	0	0	0	0	0	0	1	0	0	0	0	0	0	0	0	0	0	0	0	0	0	0	0
8	84	2008	46.673023	85.734062	0	13.21341	17.974344	28.236656	25.473652	83.759399	.6299603	53.64563	51.289398	71.545517	13.870057	1.7894052	9	10	0	1	1	10.598432	86.856987	0	13.213425	17.942593	28.488239	25.056013	79.691002	.65044951	53.046005	49.222717	62.175179	13.323471	1.963202	9	10	0	1	1	10.234266	0	0	0	0	0	0	0	1	0	0	0	0	0	0	0	0	0	1	0	0	0	0	0	0	0	0	0	0	0	0	0	0	0	0
2	96	1978	20.970093	100	0	11.766792	16.053921	36.382103	20.054573	56.763199	1.3001817	44.449627	45.460297	22.5735	7.2353663	16.673401	8	10	0	1	1.8	8.3906097	100	0	11.766792	16.003771	38.064407	18.590666	54.185799	.45199183	36.735405	47.888332	24.01292	6.0849056	12.966496	-2.4000001	3.25	0	1	4.25	7.7104001	0	1	0	0	0	0	0	0	0	0	0	0	0	0	0	0	0	0	1	0	0	0	0	0	0	0	0	0	0	0	0	0	0	0
3	96	1983	31.262253	100	0	11.766792	16.099903	33.876564	20.476074	58.158199	.61860055	51.418068	44.918404	35.33036	7.8573899	22.076281	8	10	0	1	1.2	8.4932775	100	0	11.766792	16.053921	36.382103	20.054573	56.763199	1.3001817	44.449627	45.460297	22.5735	7.2353663	16.673401	8	10	0	1	1.8	8.3906097	0	0	1	0	0	0	0	0	0	0	0	0	0	0	0	0	0	0	1	0	0	0	0	0	0	0	0	0	0	0	0	0	0	0
4	96	1988	38.17123	100	0	11.766792	16.118095	30.296295	20.255764	58.682201	.2020202	49.958344	43.817558	58.047298	8.6486979	17.20084	10	10	0	1	1.6	8.8532352	100	0	11.766792	16.099903	33.876564	20.476074	58.158199	.61860055	51.418068	44.918404	35.33036	7.8573899	22.076281	8	10	0	1	1.2	8.4932775	0	0	0	1	0	0	0	0	0	0	0	0	0	0	0	0	0	0	1	0	0	0	0	0	0	0	0	0	0	0	0	0	0	0
5	96	1993	31.941317	99.684135	0	11.766792	16.156219	26.221994	21.575914	59.109402	2	45.619869	45.012505	90.644501	9.2275944	13.997788	10	10	0	1	1	9.2682667	100	0	11.766792	16.118095	30.296295	20.255764	58.682201	.2020202	49.958344	43.817558	58.047298	8.6486979	17.20084	10	10	0	1	1.6	8.8532352	0	0	0	0	1	0	0	0	0	0	0	0	0	0	0	0	0	0	1	0	0	0	0	0	0	0	0	0	0	0	0	0	0	0
6	96	1998	44.176594	98.172432	0	11.766792	16.213406	23.164474	23.855827	59.5564	0	53.591431	46.024178	100.57426	9.5012531	5.1480341	10	10	0	1	1	9.4231195	99.684135	0	11.766792	16.156219	26.221994	21.575914	59.109402	2	45.619869	45.012505	90.644501	9.2275944	13.997788	10	10	0	1	1	9.2682667	0	0	0	0	0	1	0	0	0	0	0	0	0	0	0	0	0	0	1	0	0	0	0	0	0	0	0	0	0	0	0	0	0	0
7	96	2003	44.255291	97.945786	0	11.766792	16.213406	21.635225	26.354679	60.084	0	57.428856	45.956997	100.3144	9.9505768	3.2398	10	10	0	1	1	9.7044239	98.172432	0	11.766792	16.213406	23.164474	23.855827	59.5564	0	53.591431	46.024178	100.57426	9.5012531	5.1480341	10	10	0	1	1	9.4231195	0	0	0	0	0	0	1	0	0	0	0	0	0	0	0	0	0	0	1	0	0	0	0	0	0	0	0	0	0	0	0	0	0	0
8	96	2008	47.015278	97.710968	0	11.766792	16.213406	21.530704	27.566879	60.8578	0	56.273357	39.7197	118.4194	10.634113	2.7801139	10	10	0	1	1	10.204239	97.945786	0	11.766792	16.213406	21.635225	26.354679	60.084	0	57.428856	45.956997	100.3144	9.9505768	3.2398	10	10	0	1	1	9.7044239	0	0	0	0	0	0	0	1	0	0	0	0	0	0	0	0	0	0	1	0	0	0	0	0	0	0	0	0	0	0	0	0	0	0
2	101	1978	10.636281	97.949013	5	11.582078	15.717038	86.64505	5.8671017	37.1278	2.4597886	70.938141	43.20158	12.60176	6.0137973	10.40725	-4.1999998	4.1999998	1	1	4	6.6851101	100	5	11.582078	15.593194	85.082832	5.6519823	36.248798	2.8052876	60.783112	51.229935	11.55692	5.1933732	8.1327105	-.60000002	6	1	1	3	5.9799876	0	1	0	0	0	0	0	0	0	0	0	0	0	0	0	0	0	0	0	1	0	0	0	0	0	0	0	0	0	0	0	0	0	0
3	101	1983	10.487554	97.931465	5	11.582078	15.842965	88.601685	6.1609035	38.451599	2.4500682	49.353813	49.72628	36.651981	6.5469909	8.5980883	-5.1999998	1.75	1	1	5.4000001	7.0044456	97.949013	5	11.582078	15.717038	86.64505	5.8671017	37.1278	2.4597886	70.938141	43.20158	12.60176	6.0137973	10.40725	-4.1999998	4.1999998	1	1	4	6.6851101	0	0	1	0	0	0	0	0	0	0	0	0	0	0	0	0	0	0	0	1	0	0	0	0	0	0	0	0	0	0	0	0	0	0
4	101	1988	11.493954	98.078606	5	11.582078	15.955023	88.7033	6.5372701	40.331001	2.4124424	55.485748	56.882786	49.630138	6.5144811	22.511326	3	7	1	1	3	6.7129998	97.931465	5	11.582078	15.842965	88.601685	6.1609035	38.451599	2.4500682	49.353813	49.72628	36.651981	6.5469909	8.5980883	-5.1999998	1.75	1	1	5.4000001	7.0044456	0	0	0	1	0	0	0	0	0	0	0	0	0	0	0	0	0	0	0	1	0	0	0	0	0	0	0	0	0	0	0	0	0	0
5	101	1993	10.526584	94.64959	5	11.582078	16.072514	87.5756	7.0063829	42.312801	2.3588483	62.826996	56.53577	39.571018	6.9615502	15.346202	3	7	.60000002	1	3.8	6.9887333	98.078606	5	11.582078	15.955023	88.7033	6.5372701	40.331001	2.4124424	55.485748	56.882786	49.630138	6.5144811	22.511326	3	7	1	1	3	6.7129998	0	0	0	0	1	0	0	0	0	0	0	0	0	0	0	0	0	0	0	1	0	0	0	0	0	0	0	0	0	0	0	0	0	0
6	101	1998	12.092928	100	1	11.582078	16.175282	85.651184	7.517633	44.320202	2	64.676292	55.581478	27.810925	7.3820529	7.7062898	8	9	1	1	3	7.3140736	94.64959	5	11.582078	16.072514	87.5756	7.0063829	42.312801	2.3588483	62.826996	56.53577	39.571018	6.9615502	15.346202	3	7	.60000002	1	3.8	6.9887333	0	0	0	0	0	1	0	0	0	0	0	0	0	0	0	0	0	0	0	1	0	0	0	0	0	0	0	0	0	0	0	0	0	0
7	101	2003	14.008431	100	0	11.582078	16.316425	83.140732	7.9157043	46.354	3.4848485	67.332565	55.303345	20.32226	7.8649292	3.7066121	8	9	1	1	3.8	7.5206213	100	1	11.582078	16.175282	85.651184	7.517633	44.320202	2	64.676292	55.581478	27.810925	7.3820529	7.7062898	8	9	1	1	3	7.3140736	0	0	0	0	0	0	1	0	0	0	0	0	0	0	0	0	0	0	0	1	0	0	0	0	0	0	0	0	0	0	0	0	0	0
8	101	2008	14.228437	100	0	11.582078	16.424925	78.789215	7.9804697	48.465599	1.5384616	63.603813	54.638	22.028561	8.5452757	6.0511599	8	9	1	1	3.4000001	7.8824654	100	0	11.582078	16.316425	83.140732	7.9157043	46.354	3.4848485	67.332565	55.303345	20.32226	7.8649292	3.7066121	8	9	1	1	3.8	7.5206213	0	0	0	0	0	0	0	1	0	0	0	0	0	0	0	0	0	0	0	1	0	0	0	0	0	0	0	0	0	0	0	0	0	0
2	116	1978	36.339722	76.524849	0	11.140266	15.01522	52.439213	18.463022	54.6534	1.2310606	99.426918	46.905483	52.502041	8.0571175	14.63976	10	10	0	0	1	8.3530664	75.687317	0	11.140266	14.940146	53.747318	18.912039	52.869202	1.3118279	77.584419	46.210835	40.814419	6.7118773	13.083582	10	10	0	0	1	7.7221828	0	1	0	0	0	0	0	0	0	0	0	0	0	0	0	0	0	0	0	0	1	0	0	0	0	0	0	0	0	0	0	0	0	0
3	116	1983	45.739429	78.597885	0	11.140266	15.068274	50.079079	18.251135	55.898201	.58823532	101.1282	47.037086	69.164261	8.9913788	10.97984	10	10	0	0	1	8.6836796	76.524849	0	11.140266	15.01522	52.439213	18.463022	54.6534	1.2310606	99.426918	46.905483	52.502041	8.0571175	14.63976	10	10	0	0	1	8.3530664	0	0	1	0	0	0	0	0	0	0	0	0	0	0	0	0	0	0	0	0	1	0	0	0	0	0	0	0	0	0	0	0	0	0
4	116	1988	40.824627	78.3946	0	11.140266	15.068274	46.018696	18.383526	56.653599	0	105.28958	45.997787	85.725418	9.2980356	3.357199	10	10	0	0	1	9.2447815	78.597885	0	11.140266	15.068274	50.079079	18.251135	55.898201	.58823532	101.1282	47.037086	69.164261	8.9913788	10.97984	10	10	0	0	1	8.6836796	0	0	0	1	0	0	0	0	0	0	0	0	0	0	0	0	0	0	0	0	1	0	0	0	0	0	0	0	0	0	0	0	0	0
5	116	1993	37.951981	79.668594	0	11.140266	15.085176	40.093369	18.147898	57.5144	.5714286	121.67632	43.034554	90.204422	9.947897	2.90358	10	10	0	0	1	9.6504803	78.3946	0	11.140266	15.068274	46.018696	18.383526	56.653599	0	105.28958	45.997787	85.725418	9.2980356	3.357199	10	10	0	0	1	9.2447815	0	0	0	0	1	0	0	0	0	0	0	0	0	0	0	0	0	0	0	0	1	0	0	0	0	0	0	0	0	0	0	0	0	0
6	116	1998	31.611095	91.00457	0	11.140266	15.129031	34.371132	17.170162	58.655602	1.096096	159.19151	42.639381	55.541599	11.015464	3.790679	10	10	0	0	1	10.062995	79.668594	0	11.140266	15.085176	40.093369	18.147898	57.5144	.5714286	121.67632	43.034554	90.204422	9.947897	2.90358	10	10	0	0	1	9.6504803	0	0	0	0	0	1	0	0	0	0	0	0	0	0	0	0	0	0	0	0	1	0	0	0	0	0	0	0	0	0	0	0	0	0
7	116	2003	29.824667	91.14151	0	11.140266	15.206374	30.757744	16.301739	59.944599	2.0269413	161.40881	41.880947	31.10774	12.097045	3.985146	10	10	0	0	1	10.534817	91.00457	0	11.140266	15.129031	34.371132	17.170162	58.655602	1.096096	159.19151	42.639381	55.541599	11.015464	3.790679	10	10	0	0	1	10.062995	0	0	0	0	0	0	1	0	0	0	0	0	0	0	0	0	0	0	0	0	1	0	0	0	0	0	0	0	0	0	0	0	0	0
8	116	2008	42.689377	91.892303	0	11.140266	15.287707	30.821611	16.763935	61.329601	1.8402966	161.63548	40.894489	50.818661	12.234745	-.63050002	10	10	0	0	1	10.89273	91.14151	0	11.140266	15.206374	30.757744	16.301739	59.944599	2.0269413	161.40881	41.880947	31.10774	12.097045	3.985146	10	10	0	0	1	10.534817	0	0	0	0	0	0	0	1	0	0	0	0	0	0	0	0	0	0	0	0	1	0	0	0	0	0	0	0	0	0	0	0	0	0
2	119	1978	33.736622	100	0	12.591709	17.837259	36.289635	20.333754	66.241203	.36363637	43.733734	44.808472	57.041901	9.0206919	17.228661	10	10	0	0	1.8	8.6257305	100	0	12.591709	17.811834	38.567966	18.425196	65.094597	.37037036	36.173248	50.16922	49.420238	8.893405	12.555982	10	10	0	0	1	8.017992	0	1	0	0	0	0	0	0	0	0	0	0	0	0	0	0	0	0	0	0	0	1	0	0	0	0	0	0	0	0	0	0	0	0
3	119	1983	27.021959	94.306259	0	12.591709	17.855022	30.988268	19.920109	66.751602	.35714287	44.3759	40.667606	69.361702	9.2711992	14.272268	10	10	0	0	1	8.9219522	100	0	12.591709	17.837259	36.289635	20.333754	66.241203	.36363637	43.733734	44.808472	57.041901	9.0206919	17.228661	10	10	0	0	1.8	8.6257305	0	0	1	0	0	0	0	0	0	0	0	0	0	0	0	0	0	0	0	0	0	1	0	0	0	0	0	0	0	0	0	0	0	0
4	119	1988	45.684254	84.085602	0	12.591709	17.858562	25.680552	20.648241	66.765999	0	37.444084	43.092712	90.720337	10.60067	7.0519099	10	10	0	0	1	9.6056147	94.306259	0	12.591709	17.855022	30.988268	19.920109	66.751602	.35714287	44.3759	40.667606	69.361702	9.2711992	14.272268	10	10	0	0	1	8.9219522	0	0	0	1	0	0	0	0	0	0	0	0	0	0	0	0	0	0	0	0	0	1	0	0	0	0	0	0	0	0	0	0	0	0
5	119	1993	48.730179	98.270828	0	12.591709	17.858562	22.533274	23.339108	66.843597	0	40.21085	45.625938	112.62706	10.97679	4.8606219	10	10	0	.40000001	1	9.8999329	84.085602	0	12.591709	17.858562	25.680552	20.648241	66.765999	0	37.444084	43.092712	90.720337	10.60067	7.0519099	10	10	0	0	1	9.6056147	0	0	0	0	1	0	0	0	0	0	0	0	0	0	0	0	0	0	0	0	0	1	0	0	0	0	0	0	0	0	0	0	0	0
6	119	1998	42.139866	85.919037	0	12.591709	17.858562	21.403664	25.994852	67.101997	0	47.489143	45.937073	115.353	11.507975	2.7522659	10	10	0	1	1	9.9556952	98.270828	0	12.591709	17.858562	22.533274	23.339108	66.843597	0	40.21085	45.625938	112.62706	10.97679	4.8606219	10	10	0	.40000001	1	9.8999329	0	0	0	0	0	1	0	0	0	0	0	0	0	0	0	0	0	0	0	0	0	1	0	0	0	0	0	0	0	0	0	0	0	0
7	119	2003	38.808456	81.38414	0	12.59177	17.872416	21.229797	28.672873	67.441597	.3508772	50.42683	45.008194	105.7468	12.030114	2.68277	10	10	0	1	1	10.130092	85.919037	0	12.591709	17.858562	21.403664	25.994852	67.101997	0	47.489143	45.937073	115.353	11.507975	2.7522659	10	10	0	1	1	9.9556952	0	0	0	0	0	0	1	0	0	0	0	0	0	0	0	0	0	0	0	0	0	1	0	0	0	0	0	0	0	0	0	0	0	0
8	119	2008	40.765419	82.845886	0	12.591811	17.906439	21.343733	30.437458	67.967201	.34482759	54.969227	44.215855	110.326	12.728108	1.8183622	10	10	0	1	1	10.46102	81.38414	0	12.59177	17.872416	21.229797	28.672873	67.441597	.3508772	50.42683	45.008194	105.7468	12.030114	2.68277	10	10	0	1	1	10.130092	0	0	0	0	0	0	0	1	0	0	0	0	0	0	0	0	0	0	0	0	0	1	0	0	0	0	0	0	0	0	0	0	0	0
2	161	1978	19.09059	100	3	13.008747	16.748581	85.760368	7.6326928	39.8116	2.1637428	51.741394	62.847996	54.577721	6.1433206	9.3460217	-8.1999998	2	1	1	3.8	6.6843019	100	.60000002	13.008782	16.612349	98.423759	7.9561124	36.419201	2.4264705	48.321114	65.669937	31.89978	5.7983694	7.7036653	-9	2	1	1	5	6.0427756	0	1	0	0	0	0	0	0	0	0	0	0	0	0	0	0	0	0	0	0	0	0	1	0	0	0	0	0	0	0	0	0	0	0
3	161	1983	22.060642	100	3	13.008747	16.868883	77.26265	7.6005535	43.351398	1.9523809	57.286133	46.134834	94.67028	6.3116231	8.255806	-8	2	1	1	4	6.6054544	100	3	13.008747	16.748581	85.760368	7.6326928	39.8116	2.1637428	51.741394	62.847996	54.577721	6.1433206	9.3460217	-8.1999998	2	1	1	3.8	6.6843019	0	0	1	0	0	0	0	0	0	0	0	0	0	0	0	0	0	0	0	0	0	0	1	0	0	0	0	0	0	0	0	0	0	0
4	161	1988	20.858759	100	2.4000001	13.008747	16.984705	72.909851	6.9236054	46.946201	2.6119895	52.963001	37.80571	105.1272	6.8393469	5.8015318	-8	2	1	1	4	6.8956056	100	3	13.008747	16.868883	77.26265	7.6005535	43.351398	1.9523809	57.286133	46.134834	94.67028	6.3116231	8.255806	-8	2	1	1	4	6.6054544	0	0	0	1	0	0	0	0	0	0	0	0	0	0	0	0	0	0	0	0	0	0	1	0	0	0	0	0	0	0	0	0	0	0
5	161	1993	28.117607	100	0	13.008747	17.080858	66.680183	7.1661444	50.371601	1.5692308	53.139187	39.107727	86.291344	7.954772	4.8255038	-7.1999998	2	1	1	5.1999998	7.1316276	100	2.4000001	13.008747	16.984705	72.909851	6.9236054	46.946201	2.6119895	52.963001	37.80571	105.1272	6.8393469	5.8015318	-8	2	1	1	4	6.8956056	0	0	0	0	1	0	0	0	0	0	0	0	0	0	0	0	0	0	0	0	0	0	1	0	0	0	0	0	0	0	0	0	0	0
6	161	1998	28.029905	100	0	13.008747	17.147459	58.179211	7.5591631	52.677799	1.4550265	54.535892	40.113487	74.303596	8.7262678	3.0695641	-6.4000001	2.5999999	1	1	5	7.2362485	100	0	13.008747	17.080858	66.680183	7.1661444	50.371601	1.5692308	53.139187	39.107727	86.291344	7.954772	4.8255038	-7.1999998	2	1	1	5.1999998	7.1316276	0	0	0	0	0	1	0	0	0	0	0	0	0	0	0	0	0	0	0	0	0	0	1	0	0	0	0	0	0	0	0	0	0	0
7	161	2003	32.851727	97.467918	0	13.008747	17.203148	49.737247	7.9544897	54.316002	.68965518	63.56942	40.853062	65.234138	9.6439915	1.021059	-6	3	1	1	5	7.3878269	100	0	13.008747	17.147459	58.179211	7.5591631	52.677799	1.4550265	54.535892	40.113487	74.303596	8.7262678	3.0695641	-6.4000001	2.5999999	1	1	5	7.2362485	0	0	0	0	0	0	1	0	0	0	0	0	0	0	0	0	0	0	0	0	0	0	1	0	0	0	0	0	0	0	0	0	0	0
8	161	2008	32.953499	97.596741	0	13.008747	17.262197	43.902161	8.2223845	55.993599	1.3118279	77.430534	41.389084	51.956402	10.564976	2.6941781	-6	3	1	1	5	7.8655572	97.467918	0	13.008747	17.203148	49.737247	7.9544897	54.316002	.68965518	63.56942	40.853062	65.234138	9.6439915	1.021059	-6	3	1	1	5	7.3878269	0	0	0	0	0	0	0	1	0	0	0	0	0	0	0	0	0	0	0	0	0	0	1	0	0	0	0	0	0	0	0	0	0	0
2	167	1978	46.64595	75.880028	0	10.427032	16.454567	36.744022	17.194124	64.120201	0	96.774307	39.665787	40.740002	9.6481276	5.7897878	10	10	0	0	1	9.2136135	91.827393	0	10.427032	16.395281	41.888458	16.621166	62.575001	1.5384616	92.672844	42.555042	41.82	8.8496847	9.304204	10	10	0	0	1	8.4672995	0	1	0	0	0	0	0	0	0	0	0	0	0	0	0	0	0	0	0	0	0	0	0	1	0	0	0	0	0	0	0	0	0	0
3	167	1983	52.753258	75.849846	0	10.427032	16.454567	30.858097	17.413576	65.929398	0	113.09404	37.871059	58.720001	9.8574629	3.1151626	10	10	0	0	1	9.1978617	75.880028	0	10.427032	16.454567	36.744022	17.194124	64.120201	0	96.774307	39.665787	40.740002	9.6481276	5.7897878	10	10	0	0	1	9.2136135	0	0	1	0	0	0	0	0	0	0	0	0	0	0	0	0	0	0	0	0	0	0	0	1	0	0	0	0	0	0	0	0	0	0
4	167	1988	51.577999	77.349098	0	10.427032	16.523561	27.132849	18.103155	67.898003	1.4285715	105.47824	38.984543	74.32	10.80644	.57829762	10	10	0	0	1	9.6807966	75.849846	0	10.427032	16.454567	30.858097	17.413576	65.929398	0	113.09404	37.871059	58.720001	9.8574629	3.1151626	10	10	0	0	1	9.1978617	0	0	0	1	0	0	0	0	0	0	0	0	0	0	0	0	0	0	0	0	0	0	0	1	0	0	0	0	0	0	0	0	0	0
5	167	1993	49.841808	77.254364	0	10.427032	16.523561	26.594475	18.988779	71.160202	0	108.38414	41.539242	76.800003	11.346703	2.2675481	10	10	0	0	1	10.030482	77.349098	0	10.427032	16.523561	27.132849	18.103155	67.898003	1.4285715	105.47824	38.984543	74.32	10.80644	.57829762	10	10	0	0	1	9.6807966	0	0	0	0	1	0	0	0	0	0	0	0	0	0	0	0	0	0	0	0	0	0	0	1	0	0	0	0	0	0	0	0	0	0
6	167	1998	41.511566	88.742836	0	10.427032	16.588099	27.212521	19.692844	75.203796	1.3333334	122.37512	40.523407	64.580002	12.008492	2.3499601	10	10	0	0	1	10.147489	77.254364	0	10.427032	16.523561	26.594475	18.988779	71.160202	0	108.38414	41.539242	76.800003	11.346703	2.2675481	10	10	0	0	1	10.030482	0	0	0	0	0	1	0	0	0	0	0	0	0	0	0	0	0	0	0	0	0	0	0	1	0	0	0	0	0	0	0	0	0	0
7	167	2003	40.4828	88.181664	0	10.427032	16.588099	27.410679	20.420481	78.8228	0	125.28268	47.305305	51.484482	12.918883	2.8527882	10	10	0	0	1	10.37402	88.742836	0	10.427032	16.588099	27.212521	19.692844	75.203796	1.3333334	122.37512	40.523407	64.580002	12.008492	2.3499601	10	10	0	0	1	10.147489	0	0	0	0	0	0	1	0	0	0	0	0	0	0	0	0	0	0	0	0	0	0	0	1	0	0	0	0	0	0	0	0	0	0
8	167	2008	42.627632	89.190117	0	10.426677	16.624474	26.795153	21.851635	81.717003	1.25	140.15427	49.336761	55.065361	13.361228	1.3333036	10	10	0	0	1	10.76238	88.181664	0	10.427032	16.588099	27.410679	20.420481	78.8228	0	125.28268	47.305305	51.484482	12.918883	2.8527882	10	10	0	0	1	10.37402	0	0	0	0	0	0	0	1	0	0	0	0	0	0	0	0	0	0	0	0	0	0	0	1	0	0	0	0	0	0	0	0	0	0
2	171	1978	33.053169	94.428009	0	12.481088	14.946913	45.530117	14.938543	83.166397	0	56.390678	36.428322	49.30048	7.5342164	15.99238	10	10	0	1	1	8.6573563	100	0	12.481088	14.90712	50.764847	14.141648	82.106796	2.0706077	49.094925	34.17625	44.890442	7.4878664	9.9154396	10	10	0	1	1	8.2315769	0	1	0	0	0	0	0	0	0	0	0	0	0	0	0	0	0	0	0	0	0	0	0	0	1	0	0	0	0	0	0	0	0	0
3	171	1983	37.260525	98.240044	0	12.481088	14.984816	39.812305	15.714231	83.574997	.64516127	60.883705	38.320747	59.264	7.311089	11.501166	10	10	0	1	1	8.9298658	94.428009	0	12.481088	14.946913	45.530117	14.938543	83.166397	0	56.390678	36.428322	49.30048	7.5342164	15.99238	10	10	0	1	1	8.6573563	0	0	1	0	0	0	0	0	0	0	0	0	0	0	0	0	0	0	0	0	0	0	0	0	1	0	0	0	0	0	0	0	0	0
4	171	1988	40.665359	100	0	12.481088	15.021374	36.171631	16.437733	84.3144	.625	50.89732	40.494888	65.836983	8.2488451	8.8361578	10	10	0	1	1	9.3947811	98.240044	0	12.481088	14.984816	39.812305	15.714231	83.574997	.64516127	60.883705	38.320747	59.264	7.311089	11.501166	10	10	0	1	1	8.9298658	0	0	0	1	0	0	0	0	0	0	0	0	0	0	0	0	0	0	0	0	0	0	0	0	1	0	0	0	0	0	0	0	0	0
5	171	1993	35.465359	92.40065	0	12.481088	15.084858	35.181717	17.345137	85.096603	2.3391054	57.245506	42.905754	59.088581	10.060204	1.6232622	10	10	0	1	1	9.5207729	100	0	12.481088	15.021374	36.171631	16.437733	84.3144	.625	50.89732	40.494888	65.836983	8.2488451	8.8361578	10	10	0	1	1	9.3947811	0	0	0	0	1	0	0	0	0	0	0	0	0	0	0	0	0	0	0	0	0	0	0	0	1	0	0	0	0	0	0	0	0	0
6	171	1998	30.513298	89.3442	0	12.481088	15.150373	35.014038	17.853788	85.539398	1.0668564	59.231571	44.167114	37.682098	10.455838	1.4811592	10	10	0	1	1	9.689126	92.40065	0	12.481088	15.084858	35.181717	17.345137	85.096603	2.3391054	57.245506	42.905754	59.088581	10.060204	1.6232622	10	10	0	1	1	9.5207729	0	0	0	0	0	1	0	0	0	0	0	0	0	0	0	0	0	0	0	0	0	0	0	0	1	0	0	0	0	0	0	0	0	0
7	171	2003	31.312244	90.465904	0	12.481088	15.206618	33.386333	17.987024	85.902	1.0128205	60.029163	45.785118	25.722176	10.52515	2.3356068	10	10	0	1	1	9.8927546	89.3442	0	12.481088	15.150373	35.014038	17.853788	85.539398	1.0668564	59.231571	44.167114	37.682098	10.455838	1.4811592	10	10	0	1	1	9.689126	0	0	0	0	0	0	1	0	0	0	0	0	0	0	0	0	0	0	0	0	0	0	0	0	1	0	0	0	0	0	0	0	0	0
8	171	2008	34.63026	92.786407	0	12.481088	15.269311	31.331301	18.839739	86.137199	1.4291116	58.693756	44.2505	23.018539	11.047417	3.157294	10	10	0	1	1	10.298279	90.465904	0	12.481088	15.206618	33.386333	17.987024	85.902	1.0128205	60.029163	45.785118	25.722176	10.52515	2.3356068	10	10	0	1	1	9.8927546	0	0	0	0	0	0	0	1	0	0	0	0	0	0	0	0	0	0	0	0	0	0	0	0	1	0	0	0	0	0	0	0	0	0
2	178	1978	32.863682	80.329613	0	12.625704	15.21662	36.463879	22.802082	69.601799	.5	77.886688	38.095409	35.634918	8.5269566	8.2117081	10	10	0	0	1	9.3536701	100	0	12.625704	15.191678	38.604828	21.374741	67.070602	.51282054	76.02523	41.364582	26.08638	7.1949162	8.14711	10	10	0	0	1	8.6117172	0	1	0	0	0	0	0	0	0	0	0	0	0	0	0	0	0	0	0	0	0	0	0	0	0	1	0	0	0	0	0	0	0	0
3	178	1983	32.943638	69.113724	0	12.625704	15.231317	32.685963	24.066902	71.003998	.48780489	77.599174	38.963135	39.411766	8.7539463	8.3401899	10	10	0	0	1	9.6203508	80.329613	0	12.625704	15.21662	36.463879	22.802082	69.601799	.5	77.886688	38.095409	35.634918	8.5269566	8.2117081	10	10	0	0	1	9.3536701	0	0	1	0	0	0	0	0	0	0	0	0	0	0	0	0	0	0	0	0	0	0	0	0	0	1	0	0	0	0	0	0	0	0
4	178	1988	36.995693	68.128593	0	12.625704	15.250595	29.759346	24.970455	71.697601	0	70.408737	39.766575	39.707119	9.1551619	4.1735663	10	10	0	0	1	10.043679	69.113724	0	12.625704	15.231317	32.685963	24.066902	71.003998	.48780489	77.599174	38.963135	39.411766	8.7539463	8.3401899	10	10	0	0	1	9.6203508	0	0	0	1	0	0	0	0	0	0	0	0	0	0	0	0	0	0	0	0	0	0	0	0	0	1	0	0	0	0	0	0	0	0
5	178	1993	40.886494	68.188736	0	12.625704	15.278724	29.684509	24.979691	73.040802	.94130677	70.072769	44.14732	49.933281	9.6504726	1.317966	10	10	0	0	1	10.2946	68.128593	0	12.625704	15.250595	29.759346	24.970455	71.697601	0	70.408737	39.766575	39.707119	9.1551619	4.1735663	10	10	0	0	1	10.043679	0	0	0	0	1	0	0	0	0	0	0	0	0	0	0	0	0	0	0	0	0	0	0	0	0	1	0	0	0	0	0	0	0	0
6	178	1998	35.012032	68.58358	0	12.625704	15.306105	30.687975	23.916515	75.154198	.45454547	73.597046	45.413689	33.269299	10.14631	5.6952229	10	10	0	0	1	10.488099	68.188736	0	12.625704	15.278724	29.684509	24.979691	73.040802	.94130677	70.072769	44.14732	49.933281	9.6504726	1.317966	10	10	0	0	1	10.2946	0	0	0	0	0	1	0	0	0	0	0	0	0	0	0	0	0	0	0	0	0	0	0	0	0	1	0	0	0	0	0	0	0	0
7	178	2003	35.772827	79.39859	0	12.625704	15.332775	30.430285	22.782816	76.926399	.44444445	70.665916	46.48204	45.127041	10.903142	3.5377281	10	10	0	0	1	10.808039	68.58358	0	12.625704	15.306105	30.687975	23.916515	75.154198	.45454547	73.597046	45.413689	33.269299	10.14631	5.6952229	10	10	0	0	1	10.488099	0	0	0	0	0	0	1	0	0	0	0	0	0	0	0	0	0	0	0	0	0	0	0	0	0	1	0	0	0	0	0	0	0	0
8	178	2008	33.716671	79.614601	0	12.627245	15.379829	28.769156	21.947754	78.457199	1.2769812	72.3452	42.48708	56.852341	11.789412	4.7334561	10	10	0	0	1	11.320476	79.39859	0	12.625704	15.332775	30.430285	22.782816	76.926399	.44444445	70.665916	46.48204	45.127041	10.903142	3.5377281	10	10	0	0	1	10.808039	0	0	0	0	0	0	0	1	0	0	0	0	0	0	0	0	0	0	0	0	0	0	0	0	0	1	0	0	0	0	0	0	0	0
2	188	1978	10.031141	92.030273	6	12.605419	17.60788	82.427162	5.9916401	36.712601	2.7739584	41.961311	56.945316	21.397261	6.7580681	10.999712	-9	1	1	1	5	6.3615928	100	4.8000002	12.605594	17.472935	86.862915	5.9131784	34.527599	2.6352324	39.992485	57.357307	14.67438	6.1109247	15.939554	-6.8000002	2	1	1	4.75	5.7001314	0	1	0	0	0	0	0	0	0	0	0	0	0	0	0	0	0	0	0	0	0	0	0	0	0	0	1	0	0	0	0	0	0	0
3	188	1983	8.6208134	86.415977	6	12.605419	17.750376	78.516022	5.8398314	40.82	2.8208992	43.030277	56.018131	40.489262	6.7635622	21.119024	-6.5999999	2.4000001	1	1	4.5999999	6.5881066	92.030273	6	12.605419	17.60788	82.427162	5.9916401	36.712601	2.7739584	41.961311	56.945316	21.397261	6.7580681	10.999712	-9	1	1	1	5	6.3615928	0	0	1	0	0	0	0	0	0	0	0	0	0	0	0	0	0	0	0	0	0	0	0	0	0	0	1	0	0	0	0	0	0	0
4	188	1988	13.842512	92.062759	6	12.605419	17.888994	75.178802	5.6552935	46.372398	2.8052876	49.02293	56.070614	67.589142	7.3897629	8.4204903	6.5999999	7	1	1	2.5999999	6.5558629	86.415977	6	12.605419	17.750376	78.516022	5.8398314	40.82	2.8208992	43.030277	56.018131	40.489262	6.7635622	21.119024	-6.5999999	2.4000001	1	1	4.5999999	6.5881066	0	0	0	1	0	0	0	0	0	0	0	0	0	0	0	0	0	0	0	0	0	0	0	0	0	0	1	0	0	0	0	0	0	0
5	188	1993	16.64991	96.540443	6	12.605419	18.007669	71.563026	5.4285154	48.41	2.4596286	62.490658	57.95462	56.518661	8.4916801	9.7667799	8	8.6000004	1	1	2.8	6.8677893	92.062759	6	12.605419	17.888994	75.178802	5.6552935	46.372398	2.8052876	49.02293	56.070614	67.589142	7.3897629	8.4204903	6.5999999	7	1	1	2.5999999	6.5558629	0	0	0	0	1	0	0	0	0	0	0	0	0	0	0	0	0	0	0	0	0	0	0	0	0	0	1	0	0	0	0	0	0	0
6	188	1998	17.459705	100	6	12.605419	18.119101	67.568306	5.3985195	48.110001	2.1899235	94.930969	55.136765	51.152618	9.1313772	9.7123957	8	9	1	1	2	7.0286193	96.540443	6	12.605419	18.007669	71.563026	5.4285154	48.41	2.4596286	62.490658	57.95462	56.518661	8.4916801	9.7667799	8	8.6000004	1	1	2.8	6.8677893	0	0	0	0	0	1	0	0	0	0	0	0	0	0	0	0	0	0	0	0	0	0	0	0	0	0	1	0	0	0	0	0	0	0
7	188	2003	18.091158	100	3	12.605419	18.226667	63.936096	5.5716724	48.0158	1.9737209	100.74288	45.208099	63.144718	9.4025583	4.8515878	8	9	1	1	2.2	6.9607182	100	6	12.605419	18.119101	67.568306	5.3985195	48.110001	2.1899235	94.930969	55.136765	51.152618	9.1313772	9.7123957	8	9	1	1	2	7.0286193	0	0	0	0	0	0	1	0	0	0	0	0	0	0	0	0	0	0	0	0	0	0	0	0	0	0	1	0	0	0	0	0	0	0
8	188	2008	16.782595	100	3	12.605419	18.317259	59.947975	5.8331294	48.402	1.5788831	78.970474	43.706661	47.572239	9.9703093	4.5168099	8	9	1	1	3.5999999	7.4851251	100	3	12.605419	18.226667	63.936096	5.5716724	48.0158	1.9737209	100.74288	45.208099	63.144718	9.4025583	4.8515878	8	9	1	1	2.2	6.9607182	0	0	0	0	0	0	0	1	0	0	0	0	0	0	0	0	0	0	0	0	0	0	0	0	0	0	1	0	0	0	0	0	0	0
2	191	1978	22.483541	100	0	11.424094	16.075026	42.390526	17.777952	41.982601	1.4971519	45.753887	50.71727	28.87266	6.6074395	21.072559	9	10	1	0	2	7.8373456	100	0	11.424094	16.005831	45.15966	16.475157	39.988998	.91704941	47.631863	54.283466	15.29696	5.3050842	11.476642	-5.4000001	1	1	0	5	7.3381934	0	1	0	0	0	0	0	0	0	0	0	0	0	0	0	0	0	0	0	0	0	0	0	0	0	0	0	1	0	0	0	0	0	0
3	191	1983	30.203928	100	0	11.424094	16.112066	38.754883	18.616991	44.292801	.40610182	60.392723	49.788368	45.620361	7.1106353	21.862961	9.8000002	10	.40000001	0	1.4	7.9426608	100	0	11.424094	16.075026	42.390526	17.777952	41.982601	1.4971519	45.753887	50.71727	28.87266	6.6074395	21.072559	9	10	1	0	2	7.8373456	0	0	1	0	0	0	0	0	0	0	0	0	0	0	0	0	0	0	0	0	0	0	0	0	0	0	0	1	0	0	0	0	0	0
4	191	1988	32.047272	95.556641	0	11.424094	16.110056	33.573185	19.913622	46.868198	0	62.521107	48.375271	54.288021	8.4476261	13.07436	10	10	0	0	1	8.6048441	100	0	11.424094	16.112066	38.754883	18.616991	44.292801	.40610182	60.392723	49.788368	45.620361	7.1106353	21.862961	9.8000002	10	.40000001	0	1.4	7.9426608	0	0	0	1	0	0	0	0	0	0	0	0	0	0	0	0	0	0	0	0	0	0	0	0	0	0	0	1	0	0	0	0	0	0
5	191	1993	38.382439	91.766808	0	11.424094	16.116085	28.270544	21.599804	49.831402	0	58.700436	53.800087	55.39888	9.7127247	7.922976	10	10	0	0	1	9.2080851	95.556641	0	11.424094	16.110056	33.573185	19.913622	46.868198	0	62.521107	48.375271	54.288021	8.4476261	13.07436	10	10	0	0	1	8.6048441	0	0	0	0	1	0	0	0	0	0	0	0	0	0	0	0	0	0	0	0	0	0	0	0	0	0	0	1	0	0	0	0	0	0
6	191	1998	38.356529	91.775223	0	11.424094	16.118095	24.774332	23.230469	53.083	0	64.742104	55.929451	52.22908	10.172276	3.3227799	10	10	0	0	1	9.372901	91.766808	0	11.424094	16.116085	28.270544	21.599804	49.831402	0	58.700436	53.800087	55.39888	9.7127247	7.922976	10	10	0	0	1	9.2080851	0	0	0	0	0	1	0	0	0	0	0	0	0	0	0	0	0	0	0	0	0	0	0	0	0	0	0	1	0	0	0	0	0	0
7	191	2003	40.294151	91.466431	0	11.424028	16.156219	23.39784	24.821817	56.3046	2	64.217461	58.669827	56.263081	10.875661	3.06317	10	10	0	0	1	9.6081734	91.775223	0	11.424094	16.118095	24.774332	23.230469	53.083	0	64.742104	55.929451	52.22908	10.172276	3.3227799	10	10	0	0	1	9.372901	0	0	0	0	0	0	1	0	0	0	0	0	0	0	0	0	0	0	0	0	0	0	0	0	0	0	0	1	0	0	0	0	0	0
8	191	2008	42.503349	90.922379	0	11.423766	16.213406	22.835609	26.189816	59.333599	0	70.102745	59.18964	75.938538	11.566392	1.748106	10	10	0	0	1	9.9780283	91.466431	0	11.424028	16.156219	23.39784	24.821817	56.3046	2	64.217461	58.669827	56.263081	10.875661	3.06317	10	10	0	0	1	9.6081734	0	0	0	0	0	0	0	1	0	0	0	0	0	0	0	0	0	0	0	0	0	0	0	0	0	0	0	1	0	0	0	0	0	0
2	219	1978	15.460976	100	0	6.5072775	14.665443	44.138111	6.7571802	100	.86956519	351.37241	41.968895	77.860779	8.0384216	4.568296	-2	2	0	1	5	8.1641235	100	0	6.5072775	14.603555	57.916557	6.2301807	100	1.8614719	266.49365	43.411835	48.975441	7.0101829	8.3256779	-2	2	0	1	5	7.4761081	0	1	0	0	0	0	0	0	0	0	0	0	0	0	0	0	0	0	0	0	0	0	0	0	0	0	0	0	1	0	0	0	0	0
3	219	1983	17.401379	100	0	6.5072775	14.762882	36.344074	7.2820935	100	2.402564	346.12256	45.218143	69.677597	9.1409225	2.5915189	-2	2	0	1	4	8.7973585	100	0	6.5072775	14.665443	44.138111	6.7571802	100	.86956519	351.37241	41.968895	77.860779	8.0384216	4.568296	-2	2	0	1	5	8.1641235	0	0	1	0	0	0	0	0	0	0	0	0	0	0	0	0	0	0	0	0	0	0	0	0	0	0	0	0	1	0	0	0	0	0
4	219	1988	21.432314	100	0	6.5072775	14.872965	31.082081	7.5653825	100	2.1446817	335.07697	45.6008	80.827423	9.9353218	2.7292297	-2	2	0	1	4	9.1249523	100	0	6.5072775	14.762882	36.344074	7.2820935	100	2.402564	346.12256	45.218143	69.677597	9.1409225	2.5915189	-2	2	0	1	4	8.7973585	0	0	0	1	0	0	0	0	0	0	0	0	0	0	0	0	0	0	0	0	0	0	0	0	0	0	0	0	1	0	0	0	0	0
5	219	1993	16.994396	100	0	6.5072775	15.008513	30.318768	8.3153934	100	3.1311238	323.89099	44.70369	72.785881	10.868979	3.1589324	-2	2	0	1	4.5999999	9.8429823	100	0	6.5072775	14.872965	31.082081	7.5653825	100	2.1446817	335.07697	45.6008	80.827423	9.9353218	2.7292297	-2	2	0	1	4	9.1249523	0	0	0	0	1	0	0	0	0	0	0	0	0	0	0	0	0	0	0	0	0	0	0	0	0	0	0	0	1	0	0	0	0	0
6	219	1998	18.434422	100	0	6.5072775	15.13956	30.790695	9.7328787	100	2.7225339	340.00003	47.519485	78.224663	11.558528	.197972	-2	2	0	1	4.8000002	10.102225	100	0	6.5072775	15.008513	30.318768	8.3153934	100	3.1311238	323.89099	44.70369	72.785881	10.868979	3.1589324	-2	2	0	1	4.5999999	9.8429823	0	0	0	0	0	1	0	0	0	0	0	0	0	0	0	0	0	0	0	0	0	0	0	0	0	0	0	0	1	0	0	0	0	0
7	219	2003	17.716343	100	0	6.5249615	15.230966	28.504137	11.295621	100	1.4756098	389.98587	48.742851	97.291878	12.10414	.25537199	-2	2	0	1	5	10.116061	100	0	6.5072775	15.13956	30.790695	9.7328787	100	2.7225339	340.00003	47.519485	78.224663	11.558528	.197972	-2	2	0	1	4.8000002	10.102225	0	0	0	0	0	0	1	0	0	0	0	0	0	0	0	0	0	0	0	0	0	0	0	0	0	0	0	0	1	0	0	0	0	0
8	219	2008	15.670654	100	0	6.547925	15.374461	25.075212	11.953768	100	3.4771059	409.4313	50.204529	96.150757	13.020879	1.9128784	-2	2	0	1	5	10.560559	100	0	6.5249615	15.230966	28.504137	11.295621	100	1.4756098	389.98587	48.742851	97.291878	12.10414	.25537199	-2	2	0	1	5	10.116061	0	0	0	0	0	0	0	1	0	0	0	0	0	0	0	0	0	0	0	0	0	0	0	0	0	0	0	0	1	0	0	0	0	0
2	227	1978	21.777937	93.336594	0	13.121423	17.420948	42.553699	17.331779	71.501404	.55555558	29.229918	39.85622	15.05266	9.0407658	18.158079	6.5999999	9	.40000001	1	2.5999999	8.3836193	100	0	13.121851	17.370695	44.376289	16.189651	68.157204	1.1596639	28.347075	40.542217	9.3667936	8.3194523	12.188088	-6.1999998	1	1	1	5	7.6459169	0	1	0	0	0	0	0	0	0	0	0	0	0	0	0	0	0	0	0	0	0	0	0	0	0	0	0	0	0	1	0	0	0	0
3	227	1983	27.442844	84.182129	0	13.121255	17.453096	38.291008	18.199759	73.643402	.54054052	38.808056	34.322918	31.332541	9.3818693	11.455576	9.8000002	9.8000002	0	1	1.4	8.452301	93.336594	0	13.121423	17.420948	42.553699	17.331779	71.501404	.55555558	29.229918	39.85622	15.05266	9.0407658	18.158079	6.5999999	9	.40000001	1	2.5999999	8.3836193	0	0	1	0	0	0	0	0	0	0	0	0	0	0	0	0	0	0	0	0	0	0	0	0	0	0	0	0	0	1	0	0	0	0
4	227	1988	30.627741	77.679565	0	13.121243	17.479073	32.36869	19.714756	74.895798	.52631581	36.238995	34.884785	41.865082	10.553315	7.3963141	10	10	0	1	1	9.1281528	84.182129	0	13.121255	17.453096	38.291008	18.199759	73.643402	.54054052	38.808056	34.322918	31.332541	9.3818693	11.455576	9.8000002	9.8000002	0	1	1.4	8.452301	0	0	0	1	0	0	0	0	0	0	0	0	0	0	0	0	0	0	0	0	0	0	0	0	0	0	0	0	0	1	0	0	0	0
5	227	1993	35.477058	72.728798	0	13.121243	17.479073	26.467257	21.809082	75.653999	0	38.925385	43.306057	53.2747	11.403737	5.3992238	10	10	0	1	1	9.5622835	77.679565	0	13.121243	17.479073	32.36869	19.714756	74.895798	.52631581	36.238995	34.884785	41.865082	10.553315	7.3963141	10	10	0	1	1	9.1281528	0	0	0	0	1	0	0	0	0	0	0	0	0	0	0	0	0	0	0	0	0	0	0	0	0	0	0	0	0	1	0	0	0	0
6	227	1998	33.642345	82.24437	0	13.121066	17.504391	22.530853	23.989828	76.099602	.51282054	53.68708	41.911037	63.8591	11.696032	2.8818021	10	10	0	1	1	9.617856	72.728798	0	13.121243	17.479073	26.467257	21.809082	75.653999	0	38.925385	43.306057	53.2747	11.403737	5.3992238	10	10	0	1	1	9.5622835	0	0	0	0	0	1	0	0	0	0	0	0	0	0	0	0	0	0	0	0	0	0	0	0	0	0	0	0	0	1	0	0	0	0
7	227	2003	27.198368	70.555687	0	13.120378	17.552954	21.139563	24.57781	76.525398	1.9291116	56.769028	37.203991	49.206699	12.611157	4.2188978	10	10	0	1	1	9.9107599	82.24437	0	13.121066	17.504391	22.530853	23.989828	76.099602	.51282054	53.68708	41.911037	63.8591	11.696032	2.8818021	10	10	0	1	1	9.617856	0	0	0	0	0	0	1	0	0	0	0	0	0	0	0	0	0	0	0	0	0	0	0	0	0	0	0	0	0	1	0	0	0	0
8	227	2008	28.142229	67.095589	0	13.120157	17.626471	21.538452	24.581209	77.050797	1.3337725	56.907059	38.162067	45.781898	13.263403	1.987766	10	10	0	1	1	10.356441	70.555687	0	13.120378	17.552954	21.139563	24.57781	76.525398	1.9291116	56.769028	37.203991	49.206699	12.611157	4.2188978	10	10	0	1	1	9.9107599	0	0	0	0	0	0	0	1	0	0	0	0	0	0	0	0	0	0	0	0	0	0	0	0	0	0	0	0	0	1	0	0	0	0
2	233	1978	33.281578	77.152649	0	12.924742	15.926917	31.380873	24.731834	82.944199	.24390244	57.566391	44.689548	34.34996	7.8052197	10.331476	10	10	0	0	1	9.4143963	100	0	12.924742	15.912283	32.172951	22.466867	82.051598	.49691358	52.848095	42.662899	28.78616	7.447803	9.0175562	10	10	0	0	1.25	8.7995739	0	1	0	0	0	0	0	0	0	0	0	0	0	0	0	0	0	0	0	0	0	0	0	0	0	0	0	0	0	0	1	0	0	0
3	233	1983	40.711273	64.419167	0	12.924742	15.934161	29.021538	26.197721	83.094803	.24096386	66.972969	48.300148	66.35936	8.1535702	8.1693001	10	10	0	0	1	9.4532137	77.152649	0	12.924742	15.926917	31.380873	24.731834	82.944199	.24390244	57.566391	44.689548	34.34996	7.8052197	10.331476	10	10	0	0	1	9.4143963	0	0	1	0	0	0	0	0	0	0	0	0	0	0	0	0	0	0	0	0	0	0	0	0	0	0	0	0	0	0	1	0	0	0
4	233	1988	37.44936	64.10022	0	12.924742	15.953182	27.761925	27.334969	83.099998	.47338936	62.492573	46.267357	56.759819	9.1523962	7.0026741	10	10	0	0	1	10.007513	64.419167	0	12.924742	15.934161	29.021538	26.197721	83.094803	.24096386	66.972969	48.300148	66.35936	8.1535702	8.1693001	10	10	0	0	1	9.4532137	0	0	0	1	0	0	0	0	0	0	0	0	0	0	0	0	0	0	0	0	0	0	0	0	0	0	0	0	0	0	1	0	0	0
5	233	1993	43.878658	66.881645	0	12.924742	15.981092	28.970503	27.600374	83.534401	.4624432	62.250381	48.770798	74.023216	9.8510866	3.5637021	10	10	0	0	1	10.214271	64.10022	0	12.924742	15.953182	27.761925	27.334969	83.099998	.47338936	62.492573	46.267357	56.759819	9.1523962	7.0026741	10	10	0	0	1	10.007513	0	0	0	0	1	0	0	0	0	0	0	0	0	0	0	0	0	0	0	0	0	0	0	0	0	0	0	0	0	0	1	0	0	0
6	233	1998	39.531178	66.862625	0	12.924742	15.999302	29.210695	27.011278	83.945198	.22727273	78.591637	45.271545	77.363899	10.926587	1.0394185	10	10	0	0	1	10.279536	66.881645	0	12.924742	15.981092	28.970503	27.600374	83.534401	.4624432	62.250381	48.770798	74.023216	9.8510866	3.5637021	10	10	0	0	1	10.214271	0	0	0	0	0	1	0	0	0	0	0	0	0	0	0	0	0	0	0	0	0	0	0	0	0	0	0	0	0	0	1	0	0	0
7	233	2003	35.807568	64.680191	0	12.924742	16.006031	27.44421	26.438822	84.201797	.22471911	84.175667	44.579742	55.911926	11.868585	1.3736402	10	10	0	0	1	10.418845	66.862625	0	12.924742	15.999302	29.210695	27.011278	83.945198	.22727273	78.591637	45.271545	77.363899	10.926587	1.0394185	10	10	0	0	1	10.279536	0	0	0	0	0	0	1	0	0	0	0	0	0	0	0	0	0	0	0	0	0	0	0	0	0	0	0	0	0	0	1	0	0	0
8	233	2008	33.686291	63.398422	0	12.924742	16.038992	25.652205	27.135736	84.7612	.87444752	94.583458	45.277512	41.349941	12.58664	2.1489427	10	10	0	0	1	10.775922	64.680191	0	12.924742	16.006031	27.44421	26.438822	84.201797	.22471911	84.175667	44.579742	55.911926	11.868585	1.3736402	10	10	0	0	1	10.418845	0	0	0	0	0	0	0	1	0	0	0	0	0	0	0	0	0	0	0	0	0	0	0	0	0	0	0	0	0	0	1	0	0	0
2	248	1978	12.556685	100	0	13.553665	17.552612	73.252213	7.5134263	42.902401	2.4419322	10.827079	50.482906	23.219879	7.2892656	51.393379	6.1999998	7.4000001	0	0	2.5999999	7.6695242	100	0	13.553665	17.452404	76.839951	7.2417049	40.245201	2.1938405	11.806482	59.296509	25.35914	6.7249784	20.0219	4.5999999	6.1999998	0	0	2.25	6.903945	0	1	0	0	0	0	0	0	0	0	0	0	0	0	0	0	0	0	0	0	0	0	0	0	0	0	0	0	0	0	0	1	0	0
3	248	1983	12.725666	100	1.2	13.553665	17.665205	68.625671	6.7362008	48.980801	2.175971	23.383272	50.100521	36.993099	7.0930157	39.966679	2.2	5.8000002	.60000002	0	4	7.5191054	100	0	13.553665	17.552612	73.252213	7.5134263	42.902401	2.4419322	10.827079	50.482906	23.219879	7.2892656	51.393379	6.1999998	7.4000001	0	0	2.5999999	7.6695242	0	0	1	0	0	0	0	0	0	0	0	0	0	0	0	0	0	0	0	0	0	0	0	0	0	0	0	0	0	0	0	1	0	0
4	248	1988	11.607251	100	3	13.553665	17.766384	63.202782	6.2630835	56.500999	1.962294	26.102312	45.170586	35.283958	7.9412804	54.457279	7.8000002	9	0	0	2.4000001	7.8461804	100	1.2	13.553665	17.665205	68.625671	6.7362008	48.980801	2.175971	23.383272	50.100521	36.993099	7.0930157	39.966679	2.2	5.8000002	.60000002	0	4	7.5191054	0	0	0	1	0	0	0	0	0	0	0	0	0	0	0	0	0	0	0	0	0	0	0	0	0	0	0	0	0	0	0	1	0	0
5	248	1993	16.686108	100	3	13.553665	17.858253	56.929127	6.7204351	60.955002	1.7868544	28.76144	44.079079	32.09642	9.0518036	76.699883	8.3999996	8.3999996	0	0	3.5999999	8.2187929	100	3	13.553665	17.766384	63.202782	6.2630835	56.500999	1.962294	26.102312	45.170586	35.283958	7.9412804	54.457279	7.8000002	9	0	0	2.4000001	7.8461804	0	0	0	0	1	0	0	0	0	0	0	0	0	0	0	0	0	0	0	0	0	0	0	0	0	0	0	0	0	0	0	1	0	0
6	248	1998	25.033674	100	2.4000001	13.553665	17.942385	50.422924	7.6515903	63.693802	1.3227658	41.193169	41.114395	41.570961	9.6078081	80.009659	7.1999998	6.4000001	0	0	4	8.3333445	100	3	13.553665	17.858253	56.929127	6.7204351	60.955002	1.7868544	28.76144	44.079079	32.09642	9.0518036	76.699883	8.3999996	8.3999996	0	0	3.5999999	8.2187929	0	0	0	0	0	1	0	0	0	0	0	0	0	0	0	0	0	0	0	0	0	0	0	0	0	0	0	0	0	0	0	1	0	0
7	248	2003	36.800232	100	0	13.553665	18.008036	44.883347	8.4031363	66.000999	1.5391904	48.706619	41.44838	66.025383	10.374927	26.605978	7	6	0	0	3.2	8.431633	100	2.4000001	13.553665	17.942385	50.422924	7.6515903	63.693802	1.3227658	41.193169	41.114395	41.570961	9.6078081	80.009659	7.1999998	6.4000001	0	0	4	8.3333445	0	0	0	0	0	0	1	0	0	0	0	0	0	0	0	0	0	0	0	0	0	0	0	0	0	0	0	0	0	0	0	1	0	0
8	248	2008	29.877783	94.772896	0	13.553665	18.077991	40.530876	8.7146063	69.028603	1.1513772	49.602764	45.24567	42.52092	11.744848	7.7032561	7	6	0	0	3	9.117671	100	0	13.553665	18.008036	44.883347	8.4031363	66.000999	1.5391904	48.706619	41.44838	66.025383	10.374927	26.605978	7	6	0	0	3.2	8.431633	0	0	0	0	0	0	0	1	0	0	0	0	0	0	0	0	0	0	0	0	0	0	0	0	0	0	0	0	0	0	0	1	0	0
2	256	1978	35.876926	76.443222	0	12.396403	17.840862	34.692451	23.055315	78.161797	0	55.46666	39.44408	49.17334	10.545628	14.89234	10	10	0	1	1	8.6970558	80.372955	0	12.396403	17.840862	37.991673	21.78277	77.456596	0	49.063042	38.828495	56.087502	9.8380356	13.334664	10	10	0	1	1	8.0824652	0	1	0	0	0	0	0	0	0	0	0	0	0	0	0	0	0	0	0	0	0	0	0	0	0	0	0	0	0	0	0	0	1	0
3	256	1983	38.769569	77.140617	.2	12.396403	17.844402	30.476444	23.112309	78.426399	.35714287	52.992786	42.365887	48.84848	10.905161	6.9439158	10	10	0	1	1	9.0369921	76.443222	0	12.396403	17.840862	34.692451	23.055315	78.161797	0	55.46666	39.44408	49.17334	10.545628	14.89234	10	10	0	1	1	8.6970558	0	0	1	0	0	0	0	0	0	0	0	0	0	0	0	0	0	0	0	0	0	0	0	0	0	0	0	0	0	0	0	0	1	0
4	256	1988	34.767181	75.991165	0	12.396403	17.858562	28.998875	23.599421	78.239998	0	50.593597	46.276215	45.648701	11.858323	6.1639681	10	10	0	1	1	9.5305729	77.140617	.2	12.396403	17.844402	30.476444	23.112309	78.426399	.35714287	52.992786	42.365887	48.84848	10.905161	6.9439158	10	10	0	1	1	9.0369921	0	0	0	1	0	0	0	0	0	0	0	0	0	0	0	0	0	0	0	0	0	0	0	0	0	0	0	0	0	0	0	0	1	0
5	256	1993	40.947681	80.276947	0	12.396403	17.872475	29.754063	24.369497	78.267799	.3508772	51.238743	47.908585	45.261799	12.270146	3.015518	10	10	0	1	1	9.8261414	75.991165	0	12.396403	17.858562	28.998875	23.599421	78.239998	0	50.593597	46.276215	45.648701	11.858323	6.1639681	10	10	0	1	1	9.5305729	0	0	0	0	1	0	0	0	0	0	0	0	0	0	0	0	0	0	0	0	0	0	0	0	0	0	0	0	0	0	0	0	1	0
6	256	1998	36.982899	92.356277	0	12.396403	17.882792	29.698578	24.366323	78.531799	.34482759	55.999596	47.795647	54.416241	12.754113	1.8903116	10	10	0	1	1	10.084211	80.276947	0	12.396403	17.872475	29.754063	24.369497	78.267799	.3508772	51.238743	47.908585	45.261799	12.270146	3.015518	10	10	0	1	1	9.8261414	0	0	0	0	0	1	0	0	0	0	0	0	0	0	0	0	0	0	0	0	0	0	0	0	0	0	0	0	0	0	0	0	1	0
7	256	2003	38.52544	91.670937	0	12.396403	17.903131	27.952549	24.165903	78.864601	.33898306	55.31414	47.571381	46.39542	13.384159	2.2479801	10	10	0	1	1	10.345696	92.356277	0	12.396403	17.882792	29.698578	24.366323	78.531799	.34482759	55.999596	47.795647	54.416241	12.754113	1.8903116	10	10	0	1	1	10.084211	0	0	0	0	0	0	1	0	0	0	0	0	0	0	0	0	0	0	0	0	0	0	0	0	0	0	0	0	0	0	0	0	1	0
8	256	2008	43.61512	92.031906	0	12.396403	17.932888	26.510263	24.603649	79.307602	.98378283	60.327717	49.37112	56.586342	13.921408	2.7374179	10	10	0	1	1	10.60198	91.670937	0	12.396403	17.903131	27.952549	24.165903	78.864601	.33898306	55.31414	47.571381	46.39542	13.384159	2.2479801	10	10	0	1	1	10.345696	0	0	0	0	0	0	0	1	0	0	0	0	0	0	0	0	0	0	0	0	0	0	0	0	0	0	0	0	0	0	0	0	1	0
2	257	1978	20.241285	91.736633	0	16.034714	19.235809	35.879456	16.718824	73.704002	.90909094	18.172979	40.532978	36.340225	11.195516	7.1976519	10	10	1	1	1	9.2107725	100	0	16.034714	19.190531	41.821613	16.083158	73.632599	.95238096	13.984634	40.876785	34.069141	10.328597	6.62181	10	10	1	1	1	8.7450171	0	1	0	0	0	0	0	0	0	0	0	0	0	0	0	0	0	0	0	0	0	0	0	0	0	0	0	0	0	0	0	0	0	1
3	257	1983	22.788088	60.172878	0	16.034714	19.279125	33.158051	17.556871	74.191597	.86956519	18.16678	40.946095	48.711021	12.209632	5.2468061	10	10	1	1	1	9.6198006	91.736633	0	16.034714	19.235809	35.879456	16.718824	73.704002	.90909094	18.172979	40.532978	36.340225	11.195516	7.1976519	10	10	1	1	1	9.2107725	0	0	1	0	0	0	0	0	0	0	0	0	0	0	0	0	0	0	0	0	0	0	0	0	0	0	0	0	0	0	0	0	0	1
4	257	1988	22.233704	57.950474	0	16.034714	19.328808	32.858849	18.57766	74.9776	.83333331	19.281872	42.875755	61.639938	12.874469	3.1317439	10	10	1	1	1	9.9205456	60.172878	0	16.034714	19.279125	33.158051	17.556871	74.191597	.86956519	18.16678	40.946095	48.711021	12.209632	5.2468061	10	10	1	1	1	9.6198006	0	0	0	1	0	0	0	0	0	0	0	0	0	0	0	0	0	0	0	0	0	0	0	0	0	0	0	0	0	0	0	0	0	1
5	257	1993	22.605186	54.197662	0	16.034714	19.383739	33.324951	19.219519	76.470001	1.5692308	21.430338	45.008877	70.847038	13.288899	2.4402261	10	10	1	1	1	10.142717	57.950474	0	16.034714	19.328808	32.858849	18.57766	74.9776	.83333331	19.281872	42.875755	61.639938	12.874469	3.1317439	10	10	1	1	1	9.9205456	0	0	0	0	1	0	0	0	0	0	0	0	0	0	0	0	0	0	0	0	0	0	0	0	0	0	0	0	0	0	0	0	0	1
6	257	1998	19.916435	53.188396	0	16.034714	19.435753	32.841305	18.941545	78.353401	.74074072	24.305677	46.96859	63.668839	13.787808	1.664482	10	10	1	1	1	10.366648	54.197662	0	16.034714	19.383739	33.324951	19.219519	76.470001	1.5692308	21.430338	45.008877	70.847038	13.288899	2.4402261	10	10	1	1	1	10.142717	0	0	0	0	0	1	0	0	0	0	0	0	0	0	0	0	0	0	0	0	0	0	0	0	0	0	0	0	0	0	0	0	0	1
7	257	2003	20.698208	57.178261	1.2	16.034714	19.492172	31.196672	18.420424	80.074203	1.4039409	24.356831	47.58532	59.072941	14.344405	2.3549581	10	10	1	1	1	10.559544	53.188396	0	16.034714	19.435753	32.841305	18.941545	78.353401	.74074072	24.305677	46.96859	63.668839	13.787808	1.664482	10	10	1	1	1	10.366648	0	0	0	0	0	0	1	0	0	0	0	0	0	0	0	0	0	0	0	0	0	0	0	0	0	0	0	0	0	0	0	0	0	1
8	257	2008	23.936964	68.06311	2	16.028156	19.53241	30.116501	18.936142	81.578201	.66666669	28.504732	46.161671	74.4207	14.897784	1.9323291	10	10	1	1	1	10.731361	57.178261	1.2	16.034714	19.492172	31.196672	18.420424	80.074203	1.4039409	24.356831	47.58532	59.072941	14.344405	2.3549581	10	10	1	1	1	10.559544	0	0	0	0	0	0	0	1	0	0	0	0	0	0	0	0	0	0	0	0	0	0	0	0	0	0	0	0	0	0	0	0	0	1
