period	cc	year	CG_709_GDP	centralization	warfare	area	population	depend15	depend64	urban	pop_growth	trade	tot_nbarsd	tototsd	gini_gross	debt	fdi_liab	inflation	democracy	pol_comp	presidential	plurality	pol_rights	gdp_pc	lcentralization	lwarfare	larea	lpopulation	ldepend15	ldepend64	lurban	lpop_growth	ltrade	ltot_nbar	ltotot	lgini_gross	ldebt	lfdi_liab	linflation	ldemocracy	lpol_comp	lpresidential	lplurality	lpol_rights	lgdp_pc	per01	per02	per03	per04	per05	per06	per07	per08	cc3	cc6	cc10	cc13	cc14	cc18	cc21	cc24	cc27	cc32	cc34	cc42	cc44	cc45	cc51	cc56	cc59	cc63	cc68	cc71	cc74	cc75	cc79	cc82	cc83	cc84	cc93	cc94	cc96	cc101	cc112	cc113	cc116	cc119	cc123	cc125	cc136	cc137	cc143	cc144	cc145	cc152	cc154	cc161	cc164	cc167	cc171	cc174	cc178	cc180	cc183	cc186	cc188	cc191	cc219	cc220	cc225	cc227	cc228	cc233	cc234	cc240	cc247	cc248	cc252	cc256	cc257	cc258	cc262	cc274	cc276
6	3	1998	11.501604	100	4	14.690979	17.209705	61.342094	6.6240325	58.870998	2.0014832	53.029591	18.585638	985.58881	35.887875	73.647102	8.0497398	12.669454	-3	6	1	.40000001	6	7.4153013	100	4	14.690979	17.118347	74.94075	6.5871291	54.432201	2.2242572	50.368752	65.127411	529.96613	36.735027	86.311401	7.6776681	29.398741	-5.1999998	3.2	1	1	6.1999998	7.4387007	0	0	0	0	0	1	0	0	1	0	0	0	0	0	0	0	0	0	0	0	0	0	0	0	0	0	0	0	0	0	0	0	0	0	0	0	0	0	0	0	0	0	0	0	0	0	0	0	0	0	0	0	0	0	0	0	0	0	0	0	0	0	0	0	0	0	0	0	0	0	0	0	0	0	0	0	0	0	0
7	6	2003	2.1641068	100	2.4000001	13.997832	16.535578	95.644615	4.928041	51.960602	4.0119047	141.15469	31.428766	4436.3179	59.220188	59.806541	9.5209789	80.059143	-2.2	7.5999999	1	0	6	6.9318309	100	6	13.997832	16.394094	95.538322	4.9884677	46.9874	3.2051282	154.09622	71.837036	3374.7021	51.964218	135.23801	8.4992723	1300.8677	-2.8	6	1	0	6	6.2832885	0	0	0	0	0	0	1	0	0	1	0	0	0	0	0	0	0	0	0	0	0	0	0	0	0	0	0	0	0	0	0	0	0	0	0	0	0	0	0	0	0	0	0	0	0	0	0	0	0	0	0	0	0	0	0	0	0	0	0	0	0	0	0	0	0	0	0	0	0	0	0	0	0	0	0	0	0	0	0
4	10	1988	.94485331	61.714081	0	14.808763	17.274702	51.133274	14.468559	86.205597	1.9368279	16.000284	10.904618	174.47699	43.631573	60.969524	8.8388939	1144.8917	7.5999999	7.4000001	1	0	1.6	8.14785	72.296562	.2	14.808763	17.196367	50.636185	13.634814	84.177597	1.4039409	15.048242	85.525917	83.457466	41.172844	40.985859	8.3517094	385.7738	1.6	5	1	0	3.8	8.2158976	0	0	0	1	0	0	0	0	0	0	1	0	0	0	0	0	0	0	0	0	0	0	0	0	0	0	0	0	0	0	0	0	0	0	0	0	0	0	0	0	0	0	0	0	0	0	0	0	0	0	0	0	0	0	0	0	0	0	0	0	0	0	0	0	0	0	0	0	0	0	0	0	0	0	0	0	0	0	0
5	10	1993	.80805147	56.823685	0	14.808763	17.341698	48.811382	15.171429	87.986	1.1942959	16.497944	2.4926078	41.122906	44.474213	36.520119	9.827117	34.231953	7	9	1	0	1.8	8.8322802	61.714081	0	14.808763	17.274702	51.133274	14.468559	86.205597	1.9368279	16.000284	76.226563	174.47699	43.631573	60.969524	8.8388939	1144.8917	7.5999999	7.4000001	1	0	1.6	8.14785	0	0	0	0	1	0	0	0	0	0	1	0	0	0	0	0	0	0	0	0	0	0	0	0	0	0	0	0	0	0	0	0	0	0	0	0	0	0	0	0	0	0	0	0	0	0	0	0	0	0	0	0	0	0	0	0	0	0	0	0	0	0	0	0	0	0	0	0	0	0	0	0	0	0	0	0	0	0	0
6	10	1998	.95471895	58.222885	0	14.808763	17.404354	45.86274	15.690331	89.536598	1.1269841	22.420864	4.0615091	91.062546	47.471855	39.122898	10.80127	-.604168	7.4000001	9	1	0	2	8.9781189	56.823685	0	14.808763	17.341698	48.811382	15.171429	87.986	1.1942959	16.497944	94.054245	41.122906	44.474213	36.520119	9.827117	34.231953	7	9	1	0	1.8	8.8322802	0	0	0	0	0	1	0	0	0	0	1	0	0	0	0	0	0	0	0	0	0	0	0	0	0	0	0	0	0	0	0	0	0	0	0	0	0	0	0	0	0	0	0	0	0	0	0	0	0	0	0	0	0	0	0	0	0	0	0	0	0	0	0	0	0	0	0	0	0	0	0	0	0	0	0	0	0	0	0
7	10	2003	.91437107	63.429813	0	14.808763	17.452959	42.830132	15.964285	90.879204	1.0668564	37.947021	7.6925774	291.9104	48.536751	114.37478	10.905325	11.700214	8	9	1	0	2.4000001	8.3354874	58.222885	0	14.808763	17.404354	45.86274	15.690331	89.536598	1.1269841	22.420864	97.238464	91.062546	47.471855	39.122898	10.80127	-.604168	7.4000001	9	1	0	2	8.9781189	0	0	0	0	0	0	1	0	0	0	1	0	0	0	0	0	0	0	0	0	0	0	0	0	0	0	0	0	0	0	0	0	0	0	0	0	0	0	0	0	0	0	0	0	0	0	0	0	0	0	0	0	0	0	0	0	0	0	0	0	0	0	0	0	0	0	0	0	0	0	0	0	0	0	0	0	0	0	0
8	13	2008	2.5354197	73.089119	0	15.85673	16.887945	28.462711	19.497152	88.700401	1.9523809	41.698956	14.197248	592.01044	44.982212	13.827392	12.843622	4.1043301	10	10	0	1	1	10.764782	74.177383	0	15.85673	16.800983	29.985277	18.965754	87.7752	1.0526316	39.487141	112.62173	449.04816	43.311539	13.57278	12.17251	3.535048	10	10	0	1	1	10.222333	0	0	0	0	0	0	0	1	0	0	0	1	0	0	0	0	0	0	0	0	0	0	0	0	0	0	0	0	0	0	0	0	0	0	0	0	0	0	0	0	0	0	0	0	0	0	0	0	0	0	0	0	0	0	0	0	0	0	0	0	0	0	0	0	0	0	0	0	0	0	0	0	0	0	0	0	0	0	0
8	14	2008	3.4694681	77.47506	0	11.319748	15.936557	22.456839	25.124138	67.085999	.48486629	106.42944	1.3322158	141.78699	48.607761	65.802559	12.458786	1.726102	10	10	0	0	1	10.711997	79.793327	0	11.319947	15.909799	24.192911	23.403061	66.240402	.49691358	96.489006	97.504753	148.89923	48.315159	65.958504	11.056755	1.597104	10	10	0	0	1	10.316314	0	0	0	0	0	0	0	1	0	0	0	0	1	0	0	0	0	0	0	0	0	0	0	0	0	0	0	0	0	0	0	0	0	0	0	0	0	0	0	0	0	0	0	0	0	0	0	0	0	0	0	0	0	0	0	0	0	0	0	0	0	0	0	0	0	0	0	0	0	0	0	0	0	0	0	0	0	0	0
8	18	2008	2.0672619	100	0	11.776597	18.79855	51.600788	7.1018562	26.990801	1.4285715	45.838192	6.4630136	296.25287	57.999744	44.384075	8.5475492	6.748498	.80000001	5.8000002	0	1	3.8	6.2868066	100	0	11.776597	18.72751	58.815281	6.9245358	24.8176	1.5384616	36.071941	93.251938	364.06998	48.409187	50.145119	7.9609995	3.72471	6	7	0	1	3.8	5.9313459	0	0	0	0	0	0	0	1	0	0	0	0	0	1	0	0	0	0	0	0	0	0	0	0	0	0	0	0	0	0	0	0	0	0	0	0	0	0	0	0	0	0	0	0	0	0	0	0	0	0	0	0	0	0	0	0	0	0	0	0	0	0	0	0	0	0	0	0	0	0	0	0	0	0	0	0	0	0	0
8	21	2008	1.1575198	84.174591	0	10.318243	16.194344	25.618084	26.30629	97.390404	2	157.66937	1.2601489	198.68689	37.969681	90.986038	13.623202	2.019598	8.3999996	7.5999999	0	0	1	10.680591	85.217979	0	10.318243	16.118095	25.735348	26.086	97.222397	0	148.50986	100.58709	164.40079	39.566898	99.019142	12.720386	2.110522	10	10	0	0	1	10.284338	0	0	0	0	0	0	0	1	0	0	0	0	0	0	1	0	0	0	0	0	0	0	0	0	0	0	0	0	0	0	0	0	0	0	0	0	0	0	0	0	0	0	0	0	0	0	0	0	0	0	0	0	0	0	0	0	0	0	0	0	0	0	0	0	0	0	0	0	0	0	0	0	0	0	0	0	0	0	0
8	24	2008	4.0534949	100	0	11.633017	15.938205	83.204903	5.6911502	42.956001	2.9883642	44.400684	4.8449678	215.11989	36.366428	25.651924	7.3964434	3.3367319	7	9	1	0	2	6.5679984	100	0	11.633017	15.782978	86.620316	5.7293682	39.935001	3.5149057	51.446087	96.105034	300.61505	37.093201	53.848042	6.7247791	2.290904	6	9	1	0	2.4000001	6.156353	0	0	0	0	0	0	0	1	0	0	0	0	0	0	0	1	0	0	0	0	0	0	0	0	0	0	0	0	0	0	0	0	0	0	0	0	0	0	0	0	0	0	0	0	0	0	0	0	0	0	0	0	0	0	0	0	0	0	0	0	0	0	0	0	0	0	0	0	0	0	0	0	0	0	0	0	0	0	0
4	27	1988	2.5835953	86.119537	0	13.910821	15.668119	75.009666	6.6958346	53.553799	2.537921	45.874344	14.443399	662.58148	50.95628	122.223	5.3537502	58.333359	9	9	1	1	2	6.6158094	62.853107	0	13.910821	15.559031	77.480988	6.7145176	48.491798	2.132103	52.190163	176.07977	603.67828	52.276974	161.224	5.2809987	2847.0134	5.1999998	6.1999998	1	1	4	7.045711	0	0	0	1	0	0	0	0	0	0	0	0	0	0	0	0	1	0	0	0	0	0	0	0	0	0	0	0	0	0	0	0	0	0	0	0	0	0	0	0	0	0	0	0	0	0	0	0	0	0	0	0	0	0	0	0	0	0	0	0	0	0	0	0	0	0	0	0	0	0	0	0	0	0	0	0	0	0	0
5	27	1993	3.7903695	81.199165	0	13.910821	15.780651	73.626884	6.9852476	57.8708	2.2519417	48.723969	8.5961514	418.83859	51.885841	87.650703	6.2011538	11.365054	9	9	1	1	2	6.711719	86.119537	0	13.910821	15.668119	75.009666	6.6958346	53.553799	2.537921	45.874344	121.50042	662.58148	50.95628	122.223	5.3537502	58.333359	9	9	1	1	2	6.6158094	0	0	0	0	1	0	0	0	0	0	0	0	0	0	0	0	1	0	0	0	0	0	0	0	0	0	0	0	0	0	0	0	0	0	0	0	0	0	0	0	0	0	0	0	0	0	0	0	0	0	0	0	0	0	0	0	0	0	0	0	0	0	0	0	0	0	0	0	0	0	0	0	0	0	0	0	0	0	0
6	27	1998	4.4367499	74.666931	0	13.910821	15.889477	71.895103	7.3285933	60.860401	2.2649665	48.474628	2.3579202	114.2993	56.60281	64.085899	8.0079565	6.3886681	9	9	1	1	1.2	6.9229569	81.199165	0	13.910821	15.780651	73.626884	6.9852476	57.8708	2.2519417	48.723969	88.604256	418.83859	51.885841	87.650703	6.2011538	11.365054	9	9	1	1	2	6.711719	0	0	0	0	0	1	0	0	0	0	0	0	0	0	0	0	1	0	0	0	0	0	0	0	0	0	0	0	0	0	0	0	0	0	0	0	0	0	0	0	0	0	0	0	0	0	0	0	0	0	0	0	0	0	0	0	0	0	0	0	0	0	0	0	0	0	0	0	0	0	0	0	0	0	0	0	0	0	0
7	27	2003	6.4028559	85.772705	0	13.910821	15.989926	68.520531	7.5950732	63.247002	2.0342457	54.330425	10.483042	569.5481	55.653168	65.834358	8.5844431	4.9858699	8.3999996	7.8000002	1	1	2.4000001	6.8682756	74.666931	0	13.910821	15.889477	71.895103	7.3285933	60.860401	2.2649665	48.474628	99.954399	114.2993	56.60281	64.085899	8.0079565	6.3886681	9	9	1	1	1.2	6.9229569	0	0	0	0	0	0	1	0	0	0	0	0	0	0	0	0	1	0	0	0	0	0	0	0	0	0	0	0	0	0	0	0	0	0	0	0	0	0	0	0	0	0	0	0	0	0	0	0	0	0	0	0	0	0	0	0	0	0	0	0	0	0	0	0	0	0	0	0	0	0	0	0	0	0	0	0	0	0	0
8	27	2008	5.9117308	74.675201	0	13.910821	16.079107	63.271107	7.8112149	65.514999	1.2481674	75.521057	9.5688276	722.64795	55.35965	42.326	8.6909609	7.5551739	7.5999999	7	1	1	3	7.3757901	85.772705	0	13.910821	15.989926	68.520531	7.5950732	63.247002	2.0342457	54.330425	105.46582	569.5481	55.653168	65.834358	8.5844431	4.9858699	8.3999996	7.8000002	1	1	2.4000001	6.8682756	0	0	0	0	0	0	0	1	0	0	0	0	0	0	0	0	1	0	0	0	0	0	0	0	0	0	0	0	0	0	0	0	0	0	0	0	0	0	0	0	0	0	0	0	0	0	0	0	0	0	0	0	0	0	0	0	0	0	0	0	0	0	0	0	0	0	0	0	0	0	0	0	0	0	0	0	0	0	0
4	32	1988	5.6946163	98.558182	0	13.247639	14.076688	87.803123	4.9150772	35.8494	3.2051282	113.4049	8.4529047	958.60083	56.008572	25.62138	7.0684676	13.880244	6.8000002	9	0	1	1.6	7.3527093	100	0	13.247639	13.909161	90.896919	4.7387362	22.625999	3.8676238	122.84258	71.26062	935.51367	55.236347	26.991039	6.4890342	10.134658	6	9	0	1	2	6.7115655	0	0	0	1	0	0	0	0	0	0	0	0	0	0	0	0	0	1	0	0	0	0	0	0	0	0	0	0	0	0	0	0	0	0	0	0	0	0	0	0	0	0	0	0	0	0	0	0	0	0	0	0	0	0	0	0	0	0	0	0	0	0	0	0	0	0	0	0	0	0	0	0	0	0	0	0	0	0	0
5	32	1993	8.0115843	99.315414	0	13.247639	14.220085	79.058296	4.9555912	46.1618	2.7619047	91.922218	3.1584733	290.33386	56.978889	19.813841	7.0989738	8.3001575	7	9	0	1	1.6	7.9317527	98.558182	0	13.247639	14.076688	87.803123	4.9150772	35.8494	3.2051282	113.4049	94.659744	958.60083	56.008572	25.62138	7.0684676	13.880244	6.8000002	9	0	1	1.6	7.3527093	0	0	0	0	1	0	0	0	0	0	0	0	0	0	0	0	0	1	0	0	0	0	0	0	0	0	0	0	0	0	0	0	0	0	0	0	0	0	0	0	0	0	0	0	0	0	0	0	0	0	0	0	0	0	0	0	0	0	0	0	0	0	0	0	0	0	0	0	0	0	0	0	0	0	0	0	0	0	0
6	32	1998	9.3250113	100	0	13.247639	14.345446	68.285843	5.0377026	51.5238	2.4264705	94.629074	2.7087438	256.32593	55.508854	16.219641	7.1885824	11.892666	7.8000002	9	0	1	2	8.0639095	99.315414	0	13.247639	14.220085	79.058296	4.9555912	46.1618	2.7619047	91.922218	88.072884	290.33386	56.978889	19.813841	7.0989738	8.3001575	7	9	0	1	1.6	7.9317527	0	0	0	0	0	1	0	0	0	0	0	0	0	0	0	0	0	1	0	0	0	0	0	0	0	0	0	0	0	0	0	0	0	0	0	0	0	0	0	0	0	0	0	0	0	0	0	0	0	0	0	0	0	0	0	0	0	0	0	0	0	0	0	0	0	0	0	0	0	0	0	0	0	0	0	0	0	0	0
4	34	1988	1.1788546	71.45591	0	15.955577	18.78475	60.1367	7.2025733	72.297997	1.4285715	14.93623	7.6173897	113.77509	57.663349	69.030243	10.13413	989.01978	7.5999999	9	1	1	2	7.6124296	70.063515	0	15.955577	18.681858	63.569695	6.9673014	68.104401	3.2051282	18.603912	60.699619	37.060303	56.25238	42.221741	9.772543	159.3502	-1.2	3.4000001	0	1	3.4000001	7.3240199	0	0	0	1	0	0	0	0	0	0	0	0	0	0	0	0	0	0	1	0	0	0	0	0	0	0	0	0	0	0	0	0	0	0	0	0	0	0	0	0	0	0	0	0	0	0	0	0	0	0	0	0	0	0	0	0	0	0	0	0	0	0	0	0	0	0	0	0	0	0	0	0	0	0	0	0	0	0	0
5	34	1993	.92412823	62.290276	0	15.955577	18.864868	54.470577	7.7603483	76.134804	1.3333334	18.048422	13.344172	240.84125	57.157658	61.209278	10.576962	1145.7983	8	9	1	1	2.2	7.9414473	71.45591	0	15.955577	18.78475	60.1367	7.2025733	72.297997	1.4285715	14.93623	72.728104	113.77509	57.663349	69.030243	10.13413	989.01978	7.5999999	9	1	1	2	7.6124296	0	0	0	0	1	0	0	0	0	0	0	0	0	0	0	0	0	0	1	0	0	0	0	0	0	0	0	0	0	0	0	0	0	0	0	0	0	0	0	0	0	0	0	0	0	0	0	0	0	0	0	0	0	0	0	0	0	0	0	0	0	0	0	0	0	0	0	0	0	0	0	0	0	0	0	0	0	0	0
6	34	1998	1.2672958	57.300529	0	15.955577	18.939184	47.83794	8.321559	79.759201	1.25	17.71715	6.4868178	114.92793	57.124577	58.576881	11.384536	8.7240982	8	9	1	1	2.8	8.3927164	62.290276	0	15.955577	18.864868	54.470577	7.7603483	76.134804	1.3333334	18.048422	91.895187	240.84125	57.157658	61.209278	10.576962	1145.7983	8	9	1	1	2.2	7.9414473	0	0	0	0	0	1	0	0	0	0	0	0	0	0	0	0	0	0	1	0	0	0	0	0	0	0	0	0	0	0	0	0	0	0	0	0	0	0	0	0	0	0	0	0	0	0	0	0	0	0	0	0	0	0	0	0	0	0	0	0	0	0	0	0	0	0	0	0	0	0	0	0	0	0	0	0	0	0	0
6	42	1998	3.6288316	100	4	10.153468	15.646358	91.649895	5.8302016	7.8319998	1.5679256	16.558777	8.5385561	141.38805	39.223038	143.78259	3.9751821	22.4401	-2.5999999	4.4000001	.80000001	0	6.5999999	5.248076	100	2.4000001	10.153468	15.590176	88.205566	5.9273367	6.835	2.0590825	23.796877	137.93657	722.15765	35.457264	105.13392	3.8941386	7.9957399	-2	1	.60000002	.60000002	6.4000001	5.5235023	0	0	0	0	0	1	0	0	0	0	0	0	0	0	0	0	0	0	0	1	0	0	0	0	0	0	0	0	0	0	0	0	0	0	0	0	0	0	0	0	0	0	0	0	0	0	0	0	0	0	0	0	0	0	0	0	0	0	0	0	0	0	0	0	0	0	0	0	0	0	0	0	0	0	0	0	0	0	0
4	44	1988	2.5853565	100	0	13.066237	16.248211	88.497032	6.9938054	38.286999	3.8181818	40.552845	12.921229	523.99261	47.806751	34.2369	7.1702914	-.31503099	-8	1	1	1	6	6.8537693	100	0	13.066237	16.11668	87.646324	7.0433764	34.507599	2.3660734	46.589783	86.196068	791.88306	48.822975	27.208679	6.8063464	11.756918	-7.8000002	1	1	1	6	6.7498116	0	0	0	1	0	0	0	0	0	0	0	0	0	0	0	0	0	0	0	0	1	0	0	0	0	0	0	0	0	0	0	0	0	0	0	0	0	0	0	0	0	0	0	0	0	0	0	0	0	0	0	0	0	0	0	0	0	0	0	0	0	0	0	0	0	0	0	0	0	0	0	0	0	0	0	0	0	0	0
5	44	1993	2.9910247	100	0	13.066237	16.410103	86.729904	6.8399706	41.406601	3.2051282	38.70483	14.713566	569.48608	46.536465	77.357162	7.1153316	8.4514303	-4.8000002	5	1	1	6.1999998	6.6334224	100	0	13.066237	16.248211	88.497032	6.9938054	38.286999	3.8181818	40.552845	84.796349	523.99261	47.806751	34.2369	7.1702914	-.31503099	-8	1	1	1	6	6.8537693	0	0	0	0	1	0	0	0	0	0	0	0	0	0	0	0	0	0	0	0	1	0	0	0	0	0	0	0	0	0	0	0	0	0	0	0	0	0	0	0	0	0	0	0	0	0	0	0	0	0	0	0	0	0	0	0	0	0	0	0	0	0	0	0	0	0	0	0	0	0	0	0	0	0	0	0	0	0	0
6	44	1998	2.0114703	100	0	13.066237	16.522671	82.027176	6.6331134	44.354401	2.7619047	40.455803	10.669122	431.6279	45.073887	95.721321	7.1473613	2.976198	-4	6	1	1	7	6.4587426	100	0	13.066237	16.410103	86.729904	6.8399706	41.406601	3.2051282	38.70483	83.237961	569.48608	46.536465	77.357162	7.1153316	8.4514303	-4.8000002	5	1	1	6.1999998	6.6334224	0	0	0	0	0	1	0	0	0	0	0	0	0	0	0	0	0	0	0	0	1	0	0	0	0	0	0	0	0	0	0	0	0	0	0	0	0	0	0	0	0	0	0	0	0	0	0	0	0	0	0	0	0	0	0	0	0	0	0	0	0	0	0	0	0	0	0	0	0	0	0	0	0	0	0	0	0	0	0
8	45	2008	.40363231	44.560879	0	16.023785	17.323959	24.231792	19.619421	80.381203	1.2310606	65.272972	5.8948479	384.77423	42.766453	75.028458	13.616703	2.0685439	10	10	0	1	1	10.659899	45.068367	0	16.023785	17.268547	26.430641	18.661287	79.864403	.64516127	75.391846	110.67641	565.17963	43.236797	76.796761	12.963113	2.53476	10	10	0	1	1	10.228035	0	0	0	0	0	0	0	1	0	0	0	0	0	0	0	0	0	0	0	0	0	1	0	0	0	0	0	0	0	0	0	0	0	0	0	0	0	0	0	0	0	0	0	0	0	0	0	0	0	0	0	0	0	0	0	0	0	0	0	0	0	0	0	0	0	0	0	0	0	0	0	0	0	0	0	0	0	0	0
4	51	1988	2.5938451	95.462311	0	13.519167	16.36445	47.378899	9.4655542	83.012199	1.6666666	56.698441	24.204523	1372.3588	52.523689	117.01622	8.6852694	21.316879	.60000002	6	1	1	4.5999999	7.6551046	92.829506	0	13.519167	16.283014	50.403168	9.2445889	82.071602	1.8181819	44.047009	199.90442	430.59283	52.139523	81.4888	8.4901543	19.110701	-6.4000001	1.6	1	1	6	7.6275043	0	0	0	1	0	0	0	0	0	0	0	0	0	0	0	0	0	0	0	0	0	0	1	0	0	0	0	0	0	0	0	0	0	0	0	0	0	0	0	0	0	0	0	0	0	0	0	0	0	0	0	0	0	0	0	0	0	0	0	0	0	0	0	0	0	0	0	0	0	0	0	0	0	0	0	0	0	0	0
5	51	1993	2.477715	93.921112	0	13.519167	16.439747	46.747044	10.078614	83.931602	1.5384616	54.418186	12.701858	691.21204	51.688087	48.274158	9.5733461	14.24602	8	9	1	1	2	8.2395601	95.462311	0	13.519167	16.36445	47.378899	9.4655542	83.012199	1.6666666	56.698441	142.30191	1372.3588	52.523689	117.01622	8.6852694	21.316879	.60000002	6	1	1	4.5999999	7.6551046	0	0	0	0	1	0	0	0	0	0	0	0	0	0	0	0	0	0	0	0	0	0	1	0	0	0	0	0	0	0	0	0	0	0	0	0	0	0	0	0	0	0	0	0	0	0	0	0	0	0	0	0	0	0	0	0	0	0	0	0	0	0	0	0	0	0	0	0	0	0	0	0	0	0	0	0	0	0	0
6	51	1998	3.3096797	91.503059	0	13.519167	16.523561	44.525269	10.900227	85.316399	1.4285715	55.735371	6.2896452	350.55569	52.704826	22.986799	10.526471	4.3266821	8.1999998	9	1	1	2.2	8.5721731	93.921112	0	13.519167	16.439747	46.747044	10.078614	83.931602	1.5384616	54.418186	114.8812	691.21204	51.688087	48.274158	9.5733461	14.24602	8	9	1	1	2	8.2395601	0	0	0	0	0	1	0	0	0	0	0	0	0	0	0	0	0	0	0	0	0	0	1	0	0	0	0	0	0	0	0	0	0	0	0	0	0	0	0	0	0	0	0	0	0	0	0	0	0	0	0	0	0	0	0	0	0	0	0	0	0	0	0	0	0	0	0	0	0	0	0	0	0	0	0	0	0	0	0
7	51	2003	3.6895237	95.100159	0	13.519167	16.588099	39.390438	11.711746	86.952202	1.3333334	67.291031	22.611603	1521.5581	51.64732	12.3316	10.891338	5.7903061	9	9	1	1	1.4	8.585515	91.503059	0	13.519167	16.523561	44.525269	10.900227	85.316399	1.4285715	55.735371	104.50476	350.55569	52.704826	22.986799	10.526471	4.3266821	8.1999998	9	1	1	2.2	8.5721731	0	0	0	0	0	0	1	0	0	0	0	0	0	0	0	0	0	0	0	0	0	0	1	0	0	0	0	0	0	0	0	0	0	0	0	0	0	0	0	0	0	0	0	0	0	0	0	0	0	0	0	0	0	0	0	0	0	0	0	0	0	0	0	0	0	0	0	0	0	0	0	0	0	0	0	0	0	0	0
8	51	2008	3.9105778	93.049133	0	13.519167	16.636599	34.01128	12.886475	88.414398	1.25	73.646446	18.086309	1331.9924	50.484085	5.9930639	11.610178	6.159615	10	10	1	1	1	9.2695761	95.100159	0	13.519167	16.588099	39.390438	11.711746	86.952202	1.3333334	67.291031	113.35931	1521.5581	51.64732	12.3316	10.891338	5.7903061	9	9	1	1	1.4	8.585515	0	0	0	0	0	0	0	1	0	0	0	0	0	0	0	0	0	0	0	0	0	0	1	0	0	0	0	0	0	0	0	0	0	0	0	0	0	0	0	0	0	0	0	0	0	0	0	0	0	0	0	0	0	0	0	0	0	0	0	0	0	0	0	0	0	0	0	0	0	0	0	0	0	0	0	0	0	0	0
4	56	1988	1.7874582	94.385124	0	13.910821	17.280855	63.260796	7.1657953	67.195198	1.9368279	25.17123	19.417721	488.76791	46.813065	35.350281	8.2876501	26.21356	8	9	1	0	2.4000001	7.4290061	71.080582	0	13.910821	17.168276	68.739525	7.0343781	64.192802	2.1446817	20.604313	103.80629	107.7969	56.087128	21.19388	7.5822334	23.00404	8	9	1	0	2	7.5182137	0	0	0	1	0	0	0	0	0	0	0	0	0	0	0	0	0	0	0	0	0	0	0	1	0	0	0	0	0	0	0	0	0	0	0	0	0	0	0	0	0	0	0	0	0	0	0	0	0	0	0	0	0	0	0	0	0	0	0	0	0	0	0	0	0	0	0	0	0	0	0	0	0	0	0	0	0	0	0
5	56	1993	1.9499602	100	0	13.910821	17.370531	59.1595	7.3447552	69.620003	2.32128	28.367094	6.2003155	175.88493	50.346912	29.309919	8.7740879	28.11508	8.6000004	8.6000004	1	0	2.5999999	7.6962466	94.385124	0	13.910821	17.280855	63.260796	7.1657953	67.195198	1.9368279	25.17123	96.950066	488.76791	46.813065	35.350281	8.2876501	26.21356	8	9	1	0	2.4000001	7.4290061	0	0	0	0	1	0	0	0	0	0	0	0	0	0	0	0	0	0	0	0	0	0	0	1	0	0	0	0	0	0	0	0	0	0	0	0	0	0	0	0	0	0	0	0	0	0	0	0	0	0	0	0	0	0	0	0	0	0	0	0	0	0	0	0	0	0	0	0	0	0	0	0	0	0	0	0	0	0	0
6	56	1998	2.8725281	85.886314	0	13.910821	17.463217	54.476925	7.4957538	71.451401	1.5796769	29.788164	6.2630978	186.56618	53.329502	30.80625	9.5612211	18.573099	7	7	1	0	3.8	7.9792914	100	0	13.910821	17.370531	59.1595	7.3447552	69.620003	2.32128	28.367094	83.521431	175.88493	50.346912	29.309919	8.7740879	28.11508	8.6000004	8.6000004	1	0	2.5999999	7.6962466	0	0	0	0	0	1	0	0	0	0	0	0	0	0	0	0	0	0	0	0	0	0	0	1	0	0	0	0	0	0	0	0	0	0	0	0	0	0	0	0	0	0	0	0	0	0	0	0	0	0	0	0	0	0	0	0	0	0	0	0	0	0	0	0	0	0	0	0	0	0	0	0	0	0	0	0	0	0	0
4	59	1988	3.5920446	99.39183	0	10.840756	14.886303	60.521271	8.4970627	48.634998	2.8113482	63.508427	13.704268	870.33655	44.907711	81.716759	5.5706577	16.94206	10	10	1	0	1	7.6609831	100	0	10.840756	14.746873	61.753735	8.5244112	44.5774	3.2721293	69.800781	77.422058	359.19656	50.799915	101.78234	4.9817696	44.653419	10	10	1	0	1	7.3589668	0	0	0	1	0	0	0	0	0	0	0	0	0	0	0	0	0	0	0	0	0	0	0	0	1	0	0	0	0	0	0	0	0	0	0	0	0	0	0	0	0	0	0	0	0	0	0	0	0	0	0	0	0	0	0	0	0	0	0	0	0	0	0	0	0	0	0	0	0	0	0	0	0	0	0	0	0	0	0
5	59	1993	4.3375068	100	0	10.840756	15.008513	58.685448	8.5810184	53.746601	2.4644573	75.673973	10.251921	775.80359	43.50668	40.486279	6.2630343	18.998779	10	10	1	0	1	7.9528718	99.39183	0	10.840756	14.886303	60.521271	8.4970627	48.634998	2.8113482	63.508427	91.465363	870.33655	44.907711	81.716759	5.5706577	16.94206	10	10	1	0	1	7.6609831	0	0	0	0	1	0	0	0	0	0	0	0	0	0	0	0	0	0	0	0	0	0	0	0	1	0	0	0	0	0	0	0	0	0	0	0	0	0	0	0	0	0	0	0	0	0	0	0	0	0	0	0	0	0	0	0	0	0	0	0	0	0	0	0	0	0	0	0	0	0	0	0	0	0	0	0	0	0	0
6	59	1998	4.0509524	100	0	10.840756	15.128746	52.817757	8.6755419	57.7384	2.1938405	91.406059	4.3819356	400.53546	44.29974	39.831749	7.396358	12.953686	10	10	1	0	1	8.2291889	100	0	10.840756	15.008513	58.685448	8.5810184	53.746601	2.4644573	75.673973	90.839844	775.80359	43.50668	40.486279	6.2630343	18.998779	10	10	1	0	1	7.9528718	0	0	0	0	0	1	0	0	0	0	0	0	0	0	0	0	0	0	0	0	0	0	0	0	1	0	0	0	0	0	0	0	0	0	0	0	0	0	0	0	0	0	0	0	0	0	0	0	0	0	0	0	0	0	0	0	0	0	0	0	0	0	0	0	0	0	0	0	0	0	0	0	0	0	0	0	0	0	0
7	59	2003	5.3459086	97.822128	0	10.840756	15.240724	45.150921	8.8090878	60.638802	1.9768158	93.888687	4.0661869	381.76895	46.387657	42.144402	8.3378019	9.7079077	10	10	1	0	1	8.363307	100	0	10.840756	15.128746	52.817757	8.6755419	57.7384	2.1938405	91.406059	104.15934	400.53546	44.29974	39.831749	7.396358	12.953686	10	10	1	0	1	8.2291889	0	0	0	0	0	0	1	0	0	0	0	0	0	0	0	0	0	0	0	0	0	0	0	0	1	0	0	0	0	0	0	0	0	0	0	0	0	0	0	0	0	0	0	0	0	0	0	0	0	0	0	0	0	0	0	0	0	0	0	0	0	0	0	0	0	0	0	0	0	0	0	0	0	0	0	0	0	0	0
8	59	2008	6.2316718	98.601486	0	10.840756	15.328186	38.472424	9.2519379	63.194	1.7988888	93.925499	2.0534649	192.87271	46.700966	35.909641	9.2349806	9.8244019	10	10	1	0	1	8.7493677	97.822128	0	10.840756	15.240724	45.150921	8.8090878	60.638802	1.9768158	93.888687	94.178307	381.76895	46.387657	42.144402	8.3378019	9.7079077	10	10	1	0	1	8.363307	0	0	0	0	0	0	0	1	0	0	0	0	0	0	0	0	0	0	0	0	0	0	0	0	1	0	0	0	0	0	0	0	0	0	0	0	0	0	0	0	0	0	0	0	0	0	0	0	0	0	0	0	0	0	0	0	0	0	0	0	0	0	0	0	0	0	0	0	0	0	0	0	0	0	0	0	0	0	0
8	63	2008	7.1972384	100.41167	0	9.1312971	13.581741	26.483751	15.928982	69.964203	2	96.578011	3.7221088	359.47388	47.475742	58.159538	9.8163185	2.8196235	10	10	1	0	1	10.242956	101.75887	0	9.1312971	13.493981	30.553185	15.286609	69.125603	1.1784482	101.99002	102.54427	84.501205	45.660801	66.713478	8.9804401	3.0534959	10	10	1	0	1	9.7815609	0	0	0	0	0	0	0	1	0	0	0	0	0	0	0	0	0	0	0	0	0	0	0	0	0	1	0	0	0	0	0	0	0	0	0	0	0	0	0	0	0	0	0	0	0	0	0	0	0	0	0	0	0	0	0	0	0	0	0	0	0	0	0	0	0	0	0	0	0	0	0	0	0	0	0	0	0	0	0
8	68	2008	3.7390859	69.400368	0	10.655611	15.520192	27.878649	24.029398	86.419403	.37037036	99.24511	.8291871	82.292763	51.654423	40.538639	11.678454	2.7149673	10	10	0	0	1	10.939422	62.662079	0	10.655611	15.501909	28.267084	22.460171	85.553596	.3773585	87.895477	99.866562	130.56679	45.98859	54.448021	11.341936	2.3298039	10	10	0	0	1	10.553508	0	0	0	0	0	0	0	1	0	0	0	0	0	0	0	0	0	0	0	0	0	0	0	0	0	0	1	0	0	0	0	0	0	0	0	0	0	0	0	0	0	0	0	0	0	0	0	0	0	0	0	0	0	0	0	0	0	0	0	0	0	0	0	0	0	0	0	0	0	0	0	0	0	0	0	0	0	0	0
5	71	1993	1.2206247	97.710739	0	10.785601	15.845893	64.46386	7.4821639	56.647999	2.1317198	79.277397	5.9082537	468.39096	48.003468	40.35994	6.8434792	26.593723	5.5999999	7	1	1	3	7.4001141	99.679161	0	10.785601	15.749449	68.270752	6.4975958	54.6828	2.0695319	103.28991	137.23198	2520.9553	46.383621	56.448879	6.1331239	28.282854	6	7	1	1	1.2	6.9416504	0	0	0	0	1	0	0	0	0	0	0	0	0	0	0	0	0	0	0	0	0	0	0	0	0	0	0	1	0	0	0	0	0	0	0	0	0	0	0	0	0	0	0	0	0	0	0	0	0	0	0	0	0	0	0	0	0	0	0	0	0	0	0	0	0	0	0	0	0	0	0	0	0	0	0	0	0	0	0
6	71	1998	2.0269332	99.471504	0	10.785601	15.936327	60.169197	8.5190039	60.085999	1.6934745	78.391418	2.1602643	169.34618	47.382786	23.935061	7.619463	5.6975479	8	9	1	1	2.4000001	7.7953639	97.710739	0	10.785601	15.845893	64.46386	7.4821639	56.647999	2.1317198	79.277397	95.769104	468.39096	48.003468	40.35994	6.8434792	26.593723	5.5999999	7	1	1	3	7.4001141	0	0	0	0	0	1	0	0	0	0	0	0	0	0	0	0	0	0	0	0	0	0	0	0	0	0	0	1	0	0	0	0	0	0	0	0	0	0	0	0	0	0	0	0	0	0	0	0	0	0	0	0	0	0	0	0	0	0	0	0	0	0	0	0	0	0	0	0	0	0	0	0	0	0	0	0	0	0	0
7	71	2003	2.1181004	100	0	10.785601	16.012487	55.55698	9.3839474	64.107002	1.3437675	76.689743	2.5450094	195.17612	49.234882	30.956301	8.4509993	18.419861	8	9	1	1	2.2	7.9100471	99.471504	0	10.785601	15.936327	60.169197	8.5190039	60.085999	1.6934745	78.391418	99.880447	169.34618	47.382786	23.935061	7.619463	5.6975479	8	9	1	1	2.4000001	7.7953639	0	0	0	0	0	0	1	0	0	0	0	0	0	0	0	0	0	0	0	0	0	0	0	0	0	0	0	1	0	0	0	0	0	0	0	0	0	0	0	0	0	0	0	0	0	0	0	0	0	0	0	0	0	0	0	0	0	0	0	0	0	0	0	0	0	0	0	0	0	0	0	0	0	0	0	0	0	0	0
4	74	1988	3.5267975	100	0	13.81095	17.811295	75.359261	6.6551013	43.661999	2.2959807	48.190136	28.688311	1382.4935	34.092392	99.278976	9.1010294	18.91028	-6	2	0	1	5	7.2813516	100	0	13.81095	17.690237	77.403397	6.4572334	43.905998	2.1295888	62.810207	199.80551	783.2074	36.095558	125.785	8.2983389	7.7692399	-6	2	0	1	4.5999999	6.7259469	0	0	0	1	0	0	0	0	0	0	0	0	0	0	0	0	0	0	0	0	0	0	0	0	0	0	0	0	1	0	0	0	0	0	0	0	0	0	0	0	0	0	0	0	0	0	0	0	0	0	0	0	0	0	0	0	0	0	0	0	0	0	0	0	0	0	0	0	0	0	0	0	0	0	0	0	0	0	0
5	74	1993	4.0568657	100	0	13.81095	17.909576	70.662941	7.0015421	43.079601	1.7251641	56.072025	3.7695267	211.36499	35.451836	118.54712	9.4406986	12.497936	-6	2	0	1	5.5999999	6.7410159	100	0	13.81095	17.811295	75.359261	6.6551013	43.661999	2.2959807	48.190136	114.50628	1382.4935	34.092392	99.278976	9.1010294	18.91028	-6	2	0	1	5	7.2813516	0	0	0	0	1	0	0	0	0	0	0	0	0	0	0	0	0	0	0	0	0	0	0	0	0	0	0	0	1	0	0	0	0	0	0	0	0	0	0	0	0	0	0	0	0	0	0	0	0	0	0	0	0	0	0	0	0	0	0	0	0	0	0	0	0	0	0	0	0	0	0	0	0	0	0	0	0	0	0
6	74	1998	4.5516143	100	0	13.81095	17.992624	63.561665	7.3127322	42.803799	1.5881021	41.703716	6.1964903	258.41669	39.957375	72.459282	9.7264442	5.3360634	-6	2	0	1	6	7.1792297	100	0	13.81095	17.909576	70.662941	7.0015421	43.079601	1.7251641	56.072025	121.94717	211.36499	35.451836	118.54712	9.4406986	12.497936	-6	2	0	1	5.5999999	6.7410159	0	0	0	0	0	1	0	0	0	0	0	0	0	0	0	0	0	0	0	0	0	0	0	0	0	0	0	0	1	0	0	0	0	0	0	0	0	0	0	0	0	0	0	0	0	0	0	0	0	0	0	0	0	0	0	0	0	0	0	0	0	0	0	0	0	0	0	0	0	0	0	0	0	0	0	0	0	0	0
7	74	2003	4.7861347	100	0	13.81095	18.083471	55.863888	7.5147772	42.935001	1.7570556	50.526585	12.350587	624.03296	34.817364	103.69205	9.982729	5.9426479	-5.4000001	2.8	0	1	6	7.0767527	100	0	13.81095	17.992624	63.561665	7.3127322	42.803799	1.5881021	41.703716	102.62975	258.41669	39.957375	72.459282	9.7264442	5.3360634	-6	2	0	1	6	7.1792297	0	0	0	0	0	0	1	0	0	0	0	0	0	0	0	0	0	0	0	0	0	0	0	0	0	0	0	0	1	0	0	0	0	0	0	0	0	0	0	0	0	0	0	0	0	0	0	0	0	0	0	0	0	0	0	0	0	0	0	0	0	0	0	0	0	0	0	0	0	0	0	0	0	0	0	0	0	0	0
8	74	2008	3.8414595	100	0	13.81095	18.177055	50.862984	7.739068	43.235802	1.6150942	61.711807	6.1649179	380.44824	32.645111	82.00692	10.908479	10.687876	-3	6	1	1	6	7.6018853	100	0	13.81095	18.083471	55.863888	7.5147772	42.935001	1.7570556	50.526585	103.18159	624.03296	34.817364	103.69205	9.982729	5.9426479	-5.4000001	2.8	0	1	6	7.0767527	0	0	0	0	0	0	0	1	0	0	0	0	0	0	0	0	0	0	0	0	0	0	0	0	0	0	0	0	1	0	0	0	0	0	0	0	0	0	0	0	0	0	0	0	0	0	0	0	0	0	0	0	0	0	0	0	0	0	0	0	0	0	0	0	0	0	0	0	0	0	0	0	0	0	0	0	0	0	0
4	75	1988	2.6743424	100	6	9.9388552	15.464022	80.41568	8.5020981	48.194199	1.1767722	44.723431	18.850716	843.06866	47.474121	80.277496	6.0164943	2.6866739	6	7	1	1	3	6.5333533	100	6	9.9388552	15.396328	86.611649	8.0022097	45.604801	1.2503618	53.681568	65.544418	318.77667	47.363087	72.571983	5.764184	4.1488361	3.5999999	7	1	1	3.4000001	5.6552277	0	0	0	1	0	0	0	0	0	0	0	0	0	0	0	0	0	0	0	0	0	0	0	0	0	0	0	0	0	1	0	0	0	0	0	0	0	0	0	0	0	0	0	0	0	0	0	0	0	0	0	0	0	0	0	0	0	0	0	0	0	0	0	0	0	0	0	0	0	0	0	0	0	0	0	0	0	0	0
5	75	1993	1.7972679	100	2.4000001	9.9388552	15.53448	73.396477	8.8996153	52.073399	1.4685081	52.858089	19.136103	1011.4978	48.753124	43.482861	6.2703104	7.9807739	7	9	1	1	3	7.1355062	100	6	9.9388552	15.464022	80.41568	8.5020981	48.194199	1.1767722	44.723431	94.5326	843.06866	47.474121	80.277496	6.0164943	2.6866739	6	7	1	1	3	6.5333533	0	0	0	0	1	0	0	0	0	0	0	0	0	0	0	0	0	0	0	0	0	0	0	0	0	0	0	0	0	1	0	0	0	0	0	0	0	0	0	0	0	0	0	0	0	0	0	0	0	0	0	0	0	0	0	0	0	0	0	0	0	0	0	0	0	0	0	0	0	0	0	0	0	0	0	0	0	0	0
6	75	1998	2.2808385	100	0	9.9388552	15.583625	69.474335	9.6326885	56.933998	1.0346879	62.475651	6.0598826	378.59512	49.624557	29.23402	7.1968846	3.5482097	7	9	1	.40000001	2.2	7.6030865	100	2.4000001	9.9388552	15.53448	73.396477	8.8996153	52.073399	1.4685081	52.858089	90.908516	1011.4978	48.753124	43.482861	6.2703104	7.9807739	7	9	1	1	3	7.1355062	0	0	0	0	0	1	0	0	0	0	0	0	0	0	0	0	0	0	0	0	0	0	0	0	0	0	0	0	0	1	0	0	0	0	0	0	0	0	0	0	0	0	0	0	0	0	0	0	0	0	0	0	0	0	0	0	0	0	0	0	0	0	0	0	0	0	0	0	0	0	0	0	0	0	0	0	0	0	0
7	75	2003	3.0584342	97.372742	0	9.9388552	15.610576	64.309494	10.573374	60.5536	.33333334	69.201538	6.217278	430.24521	48.020187	38.491241	8.0679684	2.996026	7	9	1	0	2	7.8338242	100	0	9.9388552	15.583625	69.474335	9.6326885	56.933998	1.0346879	62.475651	108.81911	378.59512	49.624557	29.23402	7.1968846	3.5482097	7	9	1	.40000001	2.2	7.6030865	0	0	0	0	0	0	1	0	0	0	0	0	0	0	0	0	0	0	0	0	0	0	0	0	0	0	0	0	0	1	0	0	0	0	0	0	0	0	0	0	0	0	0	0	0	0	0	0	0	0	0	0	0	0	0	0	0	0	0	0	0	0	0	0	0	0	0	0	0	0	0	0	0	0	0	0	0	0	0
8	75	2008	3.2195435	96.536751	0	9.9388552	15.630303	55.967453	11.248648	63.2272	.32786885	70.719826	4.3719597	309.18423	45.234196	44.495159	8.7690964	3.1715071	7.4000001	9	1	0	2	8.1101599	97.372742	0	9.9388552	15.610576	64.309494	10.573374	60.5536	.33333334	69.201538	92.916809	430.24521	48.020187	38.491241	8.0679684	2.996026	7	9	1	0	2	7.8338242	0	0	0	0	0	0	0	1	0	0	0	0	0	0	0	0	0	0	0	0	0	0	0	0	0	0	0	0	0	1	0	0	0	0	0	0	0	0	0	0	0	0	0	0	0	0	0	0	0	0	0	0	0	0	0	0	0	0	0	0	0	0	0	0	0	0	0	0	0	0	0	0	0	0	0	0	0	0	0
4	79	1988	2.0247927	100	6	13.910821	17.625484	85.668159	5.4682856	12.1538	3.2082376	17.917456	1.5888219e-14	2.8467644e-13	36.986095	86.878319	4.8516927	.113802	-8	1	1	1	6.5999999	5.4367819	100	6	13.910821	17.4676	84.611038	5.4342518	11.0358	3.2194815	22.695789	120.8333	3.6059567e-13	33.874454	55.440479	4.8274083	9.0069675	-7.4000001	1	1	1	7	5.2214484	0	0	0	1	0	0	0	0	0	0	0	0	0	0	0	0	0	0	0	0	0	0	0	0	0	0	0	0	0	0	1	0	0	0	0	0	0	0	0	0	0	0	0	0	0	0	0	0	0	0	0	0	0	0	0	0	0	0	0	0	0	0	0	0	0	0	0	0	0	0	0	0	0	0	0	0	0	0	0
5	79	1993	2.0201919	100	1.2	13.853635	17.796038	88.446747	5.5722437	13.3446	3.4999385	19.837376	17.15016	340.21417	40.097729	126.52422	5.0425296	12.726044	.75	6	1	1	5.5999999	5.1121421	100	6	13.910821	17.625484	85.668159	5.4682856	12.1538	3.2082376	17.917456	120.8333	2.8467644e-13	36.986095	86.878319	4.8516927	.113802	-8	1	1	1	6.5999999	5.4367819	0	0	0	0	1	0	0	0	0	0	0	0	0	0	0	0	0	0	0	0	0	0	0	0	0	0	0	0	0	0	1	0	0	0	0	0	0	0	0	0	0	0	0	0	0	0	0	0	0	0	0	0	0	0	0	0	0	0	0	0	0	0	0	0	0	0	0	0	0	0	0	0	0	0	0	0	0	0	0
6	79	1998	2.6107657	100	3.4000001	13.815511	17.945021	90.123344	5.7144761	14.3742	2.9777505	32.917534	18.328829	603.33984	39.869873	99.970459	6.3561478	2.3965297	1	6	0	1	4.4000001	4.8626719	100	1.2	13.853635	17.796038	88.446747	5.5722437	13.3446	3.4999385	19.837376	122.87272	340.21417	40.097729	126.52422	5.0425296	12.726044	.75	6	1	1	5.5999999	5.1121421	0	0	0	0	0	1	0	0	0	0	0	0	0	0	0	0	0	0	0	0	0	0	0	0	0	0	0	0	0	0	1	0	0	0	0	0	0	0	0	0	0	0	0	0	0	0	0	0	0	0	0	0	0	0	0	0	0	0	0	0	0	0	0	0	0	0	0	0	0	0	0	0	0	0	0	0	0	0	0
7	79	2003	1.5861167	82.890648	0	13.815511	18.074711	87.322968	5.8483191	15.3156	2.8618205	42.530937	6.5668736	279.29529	31.16567	103.05966	7.6105843	3.435586	1	6	0	1	5	4.8675466	100	3.4000001	13.815511	17.945021	90.123344	5.7144761	14.3742	2.9777505	32.917534	123.34758	603.33984	39.869873	99.970459	6.3561478	2.3965297	1	6	0	1	4.4000001	4.8626719	0	0	0	0	0	0	1	0	0	0	0	0	0	0	0	0	0	0	0	0	0	0	0	0	0	0	0	0	0	0	1	0	0	0	0	0	0	0	0	0	0	0	0	0	0	0	0	0	0	0	0	0	0	0	0	0	0	0	0	0	0	0	0	0	0	0	0	0	0	0	0	0	0	0	0	0	0	0	0
4	82	1988	5.5154104	99.154709	0	9.8130159	13.491353	66.408707	4.9166808	40.375801	.46472034	102.59335	10.997499	1128.2703	53.596931	33.798698	5.7629499	5.4478521	1	4.8000002	.60000002	1	5	7.4502468	100	0	9.8130159	13.434285	67.276657	4.5899096	38.221401	2.2982285	90.87133	106.93014	621.66571	52.12468	28.37538	5.8268099	6.228828	9	9	0	1	2	7.4591637	0	0	0	1	0	0	0	0	0	0	0	0	0	0	0	0	0	0	0	0	0	0	0	0	0	0	0	0	0	0	0	1	0	0	0	0	0	0	0	0	0	0	0	0	0	0	0	0	0	0	0	0	0	0	0	0	0	0	0	0	0	0	0	0	0	0	0	0	0	0	0	0	0	0	0	0	0	0	0
8	83	2008	3.418211	71.960793	0	12.624717	15.486956	25.308689	24.978861	83.296799	.76197386	83.003403	1.496575	124.22082	47.767551	40.214981	11.328174	1.7197398	10	10	0	0	1	10.715929	72.063133	0	12.626722	15.46417	26.495062	23.210928	82.616203	0	73.735497	96.732452	250.06976	47.689888	42.937901	10.643261	.9084602	10	10	0	0	1	10.327182	0	0	0	0	0	0	0	1	0	0	0	0	0	0	0	0	0	0	0	0	0	0	0	0	0	0	0	0	0	0	0	0	1	0	0	0	0	0	0	0	0	0	0	0	0	0	0	0	0	0	0	0	0	0	0	0	0	0	0	0	0	0	0	0	0	0	0	0	0	0	0	0	0	0	0	0	0	0	0
8	84	2008	4.1897311	85.734062	0	13.21341	17.974344	28.236656	25.473652	83.759399	.6299603	53.64563	1.4821858	79.512794	51.289398	71.545517	13.870057	1.7894052	9	10	0	1	1	10.598432	86.856987	0	13.213425	17.942593	28.488239	25.056013	79.691002	.65044951	53.046005	98.819221	90.810646	49.222717	62.175179	13.323471	1.963202	9	10	0	1	1	10.234266	0	0	0	0	0	0	0	1	0	0	0	0	0	0	0	0	0	0	0	0	0	0	0	0	0	0	0	0	0	0	0	0	0	1	0	0	0	0	0	0	0	0	0	0	0	0	0	0	0	0	0	0	0	0	0	0	0	0	0	0	0	0	0	0	0	0	0	0	0	0	0	0	0	0	0	0	0	0	0
8	93	2008	.15988173	66.240379	0	12.761795	18.227077	20.681292	30.078335	73.630997	0	86.208755	2.0289814	174.91597	54.40213	71.075478	13.746892	.98604178	10	10	0	1	1	10.592058	66.560318	0	12.762311	18.227077	22.00152	26.687117	73.239799	.0029385835	70.287064	100.47065	124.20052	51.062397	63.384621	13.279296	1.0685964	10	10	0	1	1	10.249834	0	0	0	0	0	0	0	1	0	0	0	0	0	0	0	0	0	0	0	0	0	0	0	0	0	0	0	0	0	0	0	0	0	0	1	0	0	0	0	0	0	0	0	0	0	0	0	0	0	0	0	0	0	0	0	0	0	0	0	0	0	0	0	0	0	0	0	0	0	0	0	0	0	0	0	0	0	0	0
5	94	1993	2.5233178	100	0	12.335081	16.599442	80.566505	5.8409142	38.659801	2.5833333	30.696239	6.883544	211.29892	36.102367	59.719082	6.6460862	27.224581	-1.6	6	1	1	5	6.445785	100	0	12.335081	16.453545	84.397476	5.7228251	35.022999	2.9670329	26.206242	119.78428	417.79999	38.035137	40.28175	6.2943206	34.7542	-7	1	1	1	6.4000001	6.4322171	0	0	0	0	1	0	0	0	0	0	0	0	0	0	0	0	0	0	0	0	0	0	0	0	0	0	0	0	0	0	0	0	0	0	0	1	0	0	0	0	0	0	0	0	0	0	0	0	0	0	0	0	0	0	0	0	0	0	0	0	0	0	0	0	0	0	0	0	0	0	0	0	0	0	0	0	0	0	0
8	96	2008	3.7702472	97.710968	0	11.766792	16.213406	21.530704	27.566879	60.8578	0	56.273357	1.9909738	112.03878	39.7197	118.4194	10.634113	2.7801139	10	10	0	1	1	10.204239	97.945786	0	11.766792	16.213406	21.635225	26.354679	60.084	0	57.428856	95.958115	115.16525	45.956997	100.3144	9.9505768	3.2398	10	10	0	1	1	9.7044239	0	0	0	0	0	0	0	1	0	0	0	0	0	0	0	0	0	0	0	0	0	0	0	0	0	0	0	0	0	0	0	0	0	0	0	0	1	0	0	0	0	0	0	0	0	0	0	0	0	0	0	0	0	0	0	0	0	0	0	0	0	0	0	0	0	0	0	0	0	0	0	0	0	0	0	0	0	0	0
4	101	1988	2.809361	98.078606	5	11.582078	15.955023	88.7033	6.5372701	40.331001	2.4124424	55.485748	29.709316	1648.4436	56.882786	49.630138	6.5144811	22.511326	3	7	1	1	3	6.7129998	97.931465	5	11.582078	15.842965	88.601685	6.1609035	38.451599	2.4500682	49.353813	114.68249	840.67285	49.72628	36.651981	6.5469909	8.5980883	-5.1999998	1.75	1	1	5.4000001	7.0044456	0	0	0	1	0	0	0	0	0	0	0	0	0	0	0	0	0	0	0	0	0	0	0	0	0	0	0	0	0	0	0	0	0	0	0	0	0	1	0	0	0	0	0	0	0	0	0	0	0	0	0	0	0	0	0	0	0	0	0	0	0	0	0	0	0	0	0	0	0	0	0	0	0	0	0	0	0	0	0
5	101	1993	2.9769063	94.64959	5	11.582078	16.072514	87.5756	7.0063829	42.312801	2.3588483	62.826996	10.609163	666.54187	56.53577	39.571018	6.9615502	15.346202	3	7	.60000002	1	3.8	6.9887333	98.078606	5	11.582078	15.955023	88.7033	6.5372701	40.331001	2.4124424	55.485748	119.34345	1648.4436	56.882786	49.630138	6.5144811	22.511326	3	7	1	1	3	6.7129998	0	0	0	0	1	0	0	0	0	0	0	0	0	0	0	0	0	0	0	0	0	0	0	0	0	0	0	0	0	0	0	0	0	0	0	0	0	1	0	0	0	0	0	0	0	0	0	0	0	0	0	0	0	0	0	0	0	0	0	0	0	0	0	0	0	0	0	0	0	0	0	0	0	0	0	0	0	0	0
6	101	1998	2.342598	100	1	11.582078	16.175282	85.651184	7.517633	44.320202	2	64.676292	5.3699808	347.31046	55.581478	27.810925	7.3820529	7.7062898	8	9	1	1	3	7.3140736	94.64959	5	11.582078	16.072514	87.5756	7.0063829	42.312801	2.3588483	62.826996	101.87809	666.54187	56.53577	39.571018	6.9615502	15.346202	3	7	.60000002	1	3.8	6.9887333	0	0	0	0	0	1	0	0	0	0	0	0	0	0	0	0	0	0	0	0	0	0	0	0	0	0	0	0	0	0	0	0	0	0	0	0	0	1	0	0	0	0	0	0	0	0	0	0	0	0	0	0	0	0	0	0	0	0	0	0	0	0	0	0	0	0	0	0	0	0	0	0	0	0	0	0	0	0	0
7	101	2003	2.5634811	100	0	11.582078	16.316425	83.140732	7.9157043	46.354	3.4848485	67.332565	2.3607082	158.95255	55.303345	20.32226	7.8649292	3.7066121	8	9	1	1	3.8	7.5206213	100	1	11.582078	16.175282	85.651184	7.517633	44.320202	2	64.676292	106.06495	347.31046	55.581478	27.810925	7.3820529	7.7062898	8	9	1	1	3	7.3140736	0	0	0	0	0	0	1	0	0	0	0	0	0	0	0	0	0	0	0	0	0	0	0	0	0	0	0	0	0	0	0	0	0	0	0	0	0	1	0	0	0	0	0	0	0	0	0	0	0	0	0	0	0	0	0	0	0	0	0	0	0	0	0	0	0	0	0	0	0	0	0	0	0	0	0	0	0	0	0
8	101	2008	2.7662728	100	0	11.582078	16.424925	78.789215	7.9804697	48.465599	1.5384616	63.603813	3.0815885	196.00078	54.638	22.028561	8.5452757	6.0511599	8	9	1	1	3.4000001	7.8824654	100	0	11.582078	16.316425	83.140732	7.9157043	46.354	3.4848485	67.332565	93.792046	158.95255	55.303345	20.32226	7.8649292	3.7066121	8	9	1	1	3.8	7.5206213	0	0	0	0	0	0	0	1	0	0	0	0	0	0	0	0	0	0	0	0	0	0	0	0	0	0	0	0	0	0	0	0	0	0	0	0	0	1	0	0	0	0	0	0	0	0	0	0	0	0	0	0	0	0	0	0	0	0	0	0	0	0	0	0	0	0	0	0	0	0	0	0	0	0	0	0	0	0	0
4	112	1988	.36441118	59.098579	5.5999999	14.914123	20.546059	66.158569	6.4520121	25.0674	2.209239	14.006076	7.1986704	100.82513	33.30669	43.58392	7.8097854	8.6909838	8	7	0	1	2	5.8455997	58.05048	3.8	14.914123	20.435122	68.357605	6.3343496	23.848	2.190134	14.098086	77.738228	151.62177	33.558113	39.410069	7.6976137	8.5186682	8	7	0	1	2	5.6446967	0	0	0	1	0	0	0	0	0	0	0	0	0	0	0	0	0	0	0	0	0	0	0	0	0	0	0	0	0	0	0	0	0	0	0	0	0	0	1	0	0	0	0	0	0	0	0	0	0	0	0	0	0	0	0	0	0	0	0	0	0	0	0	0	0	0	0	0	0	0	0	0	0	0	0	0	0	0	0
5	112	1993	.31254977	54.330715	6.8000002	14.914123	20.648159	63.040661	6.5810051	26.183001	1.9892482	19.774784	10.362461	204.91544	34.392029	73.261734	8.3281622	10.324294	8.1999998	7.4000001	0	1	3.5999999	5.8122892	59.098579	5.5999999	14.914123	20.546059	66.158569	6.4520121	25.0674	2.209239	14.006076	92.350533	100.82513	33.30669	43.58392	7.8097854	8.6909838	8	7	0	1	2	5.8455997	0	0	0	0	1	0	0	0	0	0	0	0	0	0	0	0	0	0	0	0	0	0	0	0	0	0	0	0	0	0	0	0	0	0	0	0	0	0	1	0	0	0	0	0	0	0	0	0	0	0	0	0	0	0	0	0	0	0	0	0	0	0	0	0	0	0	0	0	0	0	0	0	0	0	0	0	0	0	0
6	112	1998	.37494248	53.606937	5	14.914123	20.738287	58.74641	6.805964	27.243	.82272464	24.311192	8.2311258	200.10847	36.172855	68.890297	9.6323509	5.7549658	9	9	0	1	2	6.0476947	54.330715	6.8000002	14.914123	20.648159	63.040661	6.5810051	26.183001	1.9892482	19.774784	106.36013	204.91544	34.392029	73.261734	8.3281622	10.324294	8.1999998	7.4000001	0	1	3.5999999	5.8122892	0	0	0	0	0	1	0	0	0	0	0	0	0	0	0	0	0	0	0	0	0	0	0	0	0	0	0	0	0	0	0	0	0	0	0	0	0	0	1	0	0	0	0	0	0	0	0	0	0	0	0	0	0	0	0	0	0	0	0	0	0	0	0	0	0	0	0	0	0	0	0	0	0	0	0	0	0	0	0
7	112	2003	.84813839	53.744057	5	14.914123	20.818577	53.828255	7.1474881	28.6078	2	33.109886	4.4604163	147.68388	34.988518	81.624481	10.507072	4.152288	9	9	0	1	2	6.3176994	53.606937	5	14.914123	20.738287	58.74641	6.805964	27.243	.82272464	24.311192	107.08429	200.10847	36.172855	68.890297	9.6323509	5.7549658	9	9	0	1	2	6.0476947	0	0	0	0	0	0	1	0	0	0	0	0	0	0	0	0	0	0	0	0	0	0	0	0	0	0	0	0	0	0	0	0	0	0	0	0	0	0	1	0	0	0	0	0	0	0	0	0	0	0	0	0	0	0	0	0	0	0	0	0	0	0	0	0	0	0	0	0	0	0	0	0	0	0	0	0	0	0	0
4	113	1988	.99847877	87.458878	7	14.403297	19.007849	63.8783	6.2679768	28.785999	2.4264705	42.163944	11.226251	473.34302	35.471931	43.375759	8.4951267	9.1606569	-7	2	0	0	5.1999998	6.3283682	85.308632	7	14.403297	18.902027	70.723129	6.3608179	24.495001	1.3333334	45.123505	173.33733	472.69305	36.383095	21.927561	8.0106936	8.6171522	-7	2	0	0	5	6.4076815	0	0	0	1	0	0	0	0	0	0	0	0	0	0	0	0	0	0	0	0	0	0	0	0	0	0	0	0	0	0	0	0	0	0	0	0	0	0	0	1	0	0	0	0	0	0	0	0	0	0	0	0	0	0	0	0	0	0	0	0	0	0	0	0	0	0	0	0	0	0	0	0	0	0	0	0	0	0	0
5	113	1993	1.3861539	87.414795	3.2	14.403297	19.083052	56.864204	6.4803433	33.566002	1.1111112	48.349945	2.4405532	118.00061	39.067059	38.237862	9.3846426	8.110364	-7	2	0	0	6.5999999	6.7999163	87.458878	7	14.403297	19.007849	63.8783	6.2679768	28.785999	2.4264705	42.163944	92.617958	473.34302	35.471931	43.375759	8.4951267	9.1606569	-7	2	0	0	5.1999998	6.3283682	0	0	0	0	1	0	0	0	0	0	0	0	0	0	0	0	0	0	0	0	0	0	0	0	0	0	0	0	0	0	0	0	0	0	0	0	0	0	0	1	0	0	0	0	0	0	0	0	0	0	0	0	0	0	0	0	0	0	0	0	0	0	0	0	0	0	0	0	0	0	0	0	0	0	0	0	0	0	0
6	113	1998	1.1489437	91.105431	0	14.403297	19.152861	50.029701	6.9282956	39.422798	2.0526316	64.42363	14.635732	942.88696	34.519135	63.493999	10.120823	26.260979	-1.4	4.5999999	0	0	5.4000001	6.7254386	87.414795	3.2	14.403297	19.083052	56.864204	6.4803433	33.566002	1.1111112	48.349945	88.68792	118.00061	39.067059	38.237862	9.3846426	8.110364	-7	2	0	0	6.5999999	6.7999163	0	0	0	0	0	1	0	0	0	0	0	0	0	0	0	0	0	0	0	0	0	0	0	0	0	0	0	0	0	0	0	0	0	0	0	0	0	0	0	1	0	0	0	0	0	0	0	0	0	0	0	0	0	0	0	0	0	0	0	0	0	0	0	0	0	0	0	0	0	0	0	0	0	0	0	0	0	0	0
7	113	2003	.80323678	100	0	14.403297	19.218029	44.971985	7.5149097	44.362999	.95238096	61.247677	2.6794932	164.11273	35.897133	62.130699	9.6074886	9.7123423	6.8000002	8.3999996	.2	0	2.8	6.9095426	91.105431	0	14.403297	19.152861	50.029701	6.9282956	39.422798	2.0526316	64.42363	88.90274	942.88696	34.519135	63.493999	10.120823	26.260979	-1.4	4.5999999	0	0	5.4000001	6.7254386	0	0	0	0	0	0	1	0	0	0	0	0	0	0	0	0	0	0	0	0	0	0	0	0	0	0	0	0	0	0	0	0	0	0	0	0	0	0	0	1	0	0	0	0	0	0	0	0	0	0	0	0	0	0	0	0	0	0	0	0	0	0	0	0	0	0	0	0	0	0	0	0	0	0	0	0	0	0	0
8	116	2008	5.0576358	91.892303	0	11.140266	15.287707	30.821611	16.763935	61.329601	1.8402966	161.63548	1.3528607	218.67029	40.894489	50.818661	12.234745	-.63050002	10	10	0	0	1	10.89273	91.14151	0	11.140266	15.206374	30.757744	16.301739	59.944599	2.0269413	161.40881	100.27946	223.21698	41.880947	31.10774	12.097045	3.985146	10	10	0	0	1	10.534817	0	0	0	0	0	0	0	1	0	0	0	0	0	0	0	0	0	0	0	0	0	0	0	0	0	0	0	0	0	0	0	0	0	0	0	0	0	0	0	0	1	0	0	0	0	0	0	0	0	0	0	0	0	0	0	0	0	0	0	0	0	0	0	0	0	0	0	0	0	0	0	0	0	0	0	0	0	0	0
8	119	2008	3.5392981	82.845886	0	12.591811	17.906439	21.343733	30.437458	67.967201	.34482759	54.969227	1.9941353	109.61607	44.215855	110.326	12.728108	1.8183622	10	10	0	1	1	10.46102	81.38414	0	12.59177	17.872416	21.229797	28.672873	67.441597	.3508772	50.42683	103.45896	71.128822	45.008194	105.7468	12.030114	2.68277	10	10	0	1	1	10.130092	0	0	0	0	0	0	0	1	0	0	0	0	0	0	0	0	0	0	0	0	0	0	0	0	0	0	0	0	0	0	0	0	0	0	0	0	0	0	0	0	0	1	0	0	0	0	0	0	0	0	0	0	0	0	0	0	0	0	0	0	0	0	0	0	0	0	0	0	0	0	0	0	0	0	0	0	0	0	0
4	123	1988	4.1271124	100	0	11.387815	14.957995	95.690178	7.5676208	69.841003	4.2487288	115.78963	5.7723904	668.383	38.819405	219.73399	6.5687742	8.427	-7	3	1	1	5.1999998	7.4243841	100	0	11.387815	14.769539	98.270859	7.8079281	63.730999	3.4119895	125.99454	86.816353	294.08511	36.724289	38.074799	6.3584733	5.8276548	-9.6000004	1	1	1	5.5999999	7.5068054	0	0	0	1	0	0	0	0	0	0	0	0	0	0	0	0	0	0	0	0	0	0	0	0	0	0	0	0	0	0	0	0	0	0	0	0	0	0	0	0	0	0	1	0	0	0	0	0	0	0	0	0	0	0	0	0	0	0	0	0	0	0	0	0	0	0	0	0	0	0	0	0	0	0	0	0	0	0	0
5	123	1993	4.7388687	100	0	11.387815	15.199294	81.065903	6.2251506	75.910599	5.6123843	130.07671	5.519084	717.90424	45.526192	145.6976	6.5200448	3.9289939	-2.4000001	8.3999996	1	1	3.8	7.2359366	100	0	11.387815	14.957995	95.690178	7.5676208	69.841003	4.2487288	115.78963	97.479897	668.383	38.819405	219.73399	6.5687742	8.427	-7	3	1	1	5.1999998	7.4243841	0	0	0	0	1	0	0	0	0	0	0	0	0	0	0	0	0	0	0	0	0	0	0	0	0	0	0	0	0	0	0	0	0	0	0	0	0	0	0	0	0	0	1	0	0	0	0	0	0	0	0	0	0	0	0	0	0	0	0	0	0	0	0	0	0	0	0	0	0	0	0	0	0	0	0	0	0	0	0
6	123	1998	4.9796052	100	0	11.387815	15.358496	71.34935	5.7572474	79.230797	2.7111821	115.19942	5.4923506	632.71558	39.025131	107.695	7.3687253	1.700487	-2	9	1	1	4	7.4092836	100	0	11.387815	15.199294	81.065903	6.2251506	75.910599	5.6123843	130.07671	108.40385	717.90424	45.526192	145.6976	6.5200448	3.9289939	-2.4000001	8.3999996	1	1	3.8	7.2359366	0	0	0	0	0	1	0	0	0	0	0	0	0	0	0	0	0	0	0	0	0	0	0	0	0	0	0	0	0	0	0	0	0	0	0	0	0	0	0	0	0	0	1	0	0	0	0	0	0	0	0	0	0	0	0	0	0	0	0	0	0	0	0	0	0	0	0	0	0	0	0	0	0	0	0	0	0	0	0
7	123	2003	4.9272232	100	0	11.387815	15.444366	64.692993	5.9861312	80.629402	2.3868039	124.11362	6.979001	866.18909	40.371578	94.393661	8.691781	1.7867264	-2	9	1	1	5.1999998	7.625474	100	0	11.387815	15.358496	71.34935	5.7572474	79.230797	2.7111821	115.19942	108.12128	632.71558	39.025131	107.695	7.3687253	1.700487	-2	9	1	1	4	7.4092836	0	0	0	0	0	0	1	0	0	0	0	0	0	0	0	0	0	0	0	0	0	0	0	0	0	0	0	0	0	0	0	0	0	0	0	0	0	0	0	0	0	0	1	0	0	0	0	0	0	0	0	0	0	0	0	0	0	0	0	0	0	0	0	0	0	0	0	0	0	0	0	0	0	0	0	0	0	0	0
8	123	2008	4.2120109	96.73671	0	11.390256	15.579387	63.518909	6.4817977	81.954597	2.1323309	132.27498	17.870972	2363.8823	39.367809	68.331779	9.8323708	9.364974	-2.8	8.1999998	1	1	5.4000001	8.1603222	100	0	11.387815	15.444366	64.692993	5.9861312	80.629402	2.3868039	124.11362	90.901749	866.18909	40.371578	94.393661	8.691781	1.7867264	-2	9	1	1	5.1999998	7.625474	0	0	0	0	0	0	0	1	0	0	0	0	0	0	0	0	0	0	0	0	0	0	0	0	0	0	0	0	0	0	0	0	0	0	0	0	0	0	0	0	0	0	1	0	0	0	0	0	0	0	0	0	0	0	0	0	0	0	0	0	0	0	0	0	0	0	0	0	0	0	0	0	0	0	0	0	0	0	0
4	125	1988	3.8554168	95.151093	0	13.251882	16.895967	103.70297	5.7542844	16.4804	2.8614719	40.515968	5.6120806	227.37888	61.957531	45.929001	6.6188164	8.1950998	-7	1	1	1	6	6.1720243	95.018745	0	13.251882	16.726336	106.24275	6.1866407	15.8806	4.5902133	42.224461	82.163284	223.62155	68.352135	34.745178	6.410388	10.556036	-6.8000002	1.2	1	1	5.4000001	6.099648	0	0	0	1	0	0	0	0	0	0	0	0	0	0	0	0	0	0	0	0	0	0	0	0	0	0	0	0	0	0	0	0	0	0	0	0	0	0	0	0	0	0	0	1	0	0	0	0	0	0	0	0	0	0	0	0	0	0	0	0	0	0	0	0	0	0	0	0	0	0	0	0	0	0	0	0	0	0	0
5	125	1993	3.4953125	95.835495	0	13.251882	17.06485	95.639442	5.4303184	17.657	3.2721293	51.911682	12.964452	673.00653	53.043282	67.894058	6.8681083	17.07304	-5	3	1	1	5.5999999	5.9176569	95.151093	0	13.251882	16.895967	103.70297	5.7542844	16.4804	2.8614719	40.515968	78.786743	227.37888	61.957531	45.929001	6.6188164	8.1950998	-7	1	1	1	6	6.1720243	0	0	0	0	1	0	0	0	0	0	0	0	0	0	0	0	0	0	0	0	0	0	0	0	0	0	0	0	0	0	0	0	0	0	0	0	0	0	0	0	0	0	0	1	0	0	0	0	0	0	0	0	0	0	0	0	0	0	0	0	0	0	0	0	0	0	0	0	0	0	0	0	0	0	0	0	0	0	0
6	125	1998	4.2951832	100	0	13.251882	17.202686	86.686958	5.3234186	19.2404	2.8113482	50.914257	6.7712641	344.75388	51.185928	54.576439	7.163578	14.125838	-2.5999999	7	1	1	6.1999998	6.0717134	95.835495	0	13.251882	17.06485	95.639442	5.4303184	17.657	3.2721293	51.911682	93.141441	673.00653	53.043282	67.894058	6.8681083	17.07304	-5	3	1	1	5.5999999	5.9176569	0	0	0	0	0	1	0	0	0	0	0	0	0	0	0	0	0	0	0	0	0	0	0	0	0	0	0	0	0	0	0	0	0	0	0	0	0	0	0	0	0	0	0	1	0	0	0	0	0	0	0	0	0	0	0	0	0	0	0	0	0	0	0	0	0	0	0	0	0	0	0	0	0	0	0	0	0	0	0
7	125	2003	5.2504535	98.537704	0	13.251882	17.341005	80.19175	5.1635408	20.9618	3.0358858	57.84288	2.1967404	127.06579	49.131241	55.569	7.4134712	4.1460252	6	8.8000002	1	1	3.8	6.0974269	100	0	13.251882	17.202686	86.686958	5.3234186	19.2404	2.8113482	50.914257	106.05059	344.75388	51.185928	54.576439	7.163578	14.125838	-2.5999999	7	1	1	6.1999998	6.0717134	0	0	0	0	0	0	1	0	0	0	0	0	0	0	0	0	0	0	0	0	0	0	0	0	0	0	0	0	0	0	0	0	0	0	0	0	0	0	0	0	0	0	0	1	0	0	0	0	0	0	0	0	0	0	0	0	0	0	0	0	0	0	0	0	0	0	0	0	0	0	0	0	0	0	0	0	0	0	0
5	136	1993	11.64089	100	0	10.320881	14.369002	83.595909	8.3713989	15.7598	2.4264705	141.12668	5.1530657	727.23505	62.045296	77.735748	4.8756027	12.344764	2	4.5999999	.60000002	1	4.5999999	6.0428209	100	0	10.320881	14.272607	85.666199	8.0682621	13.081	1.3333334	141.61945	91.590157	2249.7844	60.813839	85.141121	3.746017	14.8972	-7	1	1	1	5.5999999	5.5551376	0	0	0	0	1	0	0	0	0	0	0	0	0	0	0	0	0	0	0	0	0	0	0	0	0	0	0	0	0	0	0	0	0	0	0	0	0	0	0	0	0	0	0	0	1	0	0	0	0	0	0	0	0	0	0	0	0	0	0	0	0	0	0	0	0	0	0	0	0	0	0	0	0	0	0	0	0	0	0
6	136	1998	13.232026	100	0	10.320881	14.45681	78.352592	8.3123035	18.7652	1.1111112	172.76833	.42189962	72.890892	61.518963	88.35318	6.9960785	7.900692	4.4000001	7	0	1	4	6.0554976	100	0	10.320881	14.369002	83.595909	8.3713989	15.7598	2.4264705	141.12668	97.905869	727.23505	62.045296	77.735748	4.8756027	12.344764	2	4.5999999	.60000002	1	4.5999999	6.0428209	0	0	0	0	0	1	0	0	0	0	0	0	0	0	0	0	0	0	0	0	0	0	0	0	0	0	0	0	0	0	0	0	0	0	0	0	0	0	0	0	0	0	0	0	1	0	0	0	0	0	0	0	0	0	0	0	0	0	0	0	0	0	0	0	0	0	0	0	0	0	0	0	0	0	0	0	0	0	0
7	136	2003	16.515217	99.931732	0	10.320881	14.518415	72.825935	8.0638189	21.954399	0	191.12596	6.839457	1307.1978	52.756508	83.822258	7.3313789	7.1987462	7.5999999	7	0	1	2.4000001	6.1456337	100	0	10.320881	14.45681	78.352592	8.3123035	18.7652	1.1111112	172.76833	99.811317	72.890892	61.518963	88.35318	6.9960785	7.900692	4.4000001	7	0	1	4	6.0554976	0	0	0	0	0	0	1	0	0	0	0	0	0	0	0	0	0	0	0	0	0	0	0	0	0	0	0	0	0	0	0	0	0	0	0	0	0	0	0	0	0	0	0	0	1	0	0	0	0	0	0	0	0	0	0	0	0	0	0	0	0	0	0	0	0	0	0	0	0	0	0	0	0	0	0	0	0	0	0
8	137	2008	1.3788463	100	0	11.475431	15.110773	80.75441	5.1270175	47.101002	3.9303253	111.7037	7.9176702	884.43304	43.831108	310.42566	8.2192955	11.344724	6	8	1	1	3	5.504631	100	.60000002	11.475431	14.926808	80.363617	4.8970866	45.362999	2.6264832	71.605835	108.49427	403.66415	40.9883	428.54221	7.9511395	5.1244078	1.8	6	.60000002	.40000001	5.4000001	5.1528273	0	0	0	0	0	0	0	1	0	0	0	0	0	0	0	0	0	0	0	0	0	0	0	0	0	0	0	0	0	0	0	0	0	0	0	0	0	0	0	0	0	0	0	0	0	1	0	0	0	0	0	0	0	0	0	0	0	0	0	0	0	0	0	0	0	0	0	0	0	0	0	0	0	0	0	0	0	0	0
5	143	1993	2.4036701	100	0	13.273435	16.332434	84.977768	6.0087118	24.903999	1.6666666	46.338387	3.9311314	182.16228	44.747894	142.343	4.774682	25.231501	7.5999999	9	1	1	2.8	5.5017118	100	0	13.273435	16.175282	86.304459	6.2408376	22.5128	3.8181818	36.905643	90.453316	579.35651	45.690639	154.53525	3.8859684	16.35792	-6	2	1	1	4.8000002	5.5540199	0	0	0	0	1	0	0	0	0	0	0	0	0	0	0	0	0	0	0	0	0	0	0	0	0	0	0	0	0	0	0	0	0	0	0	0	0	0	0	0	0	0	0	0	0	0	1	0	0	0	0	0	0	0	0	0	0	0	0	0	0	0	0	0	0	0	0	0	0	0	0	0	0	0	0	0	0	0	0
6	143	1998	1.7773867	100	0	13.273435	16.482164	86.739014	6.0355549	26.591	4.3003664	55.417686	7.3237448	405.86499	41.49905	129.5032	5.3190956	10.103406	7.5999999	9	1	1	2	5.5662599	100	0	13.273435	16.332434	84.977768	6.0087118	24.903999	1.6666666	46.338387	74.413254	182.16228	44.747894	142.343	4.774682	25.231501	7.5999999	9	1	1	2.8	5.5017118	0	0	0	0	0	1	0	0	0	0	0	0	0	0	0	0	0	0	0	0	0	0	0	0	0	0	0	0	0	0	0	0	0	0	0	0	0	0	0	0	0	0	0	0	0	0	1	0	0	0	0	0	0	0	0	0	0	0	0	0	0	0	0	0	0	0	0	0	0	0	0	0	0	0	0	0	0	0	0
7	143	2003	3.2789135	100	0	13.273435	16.635906	86.632149	6.0605497	28.136801	2.4264705	64.918411	5.8449936	379.44769	46.223564	101.43416	6.192873	11.582916	7	9	1	1	2.8	5.6404862	100	0	13.273435	16.482164	86.739014	6.0355549	26.591	4.3003664	55.417686	89.777229	405.86499	41.49905	129.5032	5.3190956	10.103406	7.5999999	9	1	1	2	5.5662599	0	0	0	0	0	0	1	0	0	0	0	0	0	0	0	0	0	0	0	0	0	0	0	0	0	0	0	0	0	0	0	0	0	0	0	0	0	0	0	0	0	0	0	0	0	0	1	0	0	0	0	0	0	0	0	0	0	0	0	0	0	0	0	0	0	0	0	0	0	0	0	0	0	0	0	0	0	0	0
4	144	1988	1.9683656	100	0	11.454024	15.962276	91.600937	5.0688186	11.0012	5.1929846	45.031544	7.3247004	329.84256	68.438148	103.10522	5.3368759	18.899059	-9	1	1	1	6.4000001	5.4305363	95.474632	0	11.454024	15.731362	94.791695	5.0724649	9.7178001	3.3258569	44.996563	187.92427	567.60156	69.868752	78.244797	5.1285167	11.800338	-9	1	1	1	6	5.4858418	0	0	0	1	0	0	0	0	0	0	0	0	0	0	0	0	0	0	0	0	0	0	0	0	0	0	0	0	0	0	0	0	0	0	0	0	0	0	0	0	0	0	0	0	0	0	0	1	0	0	0	0	0	0	0	0	0	0	0	0	0	0	0	0	0	0	0	0	0	0	0	0	0	0	0	0	0	0	0
4	145	1988	3.9114699	84.142181	0	12.702444	16.659462	64.045654	6.1357126	48.233601	2.4264705	116.23418	10.035461	1166.4636	47.021152	97.671898	8.9291201	1.756318	4	6	0	1	4	7.694006	96.137764	0	12.702444	16.522671	66.54705	6.2339339	44.353401	2.7619047	100.0918	72.778099	1028.5592	59.322937	71.365936	8.7479057	2.56304	4	6	0	1	3	7.6568656	0	0	0	1	0	0	0	0	0	0	0	0	0	0	0	0	0	0	0	0	0	0	0	0	0	0	0	0	0	0	0	0	0	0	0	0	0	0	0	0	0	0	0	0	0	0	0	0	1	0	0	0	0	0	0	0	0	0	0	0	0	0	0	0	0	0	0	0	0	0	0	0	0	0	0	0	0	0	0
5	145	1993	4.225667	82.55732	0	12.702444	16.800484	60.537128	6.0947676	53.330399	3.1637428	155.47279	.66473138	103.34765	46.101658	55.674721	9.8705845	3.51141	3.8	6	0	1	4.4000001	8.1997633	84.142181	0	12.702444	16.659462	64.045654	6.1357126	48.233601	2.4264705	116.23418	89.731117	1166.4636	47.021152	97.671898	8.9291201	1.756318	4	6	0	1	4	7.694006	0	0	0	0	1	0	0	0	0	0	0	0	0	0	0	0	0	0	0	0	0	0	0	0	0	0	0	0	0	0	0	0	0	0	0	0	0	0	0	0	0	0	0	0	0	0	0	0	1	0	0	0	0	0	0	0	0	0	0	0	0	0	0	0	0	0	0	0	0	0	0	0	0	0	0	0	0	0	0
7	145	2003	6.2458463	94.579735	0	12.702444	17.04191	51.582932	6.4762492	65.3358	2.5028985	195.95184	1.0297499	201.78139	40.298409	43.925739	10.592957	3.9436159	3	6	0	1	4.5999999	8.4470263	88.055107	0	12.702444	16.91503	55.228634	6.0514002	59.461399	1.8614719	189.43867	107.07719	928.21423	45.564854	35.04142	10.318417	4.9123716	3	6	0	1	4.5999999	8.3547678	0	0	0	0	0	0	1	0	0	0	0	0	0	0	0	0	0	0	0	0	0	0	0	0	0	0	0	0	0	0	0	0	0	0	0	0	0	0	0	0	0	0	0	0	0	0	0	0	1	0	0	0	0	0	0	0	0	0	0	0	0	0	0	0	0	0	0	0	0	0	0	0	0	0	0	0	0	0	0
4	152	1988	2.7985635	99.156296	0	7.6157908	13.834573	46.39222	6.6397991	43.27	2	130.96831	3.889961	509.46161	45.814316	53.8195	4.4455504	10.598532	10	10	0	1	2	7.5732145	100	0	7.6157908	13.807221	52.097206	6.2146258	42.3354	.69592375	98.319626	80.365646	162.33687	48.976788	63.57848	3.1330955	8.7658062	9.8000002	9.8000002	0	1	2	7.0182061	0	0	0	1	0	0	0	0	0	0	0	0	0	0	0	0	0	0	0	0	0	0	0	0	0	0	0	0	0	0	0	0	0	0	0	0	0	0	0	0	0	0	0	0	0	0	0	0	0	1	0	0	0	0	0	0	0	0	0	0	0	0	0	0	0	0	0	0	0	0	0	0	0	0	0	0	0	0	0
5	152	1993	3.4314511	95.408318	0	7.6157908	13.910821	42.776096	7.1508589	43.530399	0	122.9836	2.4607787	302.63541	45.358845	48.50106	5.3314548	7.0197058	10	10	0	1	1.2	8.028636	99.156296	0	7.6157908	13.834573	46.39222	6.6397991	43.27	2	130.96831	93.198532	509.46161	45.814316	53.8195	4.4455504	10.598532	10	10	0	1	2	7.5732145	0	0	0	0	1	0	0	0	0	0	0	0	0	0	0	0	0	0	0	0	0	0	0	0	0	0	0	0	0	0	0	0	0	0	0	0	0	0	0	0	0	0	0	0	0	0	0	0	0	1	0	0	0	0	0	0	0	0	0	0	0	0	0	0	0	0	0	0	0	0	0	0	0	0	0	0	0	0	0
6	152	1998	3.6886897	96.222809	0	7.6157908	13.997832	40.266445	8.0212269	42.9156	1.8181819	127.78518	3.8910172	497.21432	51.347389	47.797024	5.8802009	5.2913518	10	10	0	1	1	8.2262764	95.408318	0	7.6157908	13.910821	42.776096	7.1508589	43.530399	0	122.9836	91.117859	302.63541	45.358845	48.50106	5.3314548	7.0197058	10	10	0	1	1.2	8.028636	0	0	0	0	0	1	0	0	0	0	0	0	0	0	0	0	0	0	0	0	0	0	0	0	0	0	0	0	0	0	0	0	0	0	0	0	0	0	0	0	0	0	0	0	0	0	0	0	0	1	0	0	0	0	0	0	0	0	0	0	0	0	0	0	0	0	0	0	0	0	0	0	0	0	0	0	0	0	0
7	152	2003	3.5821042	98.769501	0	7.6157908	14.013841	37.511829	8.6639509	42.375999	0	118.28712	4.9681802	587.67169	47.536617	52.035561	6.5017147	5.803596	10	10	0	1	1	8.422534	96.222809	0	7.6157908	13.997832	40.266445	8.0212269	42.9156	1.8181819	127.78518	94.634163	497.21432	51.347389	47.797024	5.8802009	5.2913518	10	10	0	1	1	8.2262764	0	0	0	0	0	0	1	0	0	0	0	0	0	0	0	0	0	0	0	0	0	0	0	0	0	0	0	0	0	0	0	0	0	0	0	0	0	0	0	0	0	0	0	0	0	0	0	0	0	1	0	0	0	0	0	0	0	0	0	0	0	0	0	0	0	0	0	0	0	0	0	0	0	0	0	0	0	0	0
8	152	2008	3.3717005	98.816467	0	7.6157908	14.077875	32.751663	9.2396231	41.9394	1.6666666	119.81816	5.9523816	713.20343	39.179001	48.178341	9.1432562	5.3987284	10	10	0	1	1	8.7936859	98.769501	0	7.6157908	14.013841	37.511829	8.6639509	42.375999	0	118.28712	97.972618	587.67169	47.536617	52.035561	6.5017147	5.803596	10	10	0	1	1	8.422534	0	0	0	0	0	0	0	1	0	0	0	0	0	0	0	0	0	0	0	0	0	0	0	0	0	0	0	0	0	0	0	0	0	0	0	0	0	0	0	0	0	0	0	0	0	0	0	0	0	1	0	0	0	0	0	0	0	0	0	0	0	0	0	0	0	0	0	0	0	0	0	0	0	0	0	0	0	0	0
4	154	1988	2.1168132	88.888794	0	14.457364	18.209562	71.157684	7.4387221	70.431396	1.9737209	34.829628	10.593511	368.96805	48.372726	68.463676	9.7611046	76.128639	-1.2	6.5999999	1	1	3.8	7.8301554	87.168167	0	14.457364	18.108278	80.904564	7.3574963	67.905602	2.190134	28.408022	226.05574	1473.1105	48.050426	52.712524	9.1848383	58.64732	-3	6	1	1	3.2	7.9840746	0	0	0	1	0	0	0	0	0	0	0	0	0	0	0	0	0	0	0	0	0	0	0	0	0	0	0	0	0	0	0	0	0	0	0	0	0	0	0	0	0	0	0	0	0	0	0	0	0	0	1	0	0	0	0	0	0	0	0	0	0	0	0	0	0	0	0	0	0	0	0	0	0	0	0	0	0	0	0
5	154	1993	3.1547585	73.22422	0	14.457364	18.306105	62.87664	7.8408737	72.588402	2.0116549	36.844753	2.2521117	82.9785	50.940063	39.5033	10.516129	22.311213	1.6	7	1	1	4	8.37922	88.888794	0	14.457364	18.209562	71.157684	7.4387221	70.431396	1.9737209	34.829628	101.07641	368.96805	48.372726	68.463676	9.7611046	76.128639	-1.2	6.5999999	1	1	3.8	7.8301554	0	0	0	0	1	0	0	0	0	0	0	0	0	0	0	0	0	0	0	0	0	0	0	0	0	0	0	0	0	0	0	0	0	0	0	0	0	0	0	0	0	0	0	0	0	0	0	0	0	0	1	0	0	0	0	0	0	0	0	0	0	0	0	0	0	0	0	0	0	0	0	0	0	0	0	0	0	0	0
6	154	1998	3.2254343	68.271866	0	14.457364	18.389946	56.318523	8.3840084	74.180397	1.035444	57.134876	2.3015358	131.49797	50.220074	45.630402	11.278131	18.126341	6	8.1999998	1	1	3	8.5020857	73.22422	0	14.457364	18.306105	62.87664	7.8408737	72.588402	2.0116549	36.844753	96.208908	82.9785	50.940063	39.5033	10.516129	22.311213	1.6	7	1	1	4	8.37922	0	0	0	0	0	1	0	0	0	0	0	0	0	0	0	0	0	0	0	0	0	0	0	0	0	0	0	0	0	0	0	0	0	0	0	0	0	0	0	0	0	0	0	0	0	0	0	0	0	0	1	0	0	0	0	0	0	0	0	0	0	0	0	0	0	0	0	0	0	0	0	0	0	0	0	0	0	0	0
4	161	1988	3.7160771	100	2.4000001	13.008747	16.984705	72.909851	6.9236054	46.946201	2.6119895	52.963001	4.4064436	233.37848	37.80571	105.1272	6.8393469	5.8015318	-8	2	1	1	4	6.8956056	100	3	13.008747	16.868883	77.26265	7.6005535	43.351398	1.9523809	57.286133	82.647522	253.0365	46.134834	94.67028	6.3116231	8.255806	-8	2	1	1	4	6.6054544	0	0	0	1	0	0	0	0	0	0	0	0	0	0	0	0	0	0	0	0	0	0	0	0	0	0	0	0	0	0	0	0	0	0	0	0	0	0	0	0	0	0	0	0	0	0	0	0	0	0	0	1	0	0	0	0	0	0	0	0	0	0	0	0	0	0	0	0	0	0	0	0	0	0	0	0	0	0	0
5	161	1993	4.8179612	100	0	13.008747	17.080858	66.680183	7.1661444	50.371601	1.5692308	53.139187	4.6467671	246.92543	39.107727	86.291344	7.954772	4.8255038	-7.1999998	2	1	1	5.1999998	7.1316276	100	2.4000001	13.008747	16.984705	72.909851	6.9236054	46.946201	2.6119895	52.963001	86.372086	233.37848	37.80571	105.1272	6.8393469	5.8015318	-8	2	1	1	4	6.8956056	0	0	0	0	1	0	0	0	0	0	0	0	0	0	0	0	0	0	0	0	0	0	0	0	0	0	0	0	0	0	0	0	0	0	0	0	0	0	0	0	0	0	0	0	0	0	0	0	0	0	0	1	0	0	0	0	0	0	0	0	0	0	0	0	0	0	0	0	0	0	0	0	0	0	0	0	0	0	0
6	161	1998	4.8366098	100	0	13.008747	17.147459	58.179211	7.5591631	52.677799	1.4550265	54.535892	6.0299249	328.84732	40.113487	74.303596	8.7262678	3.0695641	-6.4000001	2.5999999	1	1	5	7.2362485	100	0	13.008747	17.080858	66.680183	7.1661444	50.371601	1.5692308	53.139187	87.549522	246.92543	39.107727	86.291344	7.954772	4.8255038	-7.1999998	2	1	1	5.1999998	7.1316276	0	0	0	0	0	1	0	0	0	0	0	0	0	0	0	0	0	0	0	0	0	0	0	0	0	0	0	0	0	0	0	0	0	0	0	0	0	0	0	0	0	0	0	0	0	0	0	0	0	0	0	1	0	0	0	0	0	0	0	0	0	0	0	0	0	0	0	0	0	0	0	0	0	0	0	0	0	0	0
6	164	1998	8.1860981	100	0	13.621064	14.413492	73.624168	6.0472207	31.349001	2.2875817	91.410416	3.6902752	337.32959	65.970596	21.31946	7.3381548	9.851512	6	9	1	0	2	7.6981916	100	0	13.621064	14.271824	78.846542	6.2449484	28.950199	4.0119047	97.886063	80.220467	534.98438	68.402283	18.542433	7.4909329	10.444088	6	9	.2	0	2	7.6857958	0	0	0	0	0	1	0	0	0	0	0	0	0	0	0	0	0	0	0	0	0	0	0	0	0	0	0	0	0	0	0	0	0	0	0	0	0	0	0	0	0	0	0	0	0	0	0	0	0	0	0	0	1	0	0	0	0	0	0	0	0	0	0	0	0	0	0	0	0	0	0	0	0	0	0	0	0	0	0
7	164	2003	6.8456779	100	0	13.621064	14.508157	69.250969	5.9630241	33.974998	1.0526316	88.287178	2.3971601	211.6385	65.064415	25.245899	7.6398802	6.0856061	6	9	1	0	2	7.7997136	100	0	13.621064	14.413492	73.624168	6.0472207	31.349001	2.2875817	91.410416	94.406807	337.32959	65.970596	21.31946	7.3381548	9.851512	6	9	1	0	2	7.6981916	0	0	0	0	0	0	1	0	0	0	0	0	0	0	0	0	0	0	0	0	0	0	0	0	0	0	0	0	0	0	0	0	0	0	0	0	0	0	0	0	0	0	0	0	0	0	0	0	0	0	0	0	1	0	0	0	0	0	0	0	0	0	0	0	0	0	0	0	0	0	0	0	0	0	0	0	0	0	0
8	167	2008	4.6297693	89.190117	0	10.426677	16.624474	26.795153	21.851635	81.717003	1.25	140.15427	1.6704654	234.12285	49.336761	55.065361	13.361228	1.3333036	10	10	0	0	1	10.76238	88.181664	0	10.427032	16.588099	27.410679	20.420481	78.8228	0	125.28268	98.823235	205.49226	47.305305	51.484482	12.918883	2.8527882	10	10	0	0	1	10.37402	0	0	0	0	0	0	0	1	0	0	0	0	0	0	0	0	0	0	0	0	0	0	0	0	0	0	0	0	0	0	0	0	0	0	0	0	0	0	0	0	0	0	0	0	0	0	0	0	0	0	0	0	0	1	0	0	0	0	0	0	0	0	0	0	0	0	0	0	0	0	0	0	0	0	0	0	0	0	0
8	171	2008	5.8369741	92.786407	0	12.481088	15.269311	31.331301	18.839739	86.137199	1.4291116	58.693756	6.8209896	400.34949	44.2505	23.018539	11.047417	3.157294	10	10	0	1	1	10.298279	90.465904	0	12.481088	15.206618	33.386333	17.987024	85.902	1.0128205	60.029163	106.07043	217.38054	45.785118	25.722176	10.52515	2.3356068	10	10	0	1	1	9.8927546	0	0	0	0	0	0	0	1	0	0	0	0	0	0	0	0	0	0	0	0	0	0	0	0	0	0	0	0	0	0	0	0	0	0	0	0	0	0	0	0	0	0	0	0	0	0	0	0	0	0	0	0	0	0	1	0	0	0	0	0	0	0	0	0	0	0	0	0	0	0	0	0	0	0	0	0	0	0	0
4	174	1988	.51694864	100	0	13.722046	18.345228	86.684235	6.0787816	33.903999	2.7078466	42.819477	9.9883909	427.69766	44.577126	131.6468	8.901166	31.25625	-6.1999998	1.8	1	1	5.8000002	5.8896666	100	0	13.722046	18.221634	85.500397	5.9706602	30.535	2.5674818	32.517586	161.76649	596.86517	44.869007	51.40258	8.5009155	11.173116	1.4	4	1	.40000001	4	6.9112186	0	0	0	1	0	0	0	0	0	0	0	0	0	0	0	0	0	0	0	0	0	0	0	0	0	0	0	0	0	0	0	0	0	0	0	0	0	0	0	0	0	0	0	0	0	0	0	0	0	0	0	0	0	0	0	1	0	0	0	0	0	0	0	0	0	0	0	0	0	0	0	0	0	0	0	0	0	0	0
8	178	2008	1.9146727	79.614601	0	12.627245	15.379829	28.769156	21.947754	78.457199	1.2769812	72.3452	10.293211	744.66443	42.48708	56.852341	11.789412	4.7334561	10	10	0	0	1	11.320476	79.39859	0	12.625704	15.332775	30.430285	22.782816	76.926399	.44444445	70.665916	100.35068	947.65643	46.48204	45.127041	10.903142	3.5377281	10	10	0	0	1	10.808039	0	0	0	0	0	0	0	1	0	0	0	0	0	0	0	0	0	0	0	0	0	0	0	0	0	0	0	0	0	0	0	0	0	0	0	0	0	0	0	0	0	0	0	0	0	0	0	0	0	0	0	0	0	0	0	0	1	0	0	0	0	0	0	0	0	0	0	0	0	0	0	0	0	0	0	0	0	0	0
6	180	1998	.17988968	100	0	13.555288	18.72751	78.534378	7.2205911	32.617199	1.5384616	28.831533	12.786382	368.651	32.059261	77.541039	8.4847145	12.007328	2	5	.2	1	5	6.2570624	100	0	13.555288	18.601608	82.839264	7.2534919	31.332001	3.4848485	30.115591	108.84271	178.42152	39.479137	75.884903	7.7581058	11.715774	8	7	0	1	3.4000001	6.2063956	0	0	0	0	0	1	0	0	0	0	0	0	0	0	0	0	0	0	0	0	0	0	0	0	0	0	0	0	0	0	0	0	0	0	0	0	0	0	0	0	0	0	0	0	0	0	0	0	0	0	0	0	0	0	0	0	0	1	0	0	0	0	0	0	0	0	0	0	0	0	0	0	0	0	0	0	0	0	0
7	180	2003	.24900682	100	1.6	13.555288	18.851961	69.732147	7.1191592	33.943802	2.7619047	31.861414	9.5072498	302.91443	32.020378	75.19236	8.8697824	5.9136739	-5.1999998	2	1	1	6	6.3234	100	0	13.555288	18.72751	78.534378	7.2205911	32.617199	1.5384616	28.831533	118.3615	368.651	32.059261	77.541039	8.4847145	12.007328	2	5	.2	1	5	6.2570624	0	0	0	0	0	0	1	0	0	0	0	0	0	0	0	0	0	0	0	0	0	0	0	0	0	0	0	0	0	0	0	0	0	0	0	0	0	0	0	0	0	0	0	0	0	0	0	0	0	0	0	0	0	0	0	0	0	1	0	0	0	0	0	0	0	0	0	0	0	0	0	0	0	0	0	0	0	0	0
4	183	1988	4.0146308	99.49675	0	11.216405	14.656553	61.156281	8.2412968	53.158401	2.6119895	132.3511	12.208439	1615.8004	52.464924	95.508781	7.7930064	.34494701	-1.2	4.5999999	1	1	5.5999999	7.8414741	100	0	11.216405	14.547235	68.493126	8.2715044	51.4366	1.9523809	141.48415	93.175644	861.66864	50.763229	77.435379	8.0427561	3.6900649	-5.5999999	3	.2	1	5	7.8005843	0	0	0	1	0	0	0	0	0	0	0	0	0	0	0	0	0	0	0	0	0	0	0	0	0	0	0	0	0	0	0	0	0	0	0	0	0	0	0	0	0	0	0	0	0	0	0	0	0	0	0	0	0	0	0	0	0	0	1	0	0	0	0	0	0	0	0	0	0	0	0	0	0	0	0	0	0	0	0
5	183	1993	3.9254622	97.97068	0	11.216405	14.762882	55.830849	8.3759775	57.5308	2.3099716	173.75282	10.790056	1874.8027	53.086159	69.644737	7.9190369	2.6510022	8.3999996	9.3999996	1	1	3	8.0488901	99.49675	0	11.216405	14.656553	61.156281	8.2412968	53.158401	2.6119895	132.3511	82.611061	1615.8004	52.464924	95.508781	7.7930064	.34494701	-1.2	4.5999999	1	1	5.5999999	7.8414741	0	0	0	0	1	0	0	0	0	0	0	0	0	0	0	0	0	0	0	0	0	0	0	0	0	0	0	0	0	0	0	0	0	0	0	0	0	0	0	0	0	0	0	0	0	0	0	0	0	0	0	0	0	0	0	0	0	0	1	0	0	0	0	0	0	0	0	0	0	0	0	0	0	0	0	0	0	0	0
6	183	1998	4.0918946	100	0	11.216405	14.858673	52.114296	8.6487255	63.4618	2.0706077	155.675	2.2819738	355.24628	53.203461	65.162903	8.6266222	3.3774719	9	10	1	1	1.6	8.2283525	97.97068	0	11.216405	14.762882	55.830849	8.3759775	57.5308	2.3099716	173.75282	100.84454	1874.8027	53.086159	69.644737	7.9190369	2.6510022	8.3999996	9.3999996	1	1	3	8.0488901	0	0	0	0	0	1	0	0	0	0	0	0	0	0	0	0	0	0	0	0	0	0	0	0	0	0	0	0	0	0	0	0	0	0	0	0	0	0	0	0	0	0	0	0	0	0	0	0	0	0	0	0	0	0	0	0	0	0	1	0	0	0	0	0	0	0	0	0	0	0	0	0	0	0	0	0	0	0	0
7	183	2003	4.0373654	100	0	11.216405	14.953054	48.880184	9.0527611	68.759399	1.8762219	133.3185	3.9652524	528.64148	52.527214	61.890179	9.0366783	1.50893	9	10	1	1	1	8.3537254	100	0	11.216405	14.858673	52.114296	8.6487255	63.4618	2.0706077	155.675	102.92338	355.24628	53.203461	65.162903	8.6266222	3.3774719	9	10	1	1	1.6	8.2283525	0	0	0	0	0	0	1	0	0	0	0	0	0	0	0	0	0	0	0	0	0	0	0	0	0	0	0	0	0	0	0	0	0	0	0	0	0	0	0	0	0	0	0	0	0	0	0	0	0	0	0	0	0	0	0	0	0	0	1	0	0	0	0	0	0	0	0	0	0	0	0	0	0	0	0	0	0	0	0
5	186	1993	2.488343	98.758774	0	12.892447	15.341094	74.280266	7.5945425	50.756199	2.7116854	112.2418	12.68985	1424.3315	47.681847	28.610241	6.4069524	15.5282	6	7	1	0	3.4000001	7.2433367	97.383842	0	12.892447	15.20118	76.003464	7.2688718	47.209599	2.5674818	94.021172	93.976624	2199.2793	37.034	45.517262	5.4801841	32.149559	-4	4	1	0	4.8000002	7.0187702	0	0	0	0	1	0	0	0	0	0	0	0	0	0	0	0	0	0	0	0	0	0	0	0	0	0	0	0	0	0	0	0	0	0	0	0	0	0	0	0	0	0	0	0	0	0	0	0	0	0	0	0	0	0	0	0	0	0	0	1	0	0	0	0	0	0	0	0	0	0	0	0	0	0	0	0	0	0	0
4	188	1988	2.1037719	92.062759	6	12.605419	17.888994	75.178802	5.6552935	46.372398	2.8052876	49.02293	7.9737816	390.89813	56.070614	67.589142	7.3897629	8.4204903	6.5999999	7	1	1	2.5999999	6.5558629	86.415977	6	12.605419	17.750376	78.516022	5.8398314	40.82	2.8208992	43.030277	73.239082	187.36237	56.018131	40.489262	6.7635622	21.119024	-6.5999999	2.4000001	1	1	4.5999999	6.5881066	0	0	0	1	0	0	0	0	0	0	0	0	0	0	0	0	0	0	0	0	0	0	0	0	0	0	0	0	0	0	0	0	0	0	0	0	0	0	0	0	0	0	0	0	0	0	0	0	0	0	0	0	0	0	0	0	0	0	0	0	1	0	0	0	0	0	0	0	0	0	0	0	0	0	0	0	0	0	0
5	188	1993	2.5373981	96.540443	6	12.605419	18.007669	71.563026	5.4285154	48.41	2.4596286	62.490658	6.6390142	414.87637	57.95462	56.518661	8.4916801	9.7667799	8	8.6000004	1	1	2.8	6.8677893	92.062759	6	12.605419	17.888994	75.178802	5.6552935	46.372398	2.8052876	49.02293	94.382881	390.89813	56.070614	67.589142	7.3897629	8.4204903	6.5999999	7	1	1	2.5999999	6.5558629	0	0	0	0	1	0	0	0	0	0	0	0	0	0	0	0	0	0	0	0	0	0	0	0	0	0	0	0	0	0	0	0	0	0	0	0	0	0	0	0	0	0	0	0	0	0	0	0	0	0	0	0	0	0	0	0	0	0	0	0	1	0	0	0	0	0	0	0	0	0	0	0	0	0	0	0	0	0	0
6	188	1998	3.4024518	100	6	12.605419	18.119101	67.568306	5.3985195	48.110001	2.1899235	94.930969	10.077464	956.66345	55.136765	51.152618	9.1313772	9.7123957	8	9	1	1	2	7.0286193	96.540443	6	12.605419	18.007669	71.563026	5.4285154	48.41	2.4596286	62.490658	81.673409	414.87637	57.95462	56.518661	8.4916801	9.7667799	8	8.6000004	1	1	2.8	6.8677893	0	0	0	0	0	1	0	0	0	0	0	0	0	0	0	0	0	0	0	0	0	0	0	0	0	0	0	0	0	0	0	0	0	0	0	0	0	0	0	0	0	0	0	0	0	0	0	0	0	0	0	0	0	0	0	0	0	0	0	0	1	0	0	0	0	0	0	0	0	0	0	0	0	0	0	0	0	0	0
7	188	2003	2.7571816	100	3	12.605419	18.226667	63.936096	5.5716724	48.0158	1.9737209	100.74288	3.7812526	380.9343	45.208099	63.144718	9.4025583	4.8515878	8	9	1	1	2.2	6.9607182	100	6	12.605419	18.119101	67.568306	5.3985195	48.110001	2.1899235	94.930969	90.762299	956.66345	55.136765	51.152618	9.1313772	9.7123957	8	9	1	1	2	7.0286193	0	0	0	0	0	0	1	0	0	0	0	0	0	0	0	0	0	0	0	0	0	0	0	0	0	0	0	0	0	0	0	0	0	0	0	0	0	0	0	0	0	0	0	0	0	0	0	0	0	0	0	0	0	0	0	0	0	0	0	0	1	0	0	0	0	0	0	0	0	0	0	0	0	0	0	0	0	0	0
8	188	2008	2.4964168	100	3	12.605419	18.317259	59.947975	5.8331294	48.402	1.5788831	78.970474	4.3998375	347.45724	43.706661	47.572239	9.9703093	4.5168099	8	9	1	1	3.5999999	7.4851251	100	3	12.605419	18.226667	63.936096	5.5716724	48.0158	1.9737209	100.74288	93.279678	380.9343	45.208099	63.144718	9.4025583	4.8515878	8	9	1	1	2.2	6.9607182	0	0	0	0	0	0	0	1	0	0	0	0	0	0	0	0	0	0	0	0	0	0	0	0	0	0	0	0	0	0	0	0	0	0	0	0	0	0	0	0	0	0	0	0	0	0	0	0	0	0	0	0	0	0	0	0	0	0	0	0	1	0	0	0	0	0	0	0	0	0	0	0	0	0	0	0	0	0	0
8	191	2008	5.6704235	90.922379	0	11.423766	16.213406	22.835609	26.189816	59.333599	0	70.102745	1.5093945	105.8127	59.18964	75.938538	11.566392	1.748106	10	10	0	0	1	9.9780283	91.466431	0	11.424028	16.156219	23.39784	24.821817	56.3046	2	64.217461	97.884079	152.6465	58.669827	56.263081	10.875661	3.06317	10	10	0	0	1	9.6081734	0	0	0	0	0	0	0	1	0	0	0	0	0	0	0	0	0	0	0	0	0	0	0	0	0	0	0	0	0	0	0	0	0	0	0	0	0	0	0	0	0	0	0	0	0	0	0	0	0	0	0	0	0	0	0	0	0	0	0	0	0	1	0	0	0	0	0	0	0	0	0	0	0	0	0	0	0	0	0
4	219	1988	3.785114	100	0	6.5072775	14.872965	31.082081	7.5653825	100	2.1446817	335.07697	3.0840049	1033.379	45.6008	80.827423	9.9353218	2.7292297	-2	2	0	1	4	9.1249523	100	0	6.5072775	14.762882	36.344074	7.2820935	100	2.402564	346.12256	128.42126	1010.378	45.218143	69.677597	9.1409225	2.5915189	-2	2	0	1	4	8.7973585	0	0	0	1	0	0	0	0	0	0	0	0	0	0	0	0	0	0	0	0	0	0	0	0	0	0	0	0	0	0	0	0	0	0	0	0	0	0	0	0	0	0	0	0	0	0	0	0	0	0	0	0	0	0	0	0	0	0	0	0	0	0	1	0	0	0	0	0	0	0	0	0	0	0	0	0	0	0	0
5	219	1993	3.7975538	100	0	6.5072775	15.008513	30.318768	8.3153934	100	3.1311238	323.89099	3.459461	1120.4883	44.70369	72.785881	10.868979	3.1589324	-2	2	0	1	4.5999999	9.8429823	100	0	6.5072775	14.872965	31.082081	7.5653825	100	2.1446817	335.07697	116.81053	1033.379	45.6008	80.827423	9.9353218	2.7292297	-2	2	0	1	4	9.1249523	0	0	0	0	1	0	0	0	0	0	0	0	0	0	0	0	0	0	0	0	0	0	0	0	0	0	0	0	0	0	0	0	0	0	0	0	0	0	0	0	0	0	0	0	0	0	0	0	0	0	0	0	0	0	0	0	0	0	0	0	0	0	1	0	0	0	0	0	0	0	0	0	0	0	0	0	0	0	0
6	219	1998	3.4116013	100	0	6.5072775	15.13956	30.790695	9.7328787	100	2.7225339	340.00003	1.9339308	657.5365	47.519485	78.224663	11.558528	.197972	-2	2	0	1	4.8000002	10.102225	100	0	6.5072775	15.008513	30.318768	8.3153934	100	3.1311238	323.89099	108.46785	1120.4883	44.70369	72.785881	10.868979	3.1589324	-2	2	0	1	4.5999999	9.8429823	0	0	0	0	0	1	0	0	0	0	0	0	0	0	0	0	0	0	0	0	0	0	0	0	0	0	0	0	0	0	0	0	0	0	0	0	0	0	0	0	0	0	0	0	0	0	0	0	0	0	0	0	0	0	0	0	0	0	0	0	0	0	1	0	0	0	0	0	0	0	0	0	0	0	0	0	0	0	0
7	219	2003	3.7852283	100	0	6.5249615	15.230966	28.504137	11.295621	100	1.4756098	389.98587	4.7451949	1850.559	48.742851	97.291878	12.10414	.25537199	-2	2	0	1	5	10.116061	100	0	6.5072775	15.13956	30.790695	9.7328787	100	2.7225339	340.00003	103.31715	657.5365	47.519485	78.224663	11.558528	.197972	-2	2	0	1	4.8000002	10.102225	0	0	0	0	0	0	1	0	0	0	0	0	0	0	0	0	0	0	0	0	0	0	0	0	0	0	0	0	0	0	0	0	0	0	0	0	0	0	0	0	0	0	0	0	0	0	0	0	0	0	0	0	0	0	0	0	0	0	0	0	0	0	1	0	0	0	0	0	0	0	0	0	0	0	0	0	0	0	0
8	219	2008	3.0940721	100	0	6.547925	15.374461	25.075212	11.953768	100	3.4771059	409.4313	1.3256104	542.7464	50.204529	96.150757	13.020879	1.9128784	-2	2	0	1	5	10.560559	100	0	6.5249615	15.230966	28.504137	11.295621	100	1.4756098	389.98587	88.039635	1850.559	48.742851	97.291878	12.10414	.25537199	-2	2	0	1	5	10.116061	0	0	0	0	0	0	0	1	0	0	0	0	0	0	0	0	0	0	0	0	0	0	0	0	0	0	0	0	0	0	0	0	0	0	0	0	0	0	0	0	0	0	0	0	0	0	0	0	0	0	0	0	0	0	0	0	0	0	0	0	0	0	1	0	0	0	0	0	0	0	0	0	0	0	0	0	0	0	0
8	220	2008	1.3825369	88.578743	0	10.780958	15.509249	21.797804	16.306122	55.125599	0	164.70816	2.6084125	429.62683	36.519199	33.01162	10.724463	1.2451302	10	10	0	0	1	9.5777092	92.887772	0	10.781079	15.501909	25.985134	16.091743	55.831001	0	153.13316	100.38493	387.28635	36.580135	39.215141	9.4961605	4.4862418	9	9	0	0	1	8.6919537	0	0	0	0	0	0	0	1	0	0	0	0	0	0	0	0	0	0	0	0	0	0	0	0	0	0	0	0	0	0	0	0	0	0	0	0	0	0	0	0	0	0	0	0	0	0	0	0	0	0	0	0	0	0	0	0	0	0	0	0	0	0	0	1	0	0	0	0	0	0	0	0	0	0	0	0	0	0	0
5	225	1993	1.2813221	74.309692	3	13.997832	17.498945	62.583954	5.5541649	53.506401	2.1938405	40.998978	1.871639	76.735283	63.858246	40.551041	9.3684702	12.646022	7.4000001	7	0	0	3.5999999	8.1221638	82.492805	3	13.997832	17.376011	69.341652	5.5130944	50.971001	2.4644573	49.14782	108.30793	161.06358	65.409271	32.342281	9.0963945	15.90454	4.1999998	2.2	0	0	5.1999998	7.8339944	0	0	0	0	1	0	0	0	0	0	0	0	0	0	0	0	0	0	0	0	0	0	0	0	0	0	0	0	0	0	0	0	0	0	0	0	0	0	0	0	0	0	0	0	0	0	0	0	0	0	0	0	0	0	0	0	0	0	0	0	0	0	0	0	1	0	0	0	0	0	0	0	0	0	0	0	0	0	0
7	225	2003	1.5387748	82.732819	0	13.997832	17.65687	51.046528	6.1660695	58.310001	1.7593044	56.002754	3.4660621	194.10902	69.550903	37.570919	10.752483	7.1566439	9	9	0	0	1	8.1679897	82.03833	.60000002	13.997832	17.590292	55.897095	5.7488475	55.929001	2.4419322	49.396671	104.03233	153.64954	65.862312	45.028141	10.081976	7.9578638	9	9	0	0	1	8.065753	0	0	0	0	0	0	1	0	0	0	0	0	0	0	0	0	0	0	0	0	0	0	0	0	0	0	0	0	0	0	0	0	0	0	0	0	0	0	0	0	0	0	0	0	0	0	0	0	0	0	0	0	0	0	0	0	0	0	0	0	0	0	0	0	1	0	0	0	0	0	0	0	0	0	0	0	0	0	0
8	227	2008	.16673473	67.095589	0	13.120157	17.626471	21.538452	24.581209	77.050797	1.3337725	56.907059	1.7116083	97.402596	38.162067	45.781898	13.263403	1.987766	10	10	0	1	1	10.356441	70.555687	0	13.120378	17.552954	21.139563	24.57781	76.525398	1.9291116	56.769028	98.755852	85.355949	37.203991	49.206699	12.611157	4.2188978	10	10	0	1	1	9.9107599	0	0	0	0	0	0	0	1	0	0	0	0	0	0	0	0	0	0	0	0	0	0	0	0	0	0	0	0	0	0	0	0	0	0	0	0	0	0	0	0	0	0	0	0	0	0	0	0	0	0	0	0	0	0	0	0	0	0	0	0	0	0	0	0	0	1	0	0	0	0	0	0	0	0	0	0	0	0	0
4	228	1988	2.4524741	100	8.1999998	11.046276	16.636599	53.122208	8.6392918	17.513	1.25	62.647282	3.9882491	249.85297	41.240929	95.058723	6.0879693	10.954454	5	6	1	0	3.4000001	6.0352983	100	3	11.046276	16.575191	57.387768	7.8579969	18.302	1.3333334	68.651917	92.003029	1039.4817	48.160938	75.106079	5.5735126	14.155503	5.1999998	6.1999998	.60000002	0	2.5999999	5.8160982	0	0	0	1	0	0	0	0	0	0	0	0	0	0	0	0	0	0	0	0	0	0	0	0	0	0	0	0	0	0	0	0	0	0	0	0	0	0	0	0	0	0	0	0	0	0	0	0	0	0	0	0	0	0	0	0	0	0	0	0	0	0	0	0	0	0	1	0	0	0	0	0	0	0	0	0	0	0	0
5	228	1993	2.7091954	100	5	11.046276	16.705883	47.77816	9.382679	16.743601	1.1764706	73.413979	8.1915274	601.37262	45.40612	93.057259	6.7641816	9.7972383	5	6	1	0	4	6.4182587	100	8.1999998	11.046276	16.636599	53.122208	8.6392918	17.513	1.25	62.647282	87.601151	249.85297	41.240929	95.058723	6.0879693	10.954454	5	6	1	0	3.4000001	6.0352983	0	0	0	0	1	0	0	0	0	0	0	0	0	0	0	0	0	0	0	0	0	0	0	0	0	0	0	0	0	0	0	0	0	0	0	0	0	0	0	0	0	0	0	0	0	0	0	0	0	0	0	0	0	0	0	0	0	0	0	0	0	0	0	0	0	0	1	0	0	0	0	0	0	0	0	0	0	0	0
6	228	1998	2.4996636	100	5	11.046276	16.738323	41.613766	9.5499849	16.0014	1.1111112	78.679321	2.8867514	227.12764	47.713917	89.320099	7.4852104	8.0792255	5	6	1	0	3	6.7486296	100	5	11.046276	16.705883	47.77816	9.382679	16.743601	1.1764706	73.413979	94.785614	601.37262	45.40612	93.057259	6.7641816	9.7972383	5	6	1	0	4	6.4182587	0	0	0	0	0	1	0	0	0	0	0	0	0	0	0	0	0	0	0	0	0	0	0	0	0	0	0	0	0	0	0	0	0	0	0	0	0	0	0	0	0	0	0	0	0	0	0	0	0	0	0	0	0	0	0	0	0	0	0	0	0	0	0	0	0	0	1	0	0	0	0	0	0	0	0	0	0	0	0
7	228	2003	2.211483	100	5	11.046276	16.780466	37.670876	10.179674	15.3598	1.0526316	77.538902	9.6795216	750.53949	57.702599	99.42112	7.8897691	9.969326	5.4000001	6	1	0	3	6.8990722	100	5	11.046276	16.738323	41.613766	9.5499849	16.0014	1.1111112	78.679321	101.66666	227.12764	47.713917	89.320099	7.4852104	8.0792255	5	6	1	0	3	6.7486296	0	0	0	0	0	0	1	0	0	0	0	0	0	0	0	0	0	0	0	0	0	0	0	0	0	0	0	0	0	0	0	0	0	0	0	0	0	0	0	0	0	0	0	0	0	0	0	0	0	0	0	0	0	0	0	0	0	0	0	0	0	0	0	0	0	0	1	0	0	0	0	0	0	0	0	0	0	0	0
8	233	2008	1.9532018	63.398422	0	12.924742	16.038992	25.652205	27.135736	84.7612	.87444752	94.583458	.68552768	64.839577	45.277512	41.349941	12.58664	2.1489427	10	10	0	0	1	10.775922	64.680191	0	12.924742	16.006031	27.44421	26.438822	84.201797	.22471911	84.175667	98.765617	132.80876	44.579742	55.911926	11.868585	1.3736402	10	10	0	0	1	10.418845	0	0	0	0	0	0	0	1	0	0	0	0	0	0	0	0	0	0	0	0	0	0	0	0	0	0	0	0	0	0	0	0	0	0	0	0	0	0	0	0	0	0	0	0	0	0	0	0	0	0	0	0	0	0	0	0	0	0	0	0	0	0	0	0	0	0	0	1	0	0	0	0	0	0	0	0	0	0	0
8	234	2008	.68092161	53.294518	0	10.596635	15.840975	22.928699	23.917002	73.565598	1.0598351	94.352142	5.3240328	502.33389	46.672421	57.223541	13.019462	1.4767336	10	10	0	1	1	11.067906	51.394676	0	10.596635	15.806068	24.785034	23.112709	73.403	.55175036	83.247353	101.62749	143.17863	43.456799	68.130836	12.005845	.75510782	10	10	0	1	1	10.702555	0	0	0	0	0	0	0	1	0	0	0	0	0	0	0	0	0	0	0	0	0	0	0	0	0	0	0	0	0	0	0	0	0	0	0	0	0	0	0	0	0	0	0	0	0	0	0	0	0	0	0	0	0	0	0	0	0	0	0	0	0	0	0	0	0	0	0	0	1	0	0	0	0	0	0	0	0	0	0
4	240	1988	2.773334	94.284836	0	13.143909	17.822514	49.881573	6.7783399	28.892401	1.8531234	62.592243	5.0755272	317.68863	50.682034	40.671581	8.3609819	4.8369398	2.5999999	7	0	1	2.5999999	7.0363302	94.180618	1.2	13.143909	17.727133	61.631367	6.4242864	27.5734	2.0425186	47.862877	125.30206	288.4595	46.731953	39.557281	7.5475016	4.1408982	2	7	0	1	3	6.6691256	0	0	0	1	0	0	0	0	0	0	0	0	0	0	0	0	0	0	0	0	0	0	0	0	0	0	0	0	0	0	0	0	0	0	0	0	0	0	0	0	0	0	0	0	0	0	0	0	0	0	0	0	0	0	0	0	0	0	0	0	0	0	0	0	0	0	0	0	0	1	0	0	0	0	0	0	0	0	0
5	240	1993	3.310663	92.538414	0	13.143909	17.889572	42.593811	7.9373417	29.9352	.69570476	80.39949	2.1870198	175.83528	52.91188	17.57666	9.5489187	4.8643022	7	8.3999996	0	1	3.5999999	7.7032537	94.284836	0	13.143909	17.822514	49.881573	6.7783399	28.892401	1.8531234	62.592243	125.54659	317.68863	50.682034	40.671581	8.3609819	4.8369398	2.5999999	7	0	1	2.5999999	7.0363302	0	0	0	0	1	0	0	0	0	0	0	0	0	0	0	0	0	0	0	0	0	0	0	0	0	0	0	0	0	0	0	0	0	0	0	0	0	0	0	0	0	0	0	0	0	0	0	0	0	0	0	0	0	0	0	0	0	0	0	0	0	0	0	0	0	0	0	0	0	1	0	0	0	0	0	0	0	0	0
6	240	1998	4.0317116	94.175354	0	13.143909	17.936035	36.855152	9.4070311	30.7962	1.0001853	100.49267	6.1404133	617.06653	46.995468	24.517275	10.121359	2.9238839	9	9	0	1	2.4000001	7.7112832	92.538414	0	13.143909	17.889572	42.593811	7.9373417	29.9352	.69570476	80.39949	119.00108	175.83528	52.91188	17.57666	9.5489187	4.8643022	7	8.3999996	0	1	3.5999999	7.7032537	0	0	0	0	0	1	0	0	0	0	0	0	0	0	0	0	0	0	0	0	0	0	0	0	0	0	0	0	0	0	0	0	0	0	0	0	0	0	0	0	0	0	0	0	0	0	0	0	0	0	0	0	0	0	0	0	0	0	0	0	0	0	0	0	0	0	0	0	0	1	0	0	0	0	0	0	0	0	0
7	240	2003	4.0253282	95.196579	0	13.143909	17.995911	33.058006	10.942774	31.8018	1.2602333	123.70484	2.1348114	264.08652	45.288502	51.00864	10.768716	2.3654535	9	9	0	1	2.2	7.7485638	94.175354	0	13.143909	17.936035	36.855152	9.4070311	30.7962	1.0001853	100.49267	109.00809	617.06653	46.995468	24.517275	10.121359	2.9238839	9	9	0	1	2.4000001	7.7112832	0	0	0	0	0	0	1	0	0	0	0	0	0	0	0	0	0	0	0	0	0	0	0	0	0	0	0	0	0	0	0	0	0	0	0	0	0	0	0	0	0	0	0	0	0	0	0	0	0	0	0	0	0	0	0	0	0	0	0	0	0	0	0	0	0	0	0	0	0	1	0	0	0	0	0	0	0	0	0
4	247	1988	4.2235208	100	0	11.953501	15.876822	68.842201	7.6025567	56.3032	2.3539236	73.073494	3.8311098	279.95258	38.571884	54.368259	8.61343	5.94067	-5.5999999	2.8	1	1	5.5999999	7.2649679	100	0	11.953501	15.757882	74.049667	7.0675302	52.530998	2.6720431	72.159355	114.89677	264.00098	41.06134	40.52454	8.3700924	10.139484	-8	2	1	1	5	7.1703582	0	0	0	1	0	0	0	0	0	0	0	0	0	0	0	0	0	0	0	0	0	0	0	0	0	0	0	0	0	0	0	0	0	0	0	0	0	0	0	0	0	0	0	0	0	0	0	0	0	0	0	0	0	0	0	0	0	0	0	0	0	0	0	0	0	0	0	0	0	0	1	0	0	0	0	0	0	0	0
5	247	1993	5.1640363	100	0	11.953501	15.973995	61.075336	9.0339317	60.062801	1.8808489	79.719162	4.125174	328.85541	39.566498	58.4562	9.0569534	5.4593701	-3.8	4.8000002	1	1	5.8000002	7.5728216	100	0	11.953501	15.876822	68.842201	7.6025567	56.3032	2.3539236	73.073494	115.66769	279.95258	38.571884	54.368259	8.61343	5.94067	-5.5999999	2.8	1	1	5.5999999	7.2649679	0	0	0	0	1	0	0	0	0	0	0	0	0	0	0	0	0	0	0	0	0	0	0	0	0	0	0	0	0	0	0	0	0	0	0	0	0	0	0	0	0	0	0	0	0	0	0	0	0	0	0	0	0	0	0	0	0	0	0	0	0	0	0	0	0	0	0	0	0	0	1	0	0	0	0	0	0	0	0
6	247	1998	5.3063183	100	0	11.953501	16.04541	51.147594	9.9351244	62.6488	1.3000276	79.484291	1.6309661	129.63618	40.68993	59.862541	9.2501478	5.6796679	-3	6	1	1	6	7.7610469	100	0	11.953501	15.973995	61.075336	9.0339317	60.062801	1.8808489	79.719162	97.093269	328.85541	39.566498	58.4562	9.0569534	5.4593701	-3.8	4.8000002	1	1	5.8000002	7.5728216	0	0	0	0	0	1	0	0	0	0	0	0	0	0	0	0	0	0	0	0	0	0	0	0	0	0	0	0	0	0	0	0	0	0	0	0	0	0	0	0	0	0	0	0	0	0	0	0	0	0	0	0	0	0	0	0	0	0	0	0	0	0	0	0	0	0	0	0	0	0	1	0	0	0	0	0	0	0	0
7	247	2003	5.7367878	100	0	11.953501	16.08753	41.518833	10.15556	64.4496	.82062072	86.892082	7.9743052	692.90399	40.188278	57.9991	9.6209307	3.043968	-3.8	6	1	1	6	7.9255209	100	0	11.953501	16.04541	51.147594	9.9351244	62.6488	1.3000276	79.484291	97.865631	129.63618	40.68993	59.862541	9.2501478	5.6796679	-3	6	1	1	6	7.7610469	0	0	0	0	0	0	1	0	0	0	0	0	0	0	0	0	0	0	0	0	0	0	0	0	0	0	0	0	0	0	0	0	0	0	0	0	0	0	0	0	0	0	0	0	0	0	0	0	0	0	0	0	0	0	0	0	0	0	0	0	0	0	0	0	0	0	0	0	0	0	1	0	0	0	0	0	0	0	0
4	248	1988	1.7002611	100	3	13.553665	17.766384	63.202782	6.2630835	56.500999	1.962294	26.102312	4.5901155	119.81263	45.170586	35.283958	7.9412804	54.457279	7.8000002	9	0	0	2.4000001	7.8461804	100	1.2	13.553665	17.665205	68.625671	6.7362008	48.980801	2.175971	23.383272	99.485428	126.60876	50.100521	36.993099	7.0930157	39.966679	2.2	5.8000002	.60000002	0	4	7.5191054	0	0	0	1	0	0	0	0	0	0	0	0	0	0	0	0	0	0	0	0	0	0	0	0	0	0	0	0	0	0	0	0	0	0	0	0	0	0	0	0	0	0	0	0	0	0	0	0	0	0	0	0	0	0	0	0	0	0	0	0	0	0	0	0	0	0	0	0	0	0	0	1	0	0	0	0	0	0	0
5	248	1993	2.6757884	100	3	13.553665	17.858253	56.929127	6.7204351	60.955002	1.7868544	28.76144	5.6248813	161.77969	44.079079	32.09642	9.0518036	76.699883	8.3999996	8.3999996	0	0	3.5999999	8.2187929	100	3	13.553665	17.766384	63.202782	6.2630835	56.500999	1.962294	26.102312	111.37799	119.81263	45.170586	35.283958	7.9412804	54.457279	7.8000002	9	0	0	2.4000001	7.8461804	0	0	0	0	1	0	0	0	0	0	0	0	0	0	0	0	0	0	0	0	0	0	0	0	0	0	0	0	0	0	0	0	0	0	0	0	0	0	0	0	0	0	0	0	0	0	0	0	0	0	0	0	0	0	0	0	0	0	0	0	0	0	0	0	0	0	0	0	0	0	0	1	0	0	0	0	0	0	0
6	248	1998	2.7333214	100	2.4000001	13.553665	17.942385	50.422924	7.6515903	63.693802	1.3227658	41.193169	4.6564231	191.81282	41.114395	41.570961	9.6078081	80.009659	7.1999998	6.4000001	0	0	4	8.3333445	100	3	13.553665	17.858253	56.929127	6.7204351	60.955002	1.7868544	28.76144	112.47217	161.77969	44.079079	32.09642	9.0518036	76.699883	8.3999996	8.3999996	0	0	3.5999999	8.2187929	0	0	0	0	0	1	0	0	0	0	0	0	0	0	0	0	0	0	0	0	0	0	0	0	0	0	0	0	0	0	0	0	0	0	0	0	0	0	0	0	0	0	0	0	0	0	0	0	0	0	0	0	0	0	0	0	0	0	0	0	0	0	0	0	0	0	0	0	0	0	0	1	0	0	0	0	0	0	0
7	248	2003	2.916738	100	0	13.553665	18.008036	44.883347	8.4031363	66.000999	1.5391904	48.706619	.63383728	30.87207	41.44838	66.025383	10.374927	26.605978	7	6	0	0	3.2	8.431633	100	2.4000001	13.553665	17.942385	50.422924	7.6515903	63.693802	1.3227658	41.193169	107.73024	191.81282	41.114395	41.570961	9.6078081	80.009659	7.1999998	6.4000001	0	0	4	8.3333445	0	0	0	0	0	0	1	0	0	0	0	0	0	0	0	0	0	0	0	0	0	0	0	0	0	0	0	0	0	0	0	0	0	0	0	0	0	0	0	0	0	0	0	0	0	0	0	0	0	0	0	0	0	0	0	0	0	0	0	0	0	0	0	0	0	0	0	0	0	0	0	1	0	0	0	0	0	0	0
8	248	2008	3.7456543	94.772896	0	13.553665	18.077991	40.530876	8.7146063	69.028603	1.1513772	49.602764	2.0447197	101.42375	45.24567	42.52092	11.744848	7.7032561	7	6	0	0	3	9.117671	100	0	13.553665	18.008036	44.883347	8.4031363	66.000999	1.5391904	48.706619	97.983421	30.87207	41.44838	66.025383	10.374927	26.605978	7	6	0	0	3.2	8.431633	0	0	0	0	0	0	0	1	0	0	0	0	0	0	0	0	0	0	0	0	0	0	0	0	0	0	0	0	0	0	0	0	0	0	0	0	0	0	0	0	0	0	0	0	0	0	0	0	0	0	0	0	0	0	0	0	0	0	0	0	0	0	0	0	0	0	0	0	0	0	0	1	0	0	0	0	0	0	0
7	252	2003	3.9519556	80.214165	0	12.205122	17.102955	100.31138	5.3606033	12.7816	3.8575907	36.670429	1.4343883	52.599632	43.233154	79.32222	7.2557001	4.6036139	-3.4000001	2.8	1	1	5.4000001	5.6524124	81.896133	0	12.205122	16.932432	100.09387	5.5969405	11.9144	2.7310371	33.50647	134.65524	821.01129	40.152245	76.787323	6.5017886	5.4915257	-4	2	1	1	4.5999999	5.6604705	0	0	0	0	0	0	1	0	0	0	0	0	0	0	0	0	0	0	0	0	0	0	0	0	0	0	0	0	0	0	0	0	0	0	0	0	0	0	0	0	0	0	0	0	0	0	0	0	0	0	0	0	0	0	0	0	0	0	0	0	0	0	0	0	0	0	0	0	0	0	0	0	1	0	0	0	0	0	0
8	252	2008	2.7940993	79.900375	0	12.205122	17.248455	99.392555	5.1377091	14.394	3.2325437	50.262447	7.1453753	359.14404	41.194221	30.642099	8.431922	8.0415277	-1	6	1	1	5	6.1596498	80.214165	0	12.205122	17.102955	100.31138	5.3606033	12.7816	3.8575907	36.670429	94.933632	52.599632	43.233154	79.32222	7.2557001	4.6036139	-3.4000001	2.8	1	1	5.4000001	5.6524124	0	0	0	0	0	0	0	1	0	0	0	0	0	0	0	0	0	0	0	0	0	0	0	0	0	0	0	0	0	0	0	0	0	0	0	0	0	0	0	0	0	0	0	0	0	0	0	0	0	0	0	0	0	0	0	0	0	0	0	0	0	0	0	0	0	0	0	0	0	0	0	0	1	0	0	0	0	0	0
8	256	2008	5.2604294	92.031906	0	12.396403	17.932888	26.510263	24.603649	79.307602	.98378283	60.327717	.7877183	47.521248	49.37112	56.586342	13.921408	2.7374179	10	10	0	1	1	10.60198	91.670937	0	12.396403	17.903131	27.952549	24.165903	78.864601	.33898306	55.31414	101.99424	93.77874	47.571381	46.39542	13.384159	2.2479801	10	10	0	1	1	10.345696	0	0	0	0	0	0	0	1	0	0	0	0	0	0	0	0	0	0	0	0	0	0	0	0	0	0	0	0	0	0	0	0	0	0	0	0	0	0	0	0	0	0	0	0	0	0	0	0	0	0	0	0	0	0	0	0	0	0	0	0	0	0	0	0	0	0	0	0	0	0	0	0	0	1	0	0	0	0	0
4	257	1988	.38412359	57.950474	0	16.034714	19.328808	32.858849	18.57766	74.9776	.83333331	19.281872	.61670166	11.891162	42.875755	61.639938	12.874469	3.1317439	10	10	1	1	1	9.9205456	60.172878	0	16.034714	19.279125	33.158051	17.556871	74.191597	.86956519	18.16678	93.115685	31.078323	40.946095	48.711021	12.209632	5.2468061	10	10	1	1	1	9.6198006	0	0	0	1	0	0	0	0	0	0	0	0	0	0	0	0	0	0	0	0	0	0	0	0	0	0	0	0	0	0	0	0	0	0	0	0	0	0	0	0	0	0	0	0	0	0	0	0	0	0	0	0	0	0	0	0	0	0	0	0	0	0	0	0	0	0	0	0	0	0	0	0	0	0	1	0	0	0	0
5	257	1993	.42220232	54.197662	0	16.034714	19.383739	33.324951	19.219519	76.470001	1.5692308	21.430338	.67934209	14.558531	45.008877	70.847038	13.288899	2.4402261	10	10	1	1	1	10.142717	57.950474	0	16.034714	19.328808	32.858849	18.57766	74.9776	.83333331	19.281872	103.00562	11.891162	42.875755	61.639938	12.874469	3.1317439	10	10	1	1	1	9.9205456	0	0	0	0	1	0	0	0	0	0	0	0	0	0	0	0	0	0	0	0	0	0	0	0	0	0	0	0	0	0	0	0	0	0	0	0	0	0	0	0	0	0	0	0	0	0	0	0	0	0	0	0	0	0	0	0	0	0	0	0	0	0	0	0	0	0	0	0	0	0	0	0	0	0	1	0	0	0	0
6	257	1998	.35590643	53.188396	0	16.034714	19.435753	32.841305	18.941545	78.353401	.74074072	24.305677	2.0108094	48.874084	46.96859	63.668839	13.787808	1.664482	10	10	1	1	1	10.366648	54.197662	0	16.034714	19.383739	33.324951	19.219519	76.470001	1.5692308	21.430338	104.18412	14.558531	45.008877	70.847038	13.288899	2.4402261	10	10	1	1	1	10.142717	0	0	0	0	0	1	0	0	0	0	0	0	0	0	0	0	0	0	0	0	0	0	0	0	0	0	0	0	0	0	0	0	0	0	0	0	0	0	0	0	0	0	0	0	0	0	0	0	0	0	0	0	0	0	0	0	0	0	0	0	0	0	0	0	0	0	0	0	0	0	0	0	0	0	1	0	0	0	0
7	257	2003	.53903866	57.178261	1.2	16.034714	19.492172	31.196672	18.420424	80.074203	1.4039409	24.356831	2.7691007	67.446518	47.58532	59.072941	14.344405	2.3549581	10	10	1	1	1	10.559544	53.188396	0	16.034714	19.435753	32.841305	18.941545	78.353401	.74074072	24.305677	103.39137	48.874084	46.96859	63.668839	13.787808	1.664482	10	10	1	1	1	10.366648	0	0	0	0	0	0	1	0	0	0	0	0	0	0	0	0	0	0	0	0	0	0	0	0	0	0	0	0	0	0	0	0	0	0	0	0	0	0	0	0	0	0	0	0	0	0	0	0	0	0	0	0	0	0	0	0	0	0	0	0	0	0	0	0	0	0	0	0	0	0	0	0	0	0	1	0	0	0	0
8	257	2008	.67238247	68.06311	2	16.028156	19.53241	30.116501	18.936142	81.578201	.66666669	28.504732	2.6350584	75.111633	46.161671	74.4207	14.897784	1.9323291	10	10	1	1	1	10.731361	57.178261	1.2	16.034714	19.492172	31.196672	18.420424	80.074203	1.4039409	24.356831	101.70774	67.446518	47.58532	59.072941	14.344405	2.3549581	10	10	1	1	1	10.559544	0	0	0	0	0	0	0	1	0	0	0	0	0	0	0	0	0	0	0	0	0	0	0	0	0	0	0	0	0	0	0	0	0	0	0	0	0	0	0	0	0	0	0	0	0	0	0	0	0	0	0	0	0	0	0	0	0	0	0	0	0	0	0	0	0	0	0	0	0	0	0	0	0	0	1	0	0	0	0
4	258	1988	1.6435878	97.937126	0	12.072656	14.933797	42.294254	18.113424	88.261398	.66666669	40.259724	5.9884763	241.09441	40.108265	77.302101	6.2729654	80.26004	9.3999996	10	1	0	1.6	7.8806186	100	0	12.072656	14.907343	42.98801	17.165398	86.473999	.68965518	39.055168	102.8515	136.32593	40.933537	63.72768	6.0396028	45.92094	-3.8	2.8	1	0	4.4000001	7.7805805	0	0	0	1	0	0	0	0	0	0	0	0	0	0	0	0	0	0	0	0	0	0	0	0	0	0	0	0	0	0	0	0	0	0	0	0	0	0	0	0	0	0	0	0	0	0	0	0	0	0	0	0	0	0	0	0	0	0	0	0	0	0	0	0	0	0	0	0	0	0	0	0	0	0	0	1	0	0	0
5	258	1993	1.7192796	89.912994	0	12.072656	14.972312	40.562668	19.338341	89.914398	.64516127	36.672897	3.158036	115.81433	40.227005	36.73502	6.9455523	57.657799	10	10	1	0	1.6	8.52946	97.937126	0	12.072656	14.933797	42.294254	18.113424	88.261398	.66666669	40.259724	123.07681	241.09441	40.108265	77.302101	6.2729654	80.26004	9.3999996	10	1	0	1.6	7.8806186	0	0	0	0	1	0	0	0	0	0	0	0	0	0	0	0	0	0	0	0	0	0	0	0	0	0	0	0	0	0	0	0	0	0	0	0	0	0	0	0	0	0	0	0	0	0	0	0	0	0	0	0	0	0	0	0	0	0	0	0	0	0	0	0	0	0	0	0	0	0	0	0	0	0	0	1	0	0	0
6	258	1998	1.8951877	95.591957	0	12.072656	15.003279	39.548172	20.507938	91.011803	.625	35.94733	6.9448733	249.64966	41.091263	36.906658	7.4568715	14.833242	10	10	1	0	1	8.885294	89.912994	0	12.072656	14.972312	40.562668	19.338341	89.914398	.64516127	36.672897	111.71947	115.81433	40.227005	36.73502	6.9455523	57.657799	10	10	1	0	1.6	8.52946	0	0	0	0	0	1	0	0	0	0	0	0	0	0	0	0	0	0	0	0	0	0	0	0	0	0	0	0	0	0	0	0	0	0	0	0	0	0	0	0	0	0	0	0	0	0	0	0	0	0	0	0	0	0	0	0	0	0	0	0	0	0	0	0	0	0	0	0	0	0	0	0	0	0	0	1	0	0	0
7	258	2003	2.8750134	100	0	12.072656	15.009433	38.562763	21.267534	91.684998	0	49.690403	5.4948792	273.04276	42.122612	80.473717	7.6269207	8.9534979	10	10	1	0	1	8.428689	95.591957	0	12.072656	15.003279	39.548172	20.507938	91.011803	.625	35.94733	110.76663	249.64966	41.091263	36.906658	7.4568715	14.833242	10	10	1	0	1	8.885294	0	0	0	0	0	0	1	0	0	0	0	0	0	0	0	0	0	0	0	0	0	0	0	0	0	0	0	0	0	0	0	0	0	0	0	0	0	0	0	0	0	0	0	0	0	0	0	0	0	0	0	0	0	0	0	0	0	0	0	0	0	0	0	0	0	0	0	0	0	0	0	0	0	0	0	1	0	0	0
8	258	2008	3.4316812	100	0	12.072656	15.021374	36.36726	21.535421	92.241798	.60606062	58.8918	6.7859578	399.63727	42.895767	62.698059	8.9438124	6.8424659	10	10	1	0	1	9.0262337	100	0	12.072656	15.009433	38.562763	21.267534	91.684998	0	49.690403	100.15721	273.04276	42.122612	80.473717	7.6269207	8.9534979	10	10	1	0	1	8.428689	0	0	0	0	0	0	0	1	0	0	0	0	0	0	0	0	0	0	0	0	0	0	0	0	0	0	0	0	0	0	0	0	0	0	0	0	0	0	0	0	0	0	0	0	0	0	0	0	0	0	0	0	0	0	0	0	0	0	0	0	0	0	0	0	0	0	0	0	0	0	0	0	0	0	0	1	0	0	0
6	262	1998	4.1945586	100	0	13.690004	16.959139	56.825775	7.1867685	88.861397	1.7786561	48.790451	17.627579	860.0575	45.858925	41.399738	10.204988	45.696178	7.5999999	9	1	0	2.5999999	8.2620583	100	0	13.690004	16.868883	62.27269	6.6619506	86.105598	1.9523809	54.957973	66.591011	240.76286	42.191032	62.718834	8.5576839	39.198021	8.1999998	9.1999998	1	0	2.5999999	7.9465995	0	0	0	0	0	1	0	0	0	0	0	0	0	0	0	0	0	0	0	0	0	0	0	0	0	0	0	0	0	0	0	0	0	0	0	0	0	0	0	0	0	0	0	0	0	0	0	0	0	0	0	0	0	0	0	0	0	0	0	0	0	0	0	0	0	0	0	0	0	0	0	0	0	0	0	0	1	0	0
7	262	2003	5.1340718	100	0	13.690004	17.065466	51.215034	7.5885062	91.102203	2.402564	51.357758	29.253185	1502.3781	44.966774	41.378738	10.626535	27.902281	6	7	1	0	3.2	8.3543253	100	0	13.690004	16.959139	56.825775	7.1867685	88.861397	1.7786561	48.790451	72.649734	860.0575	45.858925	41.399738	10.204988	45.696178	7.5999999	9	1	0	2.5999999	8.2620583	0	0	0	0	0	0	1	0	0	0	0	0	0	0	0	0	0	0	0	0	0	0	0	0	0	0	0	0	0	0	0	0	0	0	0	0	0	0	0	0	0	0	0	0	0	0	0	0	0	0	0	0	0	0	0	0	0	0	0	0	0	0	0	0	0	0	0	0	0	0	0	0	0	0	0	0	1	0	0
4	274	1988	2.4491365	100	0	13.518976	15.818807	90.23439	5.4805298	39.506199	2.7820756	89.906906	56.313419	5062.9653	56.40131	193.061	7.7558522	73.151558	-9	1	1	1	5.5999999	5.9917536	100	0	13.518976	15.670831	93.363785	5.5136046	39.719002	3.2325437	77.517235	157.29866	1853.0022	57.31638	127.39928	7.6122684	18.279024	-9	1	1	1	5	6.3385067	0	0	0	1	0	0	0	0	0	0	0	0	0	0	0	0	0	0	0	0	0	0	0	0	0	0	0	0	0	0	0	0	0	0	0	0	0	0	0	0	0	0	0	0	0	0	0	0	0	0	0	0	0	0	0	0	0	0	0	0	0	0	0	0	0	0	0	0	0	0	0	0	0	0	0	0	0	1	0
5	274	1993	5.8664865	100	0	13.518976	15.955023	87.904068	5.5239682	38.0252	2.4419322	75.785942	26.65185	2019.8356	53.783504	194.4446	7.9871845	101.06002	6	7	1	1	2.5999999	5.9802313	100	0	13.518976	15.818807	90.23439	5.4805298	39.506199	2.7820756	89.906906	229.01622	5062.9653	56.40131	193.061	7.7558522	73.151558	-9	1	1	1	5.5999999	5.9917536	0	0	0	0	1	0	0	0	0	0	0	0	0	0	0	0	0	0	0	0	0	0	0	0	0	0	0	0	0	0	0	0	0	0	0	0	0	0	0	0	0	0	0	0	0	0	0	0	0	0	0	0	0	0	0	0	0	0	0	0	0	0	0	0	0	0	0	0	0	0	0	0	0	0	0	0	0	1	0
6	274	1998	3.7413278	100	0	13.518976	16.080942	87.212685	5.6310186	35.722801	2.5913699	63.489498	27.554115	1749.397	51.822353	223.8186	8.2081118	24.0959	1	7	1	1	5	5.8463435	100	0	13.518976	15.955023	87.904068	5.5239682	38.0252	2.4419322	75.785942	148.66769	2019.8356	53.783504	194.4446	7.9871845	101.06002	6	7	1	1	2.5999999	5.9802313	0	0	0	0	0	1	0	0	0	0	0	0	0	0	0	0	0	0	0	0	0	0	0	0	0	0	0	0	0	0	0	0	0	0	0	0	0	0	0	0	0	0	0	0	0	0	0	0	0	0	0	0	0	0	0	0	0	0	0	0	0	0	0	0	0	0	0	0	0	0	0	0	0	0	0	0	0	1	0
7	274	2003	3.4217951	98.099251	0	13.518976	16.194344	88.966812	5.8370657	35.888	2	56.688816	16.753139	949.71564	48.866398	164.43106	8.4510946	20.159201	5	7	1	1	4.1999998	6.0624247	100	0	13.518976	16.080942	87.212685	5.6310186	35.722801	2.5913699	63.489498	118.79828	1749.397	51.822353	223.8186	8.2081118	24.0959	1	7	1	1	5	5.8463435	0	0	0	0	0	0	1	0	0	0	0	0	0	0	0	0	0	0	0	0	0	0	0	0	0	0	0	0	0	0	0	0	0	0	0	0	0	0	0	0	0	0	0	0	0	0	0	0	0	0	0	0	0	0	0	0	0	0	0	0	0	0	0	0	0	0	0	0	0	0	0	0	0	0	0	0	0	1	0
5	276	1993	5.0358567	97.25721	0	12.865792	16.230808	87.049324	5.958437	30.634399	3.8181818	50.927422	1.2370785	63.001221	54.982761	58.606758	5.8587999	-5.1110501	-6	2	1	1	5	6.7382441	81.517761	0	12.865792	16.089151	93.423965	5.9416862	27.558399	2.3704567	35.176029	97.130211	23.261814	54.42857	38.040878	5.5067787	4.5745726	-4.5999999	2.2	.60000002	1	5.4000001	6.9289484	0	0	0	0	1	0	0	0	0	0	0	0	0	0	0	0	0	0	0	0	0	0	0	0	0	0	0	0	0	0	0	0	0	0	0	0	0	0	0	0	0	0	0	0	0	0	0	0	0	0	0	0	0	0	0	0	0	0	0	0	0	0	0	0	0	0	0	0	0	0	0	0	0	0	0	0	0	0	1
