period	cc	year	CG_7_GDP	centralization	warfare	area	population	depend15	depend64	urban	pop_growth	trade	gini_gross	debt	fdi_liab	inflation	democracy	pol_comp	presidential	plurality	pol_rights	gdp_pc	lcentralization	lwarfare	larea	lpopulation	ldepend15	ldepend64	lurban	lpop_growth	ltrade	lgini_gross	ldebt	lfdi_liab	linflation	ldemocracy	lpol_comp	lpresidential	lplurality	lpol_rights	lgdp_pc	per01	per02	per03	per04	per05	per06	per07	per08	cc6	cc10	cc13	cc14	cc18	cc21	cc24	cc27	cc32	cc34	cc42	cc44	cc45	cc51	cc56	cc59	cc63	cc68	cc71	cc74	cc75	cc79	cc82	cc83	cc84	cc93	cc94	cc96	cc101	cc113	cc114	cc116	cc118	cc119	cc121	cc123	cc125	cc136	cc137	cc143	cc144	cc145	cc152	cc154	cc158	cc161	cc164	cc167	cc171	cc174	cc178	cc180	cc183	cc185	cc186	cc188	cc191	cc217	cc219	cc220	cc225	cc227	cc228	cc233	cc234	cc240	cc246	cc247	cc248	cc252	cc256	cc257	cc258	cc262	cc274	cc276
7	6	2003	34.03574	100	2.4000001	13.997832	16.535578	95.644615	4.928041	51.960602	4.0119047	141.15469	59.220188	59.806541	9.5209789	80.059143	-2.2	7.5999999	1	0	6	6.9318309	100	6	13.997832	16.394094	95.538322	4.9884677	46.9874	3.2051282	154.09622	51.964218	135.23801	8.4992723	1300.8677	-2.8	6	1	0	6	6.2832885	0	0	0	0	0	0	1	0	1	0	0	0	0	0	0	0	0	0	0	0	0	0	0	0	0	0	0	0	0	0	0	0	0	0	0	0	0	0	0	0	0	0	0	0	0	0	0	0	0	0	0	0	0	0	0	0	0	0	0	0	0	0	0	0	0	0	0	0	0	0	0	0	0	0	0	0	0	0	0	0	0	0	0	0
4	10	1988	11.949428	61.714081	0	14.808763	17.274702	51.133274	14.468559	86.205597	1.9368279	16.000284	43.631573	60.969524	8.8388939	1144.8917	7.5999999	7.4000001	1	0	1.6	8.14785	72.296562	.2	14.808763	17.196367	50.636185	13.634814	84.177597	1.4039409	15.048242	41.172844	40.985859	8.3517094	385.7738	1.6	5	1	0	3.8	8.2158976	0	0	0	1	0	0	0	0	0	1	0	0	0	0	0	0	0	0	0	0	0	0	0	0	0	0	0	0	0	0	0	0	0	0	0	0	0	0	0	0	0	0	0	0	0	0	0	0	0	0	0	0	0	0	0	0	0	0	0	0	0	0	0	0	0	0	0	0	0	0	0	0	0	0	0	0	0	0	0	0	0	0	0	0
5	10	1993	13.809123	56.823685	0	14.808763	17.341698	48.811382	15.171429	87.986	1.1942959	16.497944	44.474213	36.520119	9.827117	34.231953	7	9	1	0	1.8	8.8322802	61.714081	0	14.808763	17.274702	51.133274	14.468559	86.205597	1.9368279	16.000284	43.631573	60.969524	8.8388939	1144.8917	7.5999999	7.4000001	1	0	1.6	8.14785	0	0	0	0	1	0	0	0	0	1	0	0	0	0	0	0	0	0	0	0	0	0	0	0	0	0	0	0	0	0	0	0	0	0	0	0	0	0	0	0	0	0	0	0	0	0	0	0	0	0	0	0	0	0	0	0	0	0	0	0	0	0	0	0	0	0	0	0	0	0	0	0	0	0	0	0	0	0	0	0	0	0	0	0
6	10	1998	15.984253	58.222885	0	14.808763	17.404354	45.86274	15.690331	89.536598	1.1269841	22.420864	47.471855	39.122898	10.80127	-.604168	7.4000001	9	1	0	2	8.9781189	56.823685	0	14.808763	17.341698	48.811382	15.171429	87.986	1.1942959	16.497944	44.474213	36.520119	9.827117	34.231953	7	9	1	0	1.8	8.8322802	0	0	0	0	0	1	0	0	0	1	0	0	0	0	0	0	0	0	0	0	0	0	0	0	0	0	0	0	0	0	0	0	0	0	0	0	0	0	0	0	0	0	0	0	0	0	0	0	0	0	0	0	0	0	0	0	0	0	0	0	0	0	0	0	0	0	0	0	0	0	0	0	0	0	0	0	0	0	0	0	0	0	0	0
7	10	2003	18.929899	63.429813	0	14.808763	17.452959	42.830132	15.964285	90.879204	1.0668564	37.947021	48.536751	114.37478	10.905325	11.700214	8	9	1	0	2.4000001	8.3354874	58.222885	0	14.808763	17.404354	45.86274	15.690331	89.536598	1.1269841	22.420864	47.471855	39.122898	10.80127	-.604168	7.4000001	9	1	0	2	8.9781189	0	0	0	0	0	0	1	0	0	1	0	0	0	0	0	0	0	0	0	0	0	0	0	0	0	0	0	0	0	0	0	0	0	0	0	0	0	0	0	0	0	0	0	0	0	0	0	0	0	0	0	0	0	0	0	0	0	0	0	0	0	0	0	0	0	0	0	0	0	0	0	0	0	0	0	0	0	0	0	0	0	0	0	0
7	13	2003	24.186604	74.177383	0	15.85673	16.800983	29.985277	18.965754	87.7752	1.0526316	39.487141	43.311539	13.57278	12.17251	3.535048	10	10	0	1	1	10.222333	62.635983	0	15.85673	16.749136	31.554794	18.48382	86.741402	1.1111112	40.28928	42.611542	24.117781	11.673552	1.615607	10	10	0	1	1	10.016976	0	0	0	0	0	0	1	0	0	0	1	0	0	0	0	0	0	0	0	0	0	0	0	0	0	0	0	0	0	0	0	0	0	0	0	0	0	0	0	0	0	0	0	0	0	0	0	0	0	0	0	0	0	0	0	0	0	0	0	0	0	0	0	0	0	0	0	0	0	0	0	0	0	0	0	0	0	0	0	0	0	0	0	0
8	13	2008	24.3001	73.089119	0	15.85673	16.887945	28.462711	19.497152	88.700401	1.9523809	41.698956	44.982212	13.827392	12.843622	4.1043301	10	10	0	1	1	10.764782	74.177383	0	15.85673	16.800983	29.985277	18.965754	87.7752	1.0526316	39.487141	43.311539	13.57278	12.17251	3.535048	10	10	0	1	1	10.222333	0	0	0	0	0	0	0	1	0	0	1	0	0	0	0	0	0	0	0	0	0	0	0	0	0	0	0	0	0	0	0	0	0	0	0	0	0	0	0	0	0	0	0	0	0	0	0	0	0	0	0	0	0	0	0	0	0	0	0	0	0	0	0	0	0	0	0	0	0	0	0	0	0	0	0	0	0	0	0	0	0	0	0	0
7	14	2003	40.912971	79.793327	0	11.319947	15.909799	24.192911	23.403061	66.240402	.49691358	96.489006	48.315159	65.958504	11.056755	1.597104	10	10	0	0	1	10.316314	76.532242	0	11.319947	15.894952	25.695854	22.711035	65.800003	.25316456	81.268883	43.527016	66.244141	10.04312	.4228076	10	10	0	0	1	10.185601	0	0	0	0	0	0	1	0	0	0	0	1	0	0	0	0	0	0	0	0	0	0	0	0	0	0	0	0	0	0	0	0	0	0	0	0	0	0	0	0	0	0	0	0	0	0	0	0	0	0	0	0	0	0	0	0	0	0	0	0	0	0	0	0	0	0	0	0	0	0	0	0	0	0	0	0	0	0	0	0	0	0	0	0
8	14	2008	38.781807	77.47506	0	11.319748	15.936557	22.456839	25.124138	67.085999	.48486629	106.42944	48.607761	65.802559	12.458786	1.726102	10	10	0	0	1	10.711997	79.793327	0	11.319947	15.909799	24.192911	23.403061	66.240402	.49691358	96.489006	48.315159	65.958504	11.056755	1.597104	10	10	0	0	1	10.316314	0	0	0	0	0	0	0	1	0	0	0	1	0	0	0	0	0	0	0	0	0	0	0	0	0	0	0	0	0	0	0	0	0	0	0	0	0	0	0	0	0	0	0	0	0	0	0	0	0	0	0	0	0	0	0	0	0	0	0	0	0	0	0	0	0	0	0	0	0	0	0	0	0	0	0	0	0	0	0	0	0	0	0	0
8	18	2008	12.706159	100	0	11.776597	18.79855	51.600788	7.1018562	26.990801	1.4285715	45.838192	57.999744	44.384075	8.5475492	6.748498	.80000001	5.8000002	0	1	3.8	6.2868066	100	0	11.776597	18.72751	58.815281	6.9245358	24.8176	1.5384616	36.071941	48.409187	50.145119	7.9609995	3.72471	6	7	0	1	3.8	5.9313459	0	0	0	0	0	0	0	1	0	0	0	0	1	0	0	0	0	0	0	0	0	0	0	0	0	0	0	0	0	0	0	0	0	0	0	0	0	0	0	0	0	0	0	0	0	0	0	0	0	0	0	0	0	0	0	0	0	0	0	0	0	0	0	0	0	0	0	0	0	0	0	0	0	0	0	0	0	0	0	0	0	0	0	0
7	21	2003	42.83931	85.217979	0	10.318243	16.118095	25.735348	26.086	97.222397	0	148.50986	39.566898	99.019142	12.720386	2.110522	10	10	0	0	1	10.284338	87.684944	0	10.318243	16.118095	26.162348	25.061308	96.981598	0	137.72638	46.879303	117.8408	11.975632	1.0812594	10	10	0	0	1	10.126507	0	0	0	0	0	0	1	0	0	0	0	0	0	1	0	0	0	0	0	0	0	0	0	0	0	0	0	0	0	0	0	0	0	0	0	0	0	0	0	0	0	0	0	0	0	0	0	0	0	0	0	0	0	0	0	0	0	0	0	0	0	0	0	0	0	0	0	0	0	0	0	0	0	0	0	0	0	0	0	0	0	0	0	0
8	21	2008	42.600281	84.174591	0	10.318243	16.194344	25.618084	26.30629	97.390404	2	157.66937	37.969681	90.986038	13.623202	2.019598	8.3999996	7.5999999	0	0	1	10.680591	85.217979	0	10.318243	16.118095	25.735348	26.086	97.222397	0	148.50986	39.566898	99.019142	12.720386	2.110522	10	10	0	0	1	10.284338	0	0	0	0	0	0	0	1	0	0	0	0	0	1	0	0	0	0	0	0	0	0	0	0	0	0	0	0	0	0	0	0	0	0	0	0	0	0	0	0	0	0	0	0	0	0	0	0	0	0	0	0	0	0	0	0	0	0	0	0	0	0	0	0	0	0	0	0	0	0	0	0	0	0	0	0	0	0	0	0	0	0	0	0
8	24	2008	21.260931	100	0	11.633017	15.938205	83.204903	5.6911502	42.956001	2.9883642	44.400684	36.366428	25.651924	7.3964434	3.3367319	7	9	1	0	2	6.5679984	100	0	11.633017	15.782978	86.620316	5.7293682	39.935001	3.5149057	51.446087	37.093201	53.848042	6.7247791	2.290904	6	9	1	0	2.4000001	6.156353	0	0	0	0	0	0	0	1	0	0	0	0	0	0	1	0	0	0	0	0	0	0	0	0	0	0	0	0	0	0	0	0	0	0	0	0	0	0	0	0	0	0	0	0	0	0	0	0	0	0	0	0	0	0	0	0	0	0	0	0	0	0	0	0	0	0	0	0	0	0	0	0	0	0	0	0	0	0	0	0	0	0	0	0
4	27	1988	12.403177	86.119537	0	13.910821	15.668119	75.009666	6.6958346	53.553799	2.537921	45.874344	50.95628	122.223	5.3537502	58.333359	9	9	1	1	2	6.6158094	62.853107	0	13.910821	15.559031	77.480988	6.7145176	48.491798	2.132103	52.190163	52.276974	161.224	5.2809987	2847.0134	5.1999998	6.1999998	1	1	4	7.045711	0	0	0	1	0	0	0	0	0	0	0	0	0	0	0	1	0	0	0	0	0	0	0	0	0	0	0	0	0	0	0	0	0	0	0	0	0	0	0	0	0	0	0	0	0	0	0	0	0	0	0	0	0	0	0	0	0	0	0	0	0	0	0	0	0	0	0	0	0	0	0	0	0	0	0	0	0	0	0	0	0	0	0	0
5	27	1993	21.077202	81.199165	0	13.910821	15.780651	73.626884	6.9852476	57.8708	2.2519417	48.723969	51.885841	87.650703	6.2011538	11.365054	9	9	1	1	2	6.711719	86.119537	0	13.910821	15.668119	75.009666	6.6958346	53.553799	2.537921	45.874344	50.95628	122.223	5.3537502	58.333359	9	9	1	1	2	6.6158094	0	0	0	0	1	0	0	0	0	0	0	0	0	0	0	1	0	0	0	0	0	0	0	0	0	0	0	0	0	0	0	0	0	0	0	0	0	0	0	0	0	0	0	0	0	0	0	0	0	0	0	0	0	0	0	0	0	0	0	0	0	0	0	0	0	0	0	0	0	0	0	0	0	0	0	0	0	0	0	0	0	0	0	0
6	27	1998	22.809406	74.666931	0	13.910821	15.889477	71.895103	7.3285933	60.860401	2.2649665	48.474628	56.60281	64.085899	8.0079565	6.3886681	9	9	1	1	1.2	6.9229569	81.199165	0	13.910821	15.780651	73.626884	6.9852476	57.8708	2.2519417	48.723969	51.885841	87.650703	6.2011538	11.365054	9	9	1	1	2	6.711719	0	0	0	0	0	1	0	0	0	0	0	0	0	0	0	1	0	0	0	0	0	0	0	0	0	0	0	0	0	0	0	0	0	0	0	0	0	0	0	0	0	0	0	0	0	0	0	0	0	0	0	0	0	0	0	0	0	0	0	0	0	0	0	0	0	0	0	0	0	0	0	0	0	0	0	0	0	0	0	0	0	0	0	0
7	27	2003	29.389219	85.772705	0	13.910821	15.989926	68.520531	7.5950732	63.247002	2.0342457	54.330425	55.653168	65.834358	8.5844431	4.9858699	8.3999996	7.8000002	1	1	2.4000001	6.8682756	74.666931	0	13.910821	15.889477	71.895103	7.3285933	60.860401	2.2649665	48.474628	56.60281	64.085899	8.0079565	6.3886681	9	9	1	1	1.2	6.9229569	0	0	0	0	0	0	1	0	0	0	0	0	0	0	0	1	0	0	0	0	0	0	0	0	0	0	0	0	0	0	0	0	0	0	0	0	0	0	0	0	0	0	0	0	0	0	0	0	0	0	0	0	0	0	0	0	0	0	0	0	0	0	0	0	0	0	0	0	0	0	0	0	0	0	0	0	0	0	0	0	0	0	0	0
8	27	2008	25.777742	74.675201	0	13.910821	16.079107	63.271107	7.8112149	65.514999	1.2481674	75.521057	55.35965	42.326	8.6909609	7.5551739	7.5999999	7	1	1	3	7.3757901	85.772705	0	13.910821	15.989926	68.520531	7.5950732	63.247002	2.0342457	54.330425	55.653168	65.834358	8.5844431	4.9858699	8.3999996	7.8000002	1	1	2.4000001	6.8682756	0	0	0	0	0	0	0	1	0	0	0	0	0	0	0	1	0	0	0	0	0	0	0	0	0	0	0	0	0	0	0	0	0	0	0	0	0	0	0	0	0	0	0	0	0	0	0	0	0	0	0	0	0	0	0	0	0	0	0	0	0	0	0	0	0	0	0	0	0	0	0	0	0	0	0	0	0	0	0	0	0	0	0	0
4	32	1988	29.125113	98.558182	0	13.247639	14.076688	87.803123	4.9150772	35.8494	3.2051282	113.4049	56.008572	25.62138	7.0684676	13.880244	6.8000002	9	0	1	1.6	7.3527093	100	0	13.247639	13.909161	90.896919	4.7387362	22.625999	3.8676238	122.84258	55.236347	26.991039	6.4890342	10.134658	6	9	0	1	2	6.7115655	0	0	0	1	0	0	0	0	0	0	0	0	0	0	0	0	1	0	0	0	0	0	0	0	0	0	0	0	0	0	0	0	0	0	0	0	0	0	0	0	0	0	0	0	0	0	0	0	0	0	0	0	0	0	0	0	0	0	0	0	0	0	0	0	0	0	0	0	0	0	0	0	0	0	0	0	0	0	0	0	0	0	0	0
5	32	1993	36.635555	99.315414	0	13.247639	14.220085	79.058296	4.9555912	46.1618	2.7619047	91.922218	56.978889	19.813841	7.0989738	8.3001575	7	9	0	1	1.6	7.9317527	98.558182	0	13.247639	14.076688	87.803123	4.9150772	35.8494	3.2051282	113.4049	56.008572	25.62138	7.0684676	13.880244	6.8000002	9	0	1	1.6	7.3527093	0	0	0	0	1	0	0	0	0	0	0	0	0	0	0	0	1	0	0	0	0	0	0	0	0	0	0	0	0	0	0	0	0	0	0	0	0	0	0	0	0	0	0	0	0	0	0	0	0	0	0	0	0	0	0	0	0	0	0	0	0	0	0	0	0	0	0	0	0	0	0	0	0	0	0	0	0	0	0	0	0	0	0	0
6	32	1998	35.408016	100	0	13.247639	14.345446	68.285843	5.0377026	51.5238	2.4264705	94.629074	55.508854	16.219641	7.1885824	11.892666	7.8000002	9	0	1	2	8.0639095	99.315414	0	13.247639	14.220085	79.058296	4.9555912	46.1618	2.7619047	91.922218	56.978889	19.813841	7.0989738	8.3001575	7	9	0	1	1.6	7.9317527	0	0	0	0	0	1	0	0	0	0	0	0	0	0	0	0	1	0	0	0	0	0	0	0	0	0	0	0	0	0	0	0	0	0	0	0	0	0	0	0	0	0	0	0	0	0	0	0	0	0	0	0	0	0	0	0	0	0	0	0	0	0	0	0	0	0	0	0	0	0	0	0	0	0	0	0	0	0	0	0	0	0	0	0
4	34	1988	31.941793	71.45591	0	15.955577	18.78475	60.1367	7.2025733	72.297997	1.4285715	14.93623	57.663349	69.030243	10.13413	989.01978	7.5999999	9	1	1	2	7.6124296	70.063515	0	15.955577	18.681858	63.569695	6.9673014	68.104401	3.2051282	18.603912	56.25238	42.221741	9.772543	159.3502	-1.2	3.4000001	0	1	3.4000001	7.3240199	0	0	0	1	0	0	0	0	0	0	0	0	0	0	0	0	0	1	0	0	0	0	0	0	0	0	0	0	0	0	0	0	0	0	0	0	0	0	0	0	0	0	0	0	0	0	0	0	0	0	0	0	0	0	0	0	0	0	0	0	0	0	0	0	0	0	0	0	0	0	0	0	0	0	0	0	0	0	0	0	0	0	0	0
5	34	1993	28.531116	62.290276	0	15.955577	18.864868	54.470577	7.7603483	76.134804	1.3333334	18.048422	57.157658	61.209278	10.576962	1145.7983	8	9	1	1	2.2	7.9414473	71.45591	0	15.955577	18.78475	60.1367	7.2025733	72.297997	1.4285715	14.93623	57.663349	69.030243	10.13413	989.01978	7.5999999	9	1	1	2	7.6124296	0	0	0	0	1	0	0	0	0	0	0	0	0	0	0	0	0	1	0	0	0	0	0	0	0	0	0	0	0	0	0	0	0	0	0	0	0	0	0	0	0	0	0	0	0	0	0	0	0	0	0	0	0	0	0	0	0	0	0	0	0	0	0	0	0	0	0	0	0	0	0	0	0	0	0	0	0	0	0	0	0	0	0	0
6	34	1998	23.876709	57.300529	0	15.955577	18.939184	47.83794	8.321559	79.759201	1.25	17.71715	57.124577	58.576881	11.384536	8.7240982	8	9	1	1	2.8	8.3927164	62.290276	0	15.955577	18.864868	54.470577	7.7603483	76.134804	1.3333334	18.048422	57.157658	61.209278	10.576962	1145.7983	8	9	1	1	2.2	7.9414473	0	0	0	0	0	1	0	0	0	0	0	0	0	0	0	0	0	1	0	0	0	0	0	0	0	0	0	0	0	0	0	0	0	0	0	0	0	0	0	0	0	0	0	0	0	0	0	0	0	0	0	0	0	0	0	0	0	0	0	0	0	0	0	0	0	0	0	0	0	0	0	0	0	0	0	0	0	0	0	0	0	0	0	0
6	42	1998	17.980362	100	4	10.153468	15.646358	91.649895	5.8302016	7.8319998	1.5679256	16.558777	39.223038	143.78259	3.9751821	22.4401	-2.5999999	4.4000001	.80000001	0	6.5999999	5.248076	100	2.4000001	10.153468	15.590176	88.205566	5.9273367	6.835	2.0590825	23.796877	35.457264	105.13392	3.8941386	7.9957399	-2	1	.60000002	.60000002	6.4000001	5.5235023	0	0	0	0	0	1	0	0	0	0	0	0	0	0	0	0	0	0	1	0	0	0	0	0	0	0	0	0	0	0	0	0	0	0	0	0	0	0	0	0	0	0	0	0	0	0	0	0	0	0	0	0	0	0	0	0	0	0	0	0	0	0	0	0	0	0	0	0	0	0	0	0	0	0	0	0	0	0	0	0	0	0	0	0
4	44	1988	16.608713	100	0	13.066237	16.248211	88.497032	6.9938054	38.286999	3.8181818	40.552845	47.806751	34.2369	7.1702914	-.31503099	-8	1	1	1	6	6.8537693	100	0	13.066237	16.11668	87.646324	7.0433764	34.507599	2.3660734	46.589783	48.822975	27.208679	6.8063464	11.756918	-7.8000002	1	1	1	6	6.7498116	0	0	0	1	0	0	0	0	0	0	0	0	0	0	0	0	0	0	0	1	0	0	0	0	0	0	0	0	0	0	0	0	0	0	0	0	0	0	0	0	0	0	0	0	0	0	0	0	0	0	0	0	0	0	0	0	0	0	0	0	0	0	0	0	0	0	0	0	0	0	0	0	0	0	0	0	0	0	0	0	0	0	0	0
6	44	1998	13.672748	100	0	13.066237	16.522671	82.027176	6.6331134	44.354401	2.7619047	40.455803	45.073887	95.721321	7.1473613	2.976198	-4	6	1	1	7	6.4587426	100	0	13.066237	16.410103	86.729904	6.8399706	41.406601	3.2051282	38.70483	46.536465	77.357162	7.1153316	8.4514303	-4.8000002	5	1	1	6.1999998	6.6334224	0	0	0	0	0	1	0	0	0	0	0	0	0	0	0	0	0	0	0	1	0	0	0	0	0	0	0	0	0	0	0	0	0	0	0	0	0	0	0	0	0	0	0	0	0	0	0	0	0	0	0	0	0	0	0	0	0	0	0	0	0	0	0	0	0	0	0	0	0	0	0	0	0	0	0	0	0	0	0	0	0	0	0	0
7	45	2003	18.417442	45.068367	0	16.023785	17.268547	26.430641	18.661287	79.864403	.64516127	75.391846	43.236797	76.796761	12.963113	2.53476	10	10	0	1	1	10.228035	46.49593	0	16.023785	17.223267	28.929882	18.151485	78.756798	1.3563218	79.752922	42.211491	93.3395	12.52867	1.764714	10	10	0	1	1	9.9790487	0	0	0	0	0	0	1	0	0	0	0	0	0	0	0	0	0	0	0	0	1	0	0	0	0	0	0	0	0	0	0	0	0	0	0	0	0	0	0	0	0	0	0	0	0	0	0	0	0	0	0	0	0	0	0	0	0	0	0	0	0	0	0	0	0	0	0	0	0	0	0	0	0	0	0	0	0	0	0	0	0	0	0	0
8	45	2008	17.72159	44.560879	0	16.023785	17.323959	24.231792	19.619421	80.381203	1.2310606	65.272972	42.766453	75.028458	13.616703	2.0685439	10	10	0	1	1	10.659899	45.068367	0	16.023785	17.268547	26.430641	18.661287	79.864403	.64516127	75.391846	43.236797	76.796761	12.963113	2.53476	10	10	0	1	1	10.228035	0	0	0	0	0	0	0	1	0	0	0	0	0	0	0	0	0	0	0	0	1	0	0	0	0	0	0	0	0	0	0	0	0	0	0	0	0	0	0	0	0	0	0	0	0	0	0	0	0	0	0	0	0	0	0	0	0	0	0	0	0	0	0	0	0	0	0	0	0	0	0	0	0	0	0	0	0	0	0	0	0	0	0	0
4	51	1988	19.514772	95.462311	0	13.519167	16.36445	47.378899	9.4655542	83.012199	1.6666666	56.698441	52.523689	117.01622	8.6852694	21.316879	.60000002	6	1	1	4.5999999	7.6551046	92.829506	0	13.519167	16.283014	50.403168	9.2445889	82.071602	1.8181819	44.047009	52.139523	81.4888	8.4901543	19.110701	-6.4000001	1.6	1	1	6	7.6275043	0	0	0	1	0	0	0	0	0	0	0	0	0	0	0	0	0	0	0	0	0	1	0	0	0	0	0	0	0	0	0	0	0	0	0	0	0	0	0	0	0	0	0	0	0	0	0	0	0	0	0	0	0	0	0	0	0	0	0	0	0	0	0	0	0	0	0	0	0	0	0	0	0	0	0	0	0	0	0	0	0	0	0	0
5	51	1993	18.636505	93.921112	0	13.519167	16.439747	46.747044	10.078614	83.931602	1.5384616	54.418186	51.688087	48.274158	9.5733461	14.24602	8	9	1	1	2	8.2395601	95.462311	0	13.519167	16.36445	47.378899	9.4655542	83.012199	1.6666666	56.698441	52.523689	117.01622	8.6852694	21.316879	.60000002	6	1	1	4.5999999	7.6551046	0	0	0	0	1	0	0	0	0	0	0	0	0	0	0	0	0	0	0	0	0	1	0	0	0	0	0	0	0	0	0	0	0	0	0	0	0	0	0	0	0	0	0	0	0	0	0	0	0	0	0	0	0	0	0	0	0	0	0	0	0	0	0	0	0	0	0	0	0	0	0	0	0	0	0	0	0	0	0	0	0	0	0	0
6	51	1998	20.520634	91.503059	0	13.519167	16.523561	44.525269	10.900227	85.316399	1.4285715	55.735371	52.704826	22.986799	10.526471	4.3266821	8.1999998	9	1	1	2.2	8.5721731	93.921112	0	13.519167	16.439747	46.747044	10.078614	83.931602	1.5384616	54.418186	51.688087	48.274158	9.5733461	14.24602	8	9	1	1	2	8.2395601	0	0	0	0	0	1	0	0	0	0	0	0	0	0	0	0	0	0	0	0	0	1	0	0	0	0	0	0	0	0	0	0	0	0	0	0	0	0	0	0	0	0	0	0	0	0	0	0	0	0	0	0	0	0	0	0	0	0	0	0	0	0	0	0	0	0	0	0	0	0	0	0	0	0	0	0	0	0	0	0	0	0	0	0
7	51	2003	20.932817	95.100159	0	13.519167	16.588099	39.390438	11.711746	86.952202	1.3333334	67.291031	51.64732	12.3316	10.891338	5.7903061	9	9	1	1	1.4	8.585515	91.503059	0	13.519167	16.523561	44.525269	10.900227	85.316399	1.4285715	55.735371	52.704826	22.986799	10.526471	4.3266821	8.1999998	9	1	1	2.2	8.5721731	0	0	0	0	0	0	1	0	0	0	0	0	0	0	0	0	0	0	0	0	0	1	0	0	0	0	0	0	0	0	0	0	0	0	0	0	0	0	0	0	0	0	0	0	0	0	0	0	0	0	0	0	0	0	0	0	0	0	0	0	0	0	0	0	0	0	0	0	0	0	0	0	0	0	0	0	0	0	0	0	0	0	0	0
8	51	2008	21.28631	93.049133	0	13.519167	16.636599	34.01128	12.886475	88.414398	1.25	73.646446	50.484085	5.9930639	11.610178	6.159615	10	10	1	1	1	9.2695761	95.100159	0	13.519167	16.588099	39.390438	11.711746	86.952202	1.3333334	67.291031	51.64732	12.3316	10.891338	5.7903061	9	9	1	1	1.4	8.585515	0	0	0	0	0	0	0	1	0	0	0	0	0	0	0	0	0	0	0	0	0	1	0	0	0	0	0	0	0	0	0	0	0	0	0	0	0	0	0	0	0	0	0	0	0	0	0	0	0	0	0	0	0	0	0	0	0	0	0	0	0	0	0	0	0	0	0	0	0	0	0	0	0	0	0	0	0	0	0	0	0	0	0	0
4	56	1988	8.2339392	94.385124	0	13.910821	17.280855	63.260796	7.1657953	67.195198	1.9368279	25.17123	46.813065	35.350281	8.2876501	26.21356	8	9	1	0	2.4000001	7.4290061	71.080582	0	13.910821	17.168276	68.739525	7.0343781	64.192802	2.1446817	20.604313	56.087128	21.19388	7.5822334	23.00404	8	9	1	0	2	7.5182137	0	0	0	1	0	0	0	0	0	0	0	0	0	0	0	0	0	0	0	0	0	0	1	0	0	0	0	0	0	0	0	0	0	0	0	0	0	0	0	0	0	0	0	0	0	0	0	0	0	0	0	0	0	0	0	0	0	0	0	0	0	0	0	0	0	0	0	0	0	0	0	0	0	0	0	0	0	0	0	0	0	0	0	0
5	56	1993	9.7589941	100	0	13.910821	17.370531	59.1595	7.3447552	69.620003	2.32128	28.367094	50.346912	29.309919	8.7740879	28.11508	8.6000004	8.6000004	1	0	2.5999999	7.6962466	94.385124	0	13.910821	17.280855	63.260796	7.1657953	67.195198	1.9368279	25.17123	46.813065	35.350281	8.2876501	26.21356	8	9	1	0	2.4000001	7.4290061	0	0	0	0	1	0	0	0	0	0	0	0	0	0	0	0	0	0	0	0	0	0	1	0	0	0	0	0	0	0	0	0	0	0	0	0	0	0	0	0	0	0	0	0	0	0	0	0	0	0	0	0	0	0	0	0	0	0	0	0	0	0	0	0	0	0	0	0	0	0	0	0	0	0	0	0	0	0	0	0	0	0	0	0
6	56	1998	16.354797	85.886314	0	13.910821	17.463217	54.476925	7.4957538	71.451401	1.5796769	29.788164	53.329502	30.80625	9.5612211	18.573099	7	7	1	0	3.8	7.9792914	100	0	13.910821	17.370531	59.1595	7.3447552	69.620003	2.32128	28.367094	50.346912	29.309919	8.7740879	28.11508	8.6000004	8.6000004	1	0	2.5999999	7.6962466	0	0	0	0	0	1	0	0	0	0	0	0	0	0	0	0	0	0	0	0	0	0	1	0	0	0	0	0	0	0	0	0	0	0	0	0	0	0	0	0	0	0	0	0	0	0	0	0	0	0	0	0	0	0	0	0	0	0	0	0	0	0	0	0	0	0	0	0	0	0	0	0	0	0	0	0	0	0	0	0	0	0	0	0
4	59	1988	19.335684	99.39183	0	10.840756	14.886303	60.521271	8.4970627	48.634998	2.8113482	63.508427	44.907711	81.716759	5.5706577	16.94206	10	10	1	0	1	7.6609831	100	0	10.840756	14.746873	61.753735	8.5244112	44.5774	3.2721293	69.800781	50.799915	101.78234	4.9817696	44.653419	10	10	1	0	1	7.3589668	0	0	0	1	0	0	0	0	0	0	0	0	0	0	0	0	0	0	0	0	0	0	0	1	0	0	0	0	0	0	0	0	0	0	0	0	0	0	0	0	0	0	0	0	0	0	0	0	0	0	0	0	0	0	0	0	0	0	0	0	0	0	0	0	0	0	0	0	0	0	0	0	0	0	0	0	0	0	0	0	0	0	0	0
7	63	2003	43.03841	101.75887	0	9.1312971	13.493981	30.553185	15.286609	69.125603	1.1784482	101.99002	45.660801	66.713478	8.9804401	3.0534959	10	10	1	0	1	9.7815609	102.9438	0	9.1312971	13.426817	34.928604	15.277052	68.403999	1.9755652	105.39626	42.998245	57.16634	7.9371777	2.7672541	10	10	1	0	1	9.524169	0	0	0	0	0	0	1	0	0	0	0	0	0	0	0	0	0	0	0	0	0	0	0	0	1	0	0	0	0	0	0	0	0	0	0	0	0	0	0	0	0	0	0	0	0	0	0	0	0	0	0	0	0	0	0	0	0	0	0	0	0	0	0	0	0	0	0	0	0	0	0	0	0	0	0	0	0	0	0	0	0	0	0	0
8	63	2008	44.340851	100.41167	0	9.1312971	13.581741	26.483751	15.928982	69.964203	2	96.578011	47.475742	58.159538	9.8163185	2.8196235	10	10	1	0	1	10.242956	101.75887	0	9.1312971	13.493981	30.553185	15.286609	69.125603	1.1784482	101.99002	45.660801	66.713478	8.9804401	3.0534959	10	10	1	0	1	9.7815609	0	0	0	0	0	0	0	1	0	0	0	0	0	0	0	0	0	0	0	0	0	0	0	0	1	0	0	0	0	0	0	0	0	0	0	0	0	0	0	0	0	0	0	0	0	0	0	0	0	0	0	0	0	0	0	0	0	0	0	0	0	0	0	0	0	0	0	0	0	0	0	0	0	0	0	0	0	0	0	0	0	0	0	0
7	68	2003	33.987255	62.662079	0	10.655611	15.501909	28.267084	22.460171	85.553596	.3773585	87.895477	45.98859	54.448021	11.341936	2.3298039	10	10	0	0	1	10.553508	66.295753	0	10.655611	15.483217	26.976784	22.323362	85.051598	.38461539	76.404877	47.171276	67.272774	10.41873	1.9725519	10	10	0	0	1	10.389779	0	0	0	0	0	0	1	0	0	0	0	0	0	0	0	0	0	0	0	0	0	0	0	0	0	1	0	0	0	0	0	0	0	0	0	0	0	0	0	0	0	0	0	0	0	0	0	0	0	0	0	0	0	0	0	0	0	0	0	0	0	0	0	0	0	0	0	0	0	0	0	0	0	0	0	0	0	0	0	0	0	0	0	0
8	68	2008	37.558762	69.400368	0	10.655611	15.520192	27.878649	24.029398	86.419403	.37037036	99.24511	51.654423	40.538639	11.678454	2.7149673	10	10	0	0	1	10.939422	62.662079	0	10.655611	15.501909	28.267084	22.460171	85.553596	.3773585	87.895477	45.98859	54.448021	11.341936	2.3298039	10	10	0	0	1	10.553508	0	0	0	0	0	0	0	1	0	0	0	0	0	0	0	0	0	0	0	0	0	0	0	0	0	1	0	0	0	0	0	0	0	0	0	0	0	0	0	0	0	0	0	0	0	0	0	0	0	0	0	0	0	0	0	0	0	0	0	0	0	0	0	0	0	0	0	0	0	0	0	0	0	0	0	0	0	0	0	0	0	0	0	0
5	71	1993	11.360915	97.710739	0	10.785601	15.845893	64.46386	7.4821639	56.647999	2.1317198	79.277397	48.003468	40.35994	6.8434792	26.593723	5.5999999	7	1	1	3	7.4001141	99.679161	0	10.785601	15.749449	68.270752	6.4975958	54.6828	2.0695319	103.28991	46.383621	56.448879	6.1331239	28.282854	6	7	1	1	1.2	6.9416504	0	0	0	0	1	0	0	0	0	0	0	0	0	0	0	0	0	0	0	0	0	0	0	0	0	0	1	0	0	0	0	0	0	0	0	0	0	0	0	0	0	0	0	0	0	0	0	0	0	0	0	0	0	0	0	0	0	0	0	0	0	0	0	0	0	0	0	0	0	0	0	0	0	0	0	0	0	0	0	0	0	0	0	0
6	71	1998	12.998363	99.471504	0	10.785601	15.936327	60.169197	8.5190039	60.085999	1.6934745	78.391418	47.382786	23.935061	7.619463	5.6975479	8	9	1	1	2.4000001	7.7953639	97.710739	0	10.785601	15.845893	64.46386	7.4821639	56.647999	2.1317198	79.277397	48.003468	40.35994	6.8434792	26.593723	5.5999999	7	1	1	3	7.4001141	0	0	0	0	0	1	0	0	0	0	0	0	0	0	0	0	0	0	0	0	0	0	0	0	0	0	1	0	0	0	0	0	0	0	0	0	0	0	0	0	0	0	0	0	0	0	0	0	0	0	0	0	0	0	0	0	0	0	0	0	0	0	0	0	0	0	0	0	0	0	0	0	0	0	0	0	0	0	0	0	0	0	0	0
7	71	2003	15.102741	100	0	10.785601	16.012487	55.55698	9.3839474	64.107002	1.3437675	76.689743	49.234882	30.956301	8.4509993	18.419861	8	9	1	1	2.2	7.9100471	99.471504	0	10.785601	15.936327	60.169197	8.5190039	60.085999	1.6934745	78.391418	47.382786	23.935061	7.619463	5.6975479	8	9	1	1	2.4000001	7.7953639	0	0	0	0	0	0	1	0	0	0	0	0	0	0	0	0	0	0	0	0	0	0	0	0	0	0	1	0	0	0	0	0	0	0	0	0	0	0	0	0	0	0	0	0	0	0	0	0	0	0	0	0	0	0	0	0	0	0	0	0	0	0	0	0	0	0	0	0	0	0	0	0	0	0	0	0	0	0	0	0	0	0	0	0
4	74	1988	28.653294	100	0	13.81095	17.811295	75.359261	6.6551013	43.661999	2.2959807	48.190136	34.092392	99.278976	9.1010294	18.91028	-6	2	0	1	5	7.2813516	100	0	13.81095	17.690237	77.403397	6.4572334	43.905998	2.1295888	62.810207	36.095558	125.785	8.2983389	7.7692399	-6	2	0	1	4.5999999	6.7259469	0	0	0	1	0	0	0	0	0	0	0	0	0	0	0	0	0	0	0	0	0	0	0	0	0	0	0	1	0	0	0	0	0	0	0	0	0	0	0	0	0	0	0	0	0	0	0	0	0	0	0	0	0	0	0	0	0	0	0	0	0	0	0	0	0	0	0	0	0	0	0	0	0	0	0	0	0	0	0	0	0	0	0	0
5	74	1993	32.564877	100	0	13.81095	17.909576	70.662941	7.0015421	43.079601	1.7251641	56.072025	35.451836	118.54712	9.4406986	12.497936	-6	2	0	1	5.5999999	6.7410159	100	0	13.81095	17.811295	75.359261	6.6551013	43.661999	2.2959807	48.190136	34.092392	99.278976	9.1010294	18.91028	-6	2	0	1	5	7.2813516	0	0	0	0	1	0	0	0	0	0	0	0	0	0	0	0	0	0	0	0	0	0	0	0	0	0	0	1	0	0	0	0	0	0	0	0	0	0	0	0	0	0	0	0	0	0	0	0	0	0	0	0	0	0	0	0	0	0	0	0	0	0	0	0	0	0	0	0	0	0	0	0	0	0	0	0	0	0	0	0	0	0	0	0
6	74	1998	26.738932	100	0	13.81095	17.992624	63.561665	7.3127322	42.803799	1.5881021	41.703716	39.957375	72.459282	9.7264442	5.3360634	-6	2	0	1	6	7.1792297	100	0	13.81095	17.909576	70.662941	7.0015421	43.079601	1.7251641	56.072025	35.451836	118.54712	9.4406986	12.497936	-6	2	0	1	5.5999999	6.7410159	0	0	0	0	0	1	0	0	0	0	0	0	0	0	0	0	0	0	0	0	0	0	0	0	0	0	0	1	0	0	0	0	0	0	0	0	0	0	0	0	0	0	0	0	0	0	0	0	0	0	0	0	0	0	0	0	0	0	0	0	0	0	0	0	0	0	0	0	0	0	0	0	0	0	0	0	0	0	0	0	0	0	0	0
7	74	2003	30.027391	100	0	13.81095	18.083471	55.863888	7.5147772	42.935001	1.7570556	50.526585	34.817364	103.69205	9.982729	5.9426479	-5.4000001	2.8	0	1	6	7.0767527	100	0	13.81095	17.992624	63.561665	7.3127322	42.803799	1.5881021	41.703716	39.957375	72.459282	9.7264442	5.3360634	-6	2	0	1	6	7.1792297	0	0	0	0	0	0	1	0	0	0	0	0	0	0	0	0	0	0	0	0	0	0	0	0	0	0	0	1	0	0	0	0	0	0	0	0	0	0	0	0	0	0	0	0	0	0	0	0	0	0	0	0	0	0	0	0	0	0	0	0	0	0	0	0	0	0	0	0	0	0	0	0	0	0	0	0	0	0	0	0	0	0	0	0
8	74	2008	33.931358	100	0	13.81095	18.177055	50.862984	7.739068	43.235802	1.6150942	61.711807	32.645111	82.00692	10.908479	10.687876	-3	6	1	1	6	7.6018853	100	0	13.81095	18.083471	55.863888	7.5147772	42.935001	1.7570556	50.526585	34.817364	103.69205	9.982729	5.9426479	-5.4000001	2.8	0	1	6	7.0767527	0	0	0	0	0	0	0	1	0	0	0	0	0	0	0	0	0	0	0	0	0	0	0	0	0	0	0	1	0	0	0	0	0	0	0	0	0	0	0	0	0	0	0	0	0	0	0	0	0	0	0	0	0	0	0	0	0	0	0	0	0	0	0	0	0	0	0	0	0	0	0	0	0	0	0	0	0	0	0	0	0	0	0	0
4	75	1988	15.67424	100	6	9.9388552	15.464022	80.41568	8.5020981	48.194199	1.1767722	44.723431	47.474121	80.277496	6.0164943	2.6866739	6	7	1	1	3	6.5333533	100	6	9.9388552	15.396328	86.611649	8.0022097	45.604801	1.2503618	53.681568	47.363087	72.571983	5.764184	4.1488361	3.5999999	7	1	1	3.4000001	5.6552277	0	0	0	1	0	0	0	0	0	0	0	0	0	0	0	0	0	0	0	0	0	0	0	0	0	0	0	0	1	0	0	0	0	0	0	0	0	0	0	0	0	0	0	0	0	0	0	0	0	0	0	0	0	0	0	0	0	0	0	0	0	0	0	0	0	0	0	0	0	0	0	0	0	0	0	0	0	0	0	0	0	0	0	0
5	75	1993	12.95857	100	2.4000001	9.9388552	15.53448	73.396477	8.8996153	52.073399	1.4685081	52.858089	48.753124	43.482861	6.2703104	7.9807739	7	9	1	1	3	7.1355062	100	6	9.9388552	15.464022	80.41568	8.5020981	48.194199	1.1767722	44.723431	47.474121	80.277496	6.0164943	2.6866739	6	7	1	1	3	6.5333533	0	0	0	0	1	0	0	0	0	0	0	0	0	0	0	0	0	0	0	0	0	0	0	0	0	0	0	0	1	0	0	0	0	0	0	0	0	0	0	0	0	0	0	0	0	0	0	0	0	0	0	0	0	0	0	0	0	0	0	0	0	0	0	0	0	0	0	0	0	0	0	0	0	0	0	0	0	0	0	0	0	0	0	0
6	75	1998	14.857697	100	0	9.9388552	15.583625	69.474335	9.6326885	56.933998	1.0346879	62.475651	49.624557	29.23402	7.1968846	3.5482097	7	9	1	.40000001	2.2	7.6030865	100	2.4000001	9.9388552	15.53448	73.396477	8.8996153	52.073399	1.4685081	52.858089	48.753124	43.482861	6.2703104	7.9807739	7	9	1	1	3	7.1355062	0	0	0	0	0	1	0	0	0	0	0	0	0	0	0	0	0	0	0	0	0	0	0	0	0	0	0	0	1	0	0	0	0	0	0	0	0	0	0	0	0	0	0	0	0	0	0	0	0	0	0	0	0	0	0	0	0	0	0	0	0	0	0	0	0	0	0	0	0	0	0	0	0	0	0	0	0	0	0	0	0	0	0	0
7	75	2003	20.094816	97.372742	0	9.9388552	15.610576	64.309494	10.573374	60.5536	.33333334	69.201538	48.020187	38.491241	8.0679684	2.996026	7	9	1	0	2	7.8338242	100	0	9.9388552	15.583625	69.474335	9.6326885	56.933998	1.0346879	62.475651	49.624557	29.23402	7.1968846	3.5482097	7	9	1	.40000001	2.2	7.6030865	0	0	0	0	0	0	1	0	0	0	0	0	0	0	0	0	0	0	0	0	0	0	0	0	0	0	0	0	1	0	0	0	0	0	0	0	0	0	0	0	0	0	0	0	0	0	0	0	0	0	0	0	0	0	0	0	0	0	0	0	0	0	0	0	0	0	0	0	0	0	0	0	0	0	0	0	0	0	0	0	0	0	0	0
8	75	2008	21.157614	96.536751	0	9.9388552	15.630303	55.967453	11.248648	63.2272	.32786885	70.719826	45.234196	44.495159	8.7690964	3.1715071	7.4000001	9	1	0	2	8.1101599	97.372742	0	9.9388552	15.610576	64.309494	10.573374	60.5536	.33333334	69.201538	48.020187	38.491241	8.0679684	2.996026	7	9	1	0	2	7.8338242	0	0	0	0	0	0	0	1	0	0	0	0	0	0	0	0	0	0	0	0	0	0	0	0	0	0	0	0	1	0	0	0	0	0	0	0	0	0	0	0	0	0	0	0	0	0	0	0	0	0	0	0	0	0	0	0	0	0	0	0	0	0	0	0	0	0	0	0	0	0	0	0	0	0	0	0	0	0	0	0	0	0	0	0
4	79	1988	19.582628	100	6	13.910821	17.625484	85.668159	5.4682856	12.1538	3.2082376	17.917456	36.986095	86.878319	4.8516927	.113802	-8	1	1	1	6.5999999	5.4367819	100	6	13.910821	17.4676	84.611038	5.4342518	11.0358	3.2194815	22.695789	33.874454	55.440479	4.8274083	9.0069675	-7.4000001	1	1	1	7	5.2214484	0	0	0	1	0	0	0	0	0	0	0	0	0	0	0	0	0	0	0	0	0	0	0	0	0	0	0	0	0	1	0	0	0	0	0	0	0	0	0	0	0	0	0	0	0	0	0	0	0	0	0	0	0	0	0	0	0	0	0	0	0	0	0	0	0	0	0	0	0	0	0	0	0	0	0	0	0	0	0	0	0	0	0	0
5	79	1993	15.621809	100	1.2	13.853635	17.796038	88.446747	5.5722437	13.3446	3.4999385	19.837376	40.097729	126.52422	5.0425296	12.726044	.75	6	1	1	5.5999999	5.1121421	100	6	13.910821	17.625484	85.668159	5.4682856	12.1538	3.2082376	17.917456	36.986095	86.878319	4.8516927	.113802	-8	1	1	1	6.5999999	5.4367819	0	0	0	0	1	0	0	0	0	0	0	0	0	0	0	0	0	0	0	0	0	0	0	0	0	0	0	0	0	1	0	0	0	0	0	0	0	0	0	0	0	0	0	0	0	0	0	0	0	0	0	0	0	0	0	0	0	0	0	0	0	0	0	0	0	0	0	0	0	0	0	0	0	0	0	0	0	0	0	0	0	0	0	0
6	79	1998	19.097038	100	3.4000001	13.815511	17.945021	90.123344	5.7144761	14.3742	2.9777505	32.917534	39.869873	99.970459	6.3561478	2.3965297	1	6	0	1	4.4000001	4.8626719	100	1.2	13.853635	17.796038	88.446747	5.5722437	13.3446	3.4999385	19.837376	40.097729	126.52422	5.0425296	12.726044	.75	6	1	1	5.5999999	5.1121421	0	0	0	0	0	1	0	0	0	0	0	0	0	0	0	0	0	0	0	0	0	0	0	0	0	0	0	0	0	1	0	0	0	0	0	0	0	0	0	0	0	0	0	0	0	0	0	0	0	0	0	0	0	0	0	0	0	0	0	0	0	0	0	0	0	0	0	0	0	0	0	0	0	0	0	0	0	0	0	0	0	0	0	0
7	79	2003	21.905397	82.890648	0	13.815511	18.074711	87.322968	5.8483191	15.3156	2.8618205	42.530937	31.16567	103.05966	7.6105843	3.435586	1	6	0	1	5	4.8675466	100	3.4000001	13.815511	17.945021	90.123344	5.7144761	14.3742	2.9777505	32.917534	39.869873	99.970459	6.3561478	2.3965297	1	6	0	1	4.4000001	4.8626719	0	0	0	0	0	0	1	0	0	0	0	0	0	0	0	0	0	0	0	0	0	0	0	0	0	0	0	0	0	1	0	0	0	0	0	0	0	0	0	0	0	0	0	0	0	0	0	0	0	0	0	0	0	0	0	0	0	0	0	0	0	0	0	0	0	0	0	0	0	0	0	0	0	0	0	0	0	0	0	0	0	0	0	0
7	83	2003	35.634682	72.063133	0	12.626722	15.46417	26.495062	23.210928	82.616203	0	73.735497	47.689888	42.937901	10.643261	.9084602	10	10	0	0	1	10.327182	67.022629	0	12.626722	15.456402	27.715694	21.834017	81.695	.39215687	70.636429	43.187084	49.168861	9.5731201	1.7167758	10	10	0	0	1	10.109635	0	0	0	0	0	0	1	0	0	0	0	0	0	0	0	0	0	0	0	0	0	0	0	0	0	0	0	0	0	0	0	1	0	0	0	0	0	0	0	0	0	0	0	0	0	0	0	0	0	0	0	0	0	0	0	0	0	0	0	0	0	0	0	0	0	0	0	0	0	0	0	0	0	0	0	0	0	0	0	0	0	0	0	0
8	83	2008	36.881977	71.960793	0	12.624717	15.486956	25.308689	24.978861	83.296799	.76197386	83.003403	47.767551	40.214981	11.328174	1.7197398	10	10	0	0	1	10.715929	72.063133	0	12.626722	15.46417	26.495062	23.210928	82.616203	0	73.735497	47.689888	42.937901	10.643261	.9084602	10	10	0	0	1	10.327182	0	0	0	0	0	0	0	1	0	0	0	0	0	0	0	0	0	0	0	0	0	0	0	0	0	0	0	0	0	0	0	1	0	0	0	0	0	0	0	0	0	0	0	0	0	0	0	0	0	0	0	0	0	0	0	0	0	0	0	0	0	0	0	0	0	0	0	0	0	0	0	0	0	0	0	0	0	0	0	0	0	0	0	0
7	84	2003	46.019859	86.856987	0	13.213425	17.942593	28.488239	25.056013	79.691002	.65044951	53.046005	49.222717	62.175179	13.323471	1.963202	9	10	0	1	1	10.234266	87.642097	0	13.213428	17.91316	29.320581	24.151005	76.101799	.33333334	50.3484	45.161114	58.630718	13.016353	1.031626	9	10	0	1	1	10.087535	0	0	0	0	0	0	1	0	0	0	0	0	0	0	0	0	0	0	0	0	0	0	0	0	0	0	0	0	0	0	0	0	1	0	0	0	0	0	0	0	0	0	0	0	0	0	0	0	0	0	0	0	0	0	0	0	0	0	0	0	0	0	0	0	0	0	0	0	0	0	0	0	0	0	0	0	0	0	0	0	0	0	0	0
8	84	2008	46.673023	85.734062	0	13.21341	17.974344	28.236656	25.473652	83.759399	.6299603	53.64563	51.289398	71.545517	13.870057	1.7894052	9	10	0	1	1	10.598432	86.856987	0	13.213425	17.942593	28.488239	25.056013	79.691002	.65044951	53.046005	49.222717	62.175179	13.323471	1.963202	9	10	0	1	1	10.234266	0	0	0	0	0	0	0	1	0	0	0	0	0	0	0	0	0	0	0	0	0	0	0	0	0	0	0	0	0	0	0	0	1	0	0	0	0	0	0	0	0	0	0	0	0	0	0	0	0	0	0	0	0	0	0	0	0	0	0	0	0	0	0	0	0	0	0	0	0	0	0	0	0	0	0	0	0	0	0	0	0	0	0	0
7	93	2003	31.902987	66.560318	0	12.762311	18.227077	22.00152	26.687117	73.239799	.0029385835	70.287064	51.062397	63.384621	13.279296	1.0685964	10	10	0	1	1	10.249834	66.170311	0	12.762878	18.222229	23.464674	23.227537	73.154602	0	56.467026	47.276054	59.809879	12.35026	.20213559	10	10	0	1	1	10.170842	0	0	0	0	0	0	1	0	0	0	0	0	0	0	0	0	0	0	0	0	0	0	0	0	0	0	0	0	0	0	0	0	0	1	0	0	0	0	0	0	0	0	0	0	0	0	0	0	0	0	0	0	0	0	0	0	0	0	0	0	0	0	0	0	0	0	0	0	0	0	0	0	0	0	0	0	0	0	0	0	0	0	0	0
8	93	2008	30.339106	66.240379	0	12.761795	18.227077	20.681292	30.078335	73.630997	0	86.208755	54.40213	71.075478	13.746892	.98604178	10	10	0	1	1	10.592058	66.560318	0	12.762311	18.227077	22.00152	26.687117	73.239799	.0029385835	70.287064	51.062397	63.384621	13.279296	1.0685964	10	10	0	1	1	10.249834	0	0	0	0	0	0	0	1	0	0	0	0	0	0	0	0	0	0	0	0	0	0	0	0	0	0	0	0	0	0	0	0	0	1	0	0	0	0	0	0	0	0	0	0	0	0	0	0	0	0	0	0	0	0	0	0	0	0	0	0	0	0	0	0	0	0	0	0	0	0	0	0	0	0	0	0	0	0	0	0	0	0	0	0
5	94	1993	10.472551	100	0	12.335081	16.599442	80.566505	5.8409142	38.659801	2.5833333	30.696239	36.102367	59.719082	6.6460862	27.224581	-1.6	6	1	1	5	6.445785	100	0	12.335081	16.453545	84.397476	5.7228251	35.022999	2.9670329	26.206242	38.035137	40.28175	6.2943206	34.7542	-7	1	1	1	6.4000001	6.4322171	0	0	0	0	1	0	0	0	0	0	0	0	0	0	0	0	0	0	0	0	0	0	0	0	0	0	0	0	0	0	0	0	0	0	1	0	0	0	0	0	0	0	0	0	0	0	0	0	0	0	0	0	0	0	0	0	0	0	0	0	0	0	0	0	0	0	0	0	0	0	0	0	0	0	0	0	0	0	0	0	0	0	0	0
7	96	2003	44.255291	97.945786	0	11.766792	16.213406	21.635225	26.354679	60.084	0	57.428856	45.956997	100.3144	9.9505768	3.2398	10	10	0	1	1	9.7044239	98.172432	0	11.766792	16.213406	23.164474	23.855827	59.5564	0	53.591431	46.024178	100.57426	9.5012531	5.1480341	10	10	0	1	1	9.4231195	0	0	0	0	0	0	1	0	0	0	0	0	0	0	0	0	0	0	0	0	0	0	0	0	0	0	0	0	0	0	0	0	0	0	0	1	0	0	0	0	0	0	0	0	0	0	0	0	0	0	0	0	0	0	0	0	0	0	0	0	0	0	0	0	0	0	0	0	0	0	0	0	0	0	0	0	0	0	0	0	0	0	0	0
8	96	2008	47.015278	97.710968	0	11.766792	16.213406	21.530704	27.566879	60.8578	0	56.273357	39.7197	118.4194	10.634113	2.7801139	10	10	0	1	1	10.204239	97.945786	0	11.766792	16.213406	21.635225	26.354679	60.084	0	57.428856	45.956997	100.3144	9.9505768	3.2398	10	10	0	1	1	9.7044239	0	0	0	0	0	0	0	1	0	0	0	0	0	0	0	0	0	0	0	0	0	0	0	0	0	0	0	0	0	0	0	0	0	0	0	1	0	0	0	0	0	0	0	0	0	0	0	0	0	0	0	0	0	0	0	0	0	0	0	0	0	0	0	0	0	0	0	0	0	0	0	0	0	0	0	0	0	0	0	0	0	0	0	0
6	101	1998	12.092928	100	1	11.582078	16.175282	85.651184	7.517633	44.320202	2	64.676292	55.581478	27.810925	7.3820529	7.7062898	8	9	1	1	3	7.3140736	94.64959	5	11.582078	16.072514	87.5756	7.0063829	42.312801	2.3588483	62.826996	56.53577	39.571018	6.9615502	15.346202	3	7	.60000002	1	3.8	6.9887333	0	0	0	0	0	1	0	0	0	0	0	0	0	0	0	0	0	0	0	0	0	0	0	0	0	0	0	0	0	0	0	0	0	0	0	0	1	0	0	0	0	0	0	0	0	0	0	0	0	0	0	0	0	0	0	0	0	0	0	0	0	0	0	0	0	0	0	0	0	0	0	0	0	0	0	0	0	0	0	0	0	0	0	0
7	101	2003	14.008431	100	0	11.582078	16.316425	83.140732	7.9157043	46.354	3.4848485	67.332565	55.303345	20.32226	7.8649292	3.7066121	8	9	1	1	3.8	7.5206213	100	1	11.582078	16.175282	85.651184	7.517633	44.320202	2	64.676292	55.581478	27.810925	7.3820529	7.7062898	8	9	1	1	3	7.3140736	0	0	0	0	0	0	1	0	0	0	0	0	0	0	0	0	0	0	0	0	0	0	0	0	0	0	0	0	0	0	0	0	0	0	0	0	1	0	0	0	0	0	0	0	0	0	0	0	0	0	0	0	0	0	0	0	0	0	0	0	0	0	0	0	0	0	0	0	0	0	0	0	0	0	0	0	0	0	0	0	0	0	0	0
8	101	2008	14.228437	100	0	11.582078	16.424925	78.789215	7.9804697	48.465599	1.5384616	63.603813	54.638	22.028561	8.5452757	6.0511599	8	9	1	1	3.4000001	7.8824654	100	0	11.582078	16.316425	83.140732	7.9157043	46.354	3.4848485	67.332565	55.303345	20.32226	7.8649292	3.7066121	8	9	1	1	3.8	7.5206213	0	0	0	0	0	0	0	1	0	0	0	0	0	0	0	0	0	0	0	0	0	0	0	0	0	0	0	0	0	0	0	0	0	0	0	0	1	0	0	0	0	0	0	0	0	0	0	0	0	0	0	0	0	0	0	0	0	0	0	0	0	0	0	0	0	0	0	0	0	0	0	0	0	0	0	0	0	0	0	0	0	0	0	0
5	113	1993	14.025331	87.414795	3.2	14.403297	19.083052	56.864204	6.4803433	33.566002	1.1111112	48.349945	39.067059	38.237862	9.3846426	8.110364	-7	2	0	0	6.5999999	6.7999163	87.458878	7	14.403297	19.007849	63.8783	6.2679768	28.785999	2.4264705	42.163944	35.471931	43.375759	8.4951267	9.1606569	-7	2	0	0	5.1999998	6.3283682	0	0	0	0	1	0	0	0	0	0	0	0	0	0	0	0	0	0	0	0	0	0	0	0	0	0	0	0	0	0	0	0	0	0	0	0	0	1	0	0	0	0	0	0	0	0	0	0	0	0	0	0	0	0	0	0	0	0	0	0	0	0	0	0	0	0	0	0	0	0	0	0	0	0	0	0	0	0	0	0	0	0	0	0
6	113	1998	15.737772	91.105431	0	14.403297	19.152861	50.029701	6.9282956	39.422798	2.0526316	64.42363	34.519135	63.493999	10.120823	26.260979	-1.4	4.5999999	0	0	5.4000001	6.7254386	87.414795	3.2	14.403297	19.083052	56.864204	6.4803433	33.566002	1.1111112	48.349945	39.067059	38.237862	9.3846426	8.110364	-7	2	0	0	6.5999999	6.7999163	0	0	0	0	0	1	0	0	0	0	0	0	0	0	0	0	0	0	0	0	0	0	0	0	0	0	0	0	0	0	0	0	0	0	0	0	0	1	0	0	0	0	0	0	0	0	0	0	0	0	0	0	0	0	0	0	0	0	0	0	0	0	0	0	0	0	0	0	0	0	0	0	0	0	0	0	0	0	0	0	0	0	0	0
7	113	2003	18.611511	100	0	14.403297	19.218029	44.971985	7.5149097	44.362999	.95238096	61.247677	35.897133	62.130699	9.6074886	9.7123423	6.8000002	8.3999996	.2	0	2.8	6.9095426	91.105431	0	14.403297	19.152861	50.029701	6.9282956	39.422798	2.0526316	64.42363	34.519135	63.493999	10.120823	26.260979	-1.4	4.5999999	0	0	5.4000001	6.7254386	0	0	0	0	0	0	1	0	0	0	0	0	0	0	0	0	0	0	0	0	0	0	0	0	0	0	0	0	0	0	0	0	0	0	0	0	0	1	0	0	0	0	0	0	0	0	0	0	0	0	0	0	0	0	0	0	0	0	0	0	0	0	0	0	0	0	0	0	0	0	0	0	0	0	0	0	0	0	0	0	0	0	0	0
7	114	2003	26.132647	94.21624	0	14.285514	18.034801	44.855328	7.4520316	66.151604	1.1855105	50.072487	42.997589	23.993719	9.1960649	17.862	-.60000002	4.8000002	1	1	6	7.6916595	97.504715	0	14.285514	17.958393	66.402687	7.3632579	62.5196	1.9267237	33.925011	45.098007	23.76638	8.084837	20.94969	1.2	5.1999998	1	1	6	7.447082	0	0	0	0	0	0	1	0	0	0	0	0	0	0	0	0	0	0	0	0	0	0	0	0	0	0	0	0	0	0	0	0	0	0	0	0	0	0	1	0	0	0	0	0	0	0	0	0	0	0	0	0	0	0	0	0	0	0	0	0	0	0	0	0	0	0	0	0	0	0	0	0	0	0	0	0	0	0	0	0	0	0	0	0
7	116	2003	29.824667	91.14151	0	11.140266	15.206374	30.757744	16.301739	59.944599	2.0269413	161.40881	41.880947	31.10774	12.097045	3.985146	10	10	0	0	1	10.534817	91.00457	0	11.140266	15.129031	34.371132	17.170162	58.655602	1.096096	159.19151	42.639381	55.541599	11.015464	3.790679	10	10	0	0	1	10.062995	0	0	0	0	0	0	1	0	0	0	0	0	0	0	0	0	0	0	0	0	0	0	0	0	0	0	0	0	0	0	0	0	0	0	0	0	0	0	0	1	0	0	0	0	0	0	0	0	0	0	0	0	0	0	0	0	0	0	0	0	0	0	0	0	0	0	0	0	0	0	0	0	0	0	0	0	0	0	0	0	0	0	0	0
8	116	2008	42.689377	91.892303	0	11.140266	15.287707	30.821611	16.763935	61.329601	1.8402966	161.63548	40.894489	50.818661	12.234745	-.63050002	10	10	0	0	1	10.89273	91.14151	0	11.140266	15.206374	30.757744	16.301739	59.944599	2.0269413	161.40881	41.880947	31.10774	12.097045	3.985146	10	10	0	0	1	10.534817	0	0	0	0	0	0	0	1	0	0	0	0	0	0	0	0	0	0	0	0	0	0	0	0	0	0	0	0	0	0	0	0	0	0	0	0	0	0	0	1	0	0	0	0	0	0	0	0	0	0	0	0	0	0	0	0	0	0	0	0	0	0	0	0	0	0	0	0	0	0	0	0	0	0	0	0	0	0	0	0	0	0	0	0
7	118	2003	46.30809	93.040947	2	9.9822989	15.665112	45.066906	16.182114	91.391998	1.8381157	76.736954	44.849037	95.728416	10.02521	1.2908884	10	10	.2	0	1	9.8687725	87.602516	2	9.9822989	15.565928	45.981419	16.140867	91.068199	2.7568762	67.16922	43.826729	95.919998	9.4378862	6.6005578	9.3999996	9.3999996	.80000001	0	1	9.872776	0	0	0	0	0	0	1	0	0	0	0	0	0	0	0	0	0	0	0	0	0	0	0	0	0	0	0	0	0	0	0	0	0	0	0	0	0	0	0	0	1	0	0	0	0	0	0	0	0	0	0	0	0	0	0	0	0	0	0	0	0	0	0	0	0	0	0	0	0	0	0	0	0	0	0	0	0	0	0	0	0	0	0	0
7	119	2003	38.808456	81.38414	0	12.59177	17.872416	21.229797	28.672873	67.441597	.3508772	50.42683	45.008194	105.7468	12.030114	2.68277	10	10	0	1	1	10.130092	85.919037	0	12.591709	17.858562	21.403664	25.994852	67.101997	0	47.489143	45.937073	115.353	11.507975	2.7522659	10	10	0	1	1	9.9556952	0	0	0	0	0	0	1	0	0	0	0	0	0	0	0	0	0	0	0	0	0	0	0	0	0	0	0	0	0	0	0	0	0	0	0	0	0	0	0	0	0	1	0	0	0	0	0	0	0	0	0	0	0	0	0	0	0	0	0	0	0	0	0	0	0	0	0	0	0	0	0	0	0	0	0	0	0	0	0	0	0	0	0	0
8	119	2008	40.765419	82.845886	0	12.591811	17.906439	21.343733	30.437458	67.967201	.34482759	54.969227	44.215855	110.326	12.728108	1.8183622	10	10	0	1	1	10.46102	81.38414	0	12.59177	17.872416	21.229797	28.672873	67.441597	.3508772	50.42683	45.008194	105.7468	12.030114	2.68277	10	10	0	1	1	10.130092	0	0	0	0	0	0	0	1	0	0	0	0	0	0	0	0	0	0	0	0	0	0	0	0	0	0	0	0	0	0	0	0	0	0	0	0	0	0	0	0	0	1	0	0	0	0	0	0	0	0	0	0	0	0	0	0	0	0	0	0	0	0	0	0	0	0	0	0	0	0	0	0	0	0	0	0	0	0	0	0	0	0	0	0
7	121	2003	33.887486	99.303375	0	9.2900753	14.786119	52.396156	12.522112	51.941799	0	86.936142	48.824421	104.05102	8.5585909	7.4182601	9	9	0	1	2	8.230443	100	0	9.2900753	14.74749	55.803394	12.363029	51.3344	.80000001	87.516357	52.390564	77.742119	7.9987059	14.046152	9	9	0	1	2	8.1125317	0	0	0	0	0	0	1	0	0	0	0	0	0	0	0	0	0	0	0	0	0	0	0	0	0	0	0	0	0	0	0	0	0	0	0	0	0	0	0	0	0	0	1	0	0	0	0	0	0	0	0	0	0	0	0	0	0	0	0	0	0	0	0	0	0	0	0	0	0	0	0	0	0	0	0	0	0	0	0	0	0	0	0	0
4	123	1988	29.251131	100	0	11.387815	14.957995	95.690178	7.5676208	69.841003	4.2487288	115.78963	38.819405	219.73399	6.5687742	8.427	-7	3	1	1	5.1999998	7.4243841	100	0	11.387815	14.769539	98.270859	7.8079281	63.730999	3.4119895	125.99454	36.724289	38.074799	6.3584733	5.8276548	-9.6000004	1	1	1	5.5999999	7.5068054	0	0	0	1	0	0	0	0	0	0	0	0	0	0	0	0	0	0	0	0	0	0	0	0	0	0	0	0	0	0	0	0	0	0	0	0	0	0	0	0	0	0	0	1	0	0	0	0	0	0	0	0	0	0	0	0	0	0	0	0	0	0	0	0	0	0	0	0	0	0	0	0	0	0	0	0	0	0	0	0	0	0	0	0
5	123	1993	32.000359	100	0	11.387815	15.199294	81.065903	6.2251506	75.910599	5.6123843	130.07671	45.526192	145.6976	6.5200448	3.9289939	-2.4000001	8.3999996	1	1	3.8	7.2359366	100	0	11.387815	14.957995	95.690178	7.5676208	69.841003	4.2487288	115.78963	38.819405	219.73399	6.5687742	8.427	-7	3	1	1	5.1999998	7.4243841	0	0	0	0	1	0	0	0	0	0	0	0	0	0	0	0	0	0	0	0	0	0	0	0	0	0	0	0	0	0	0	0	0	0	0	0	0	0	0	0	0	0	0	1	0	0	0	0	0	0	0	0	0	0	0	0	0	0	0	0	0	0	0	0	0	0	0	0	0	0	0	0	0	0	0	0	0	0	0	0	0	0	0	0
6	123	1998	32.49995	100	0	11.387815	15.358496	71.34935	5.7572474	79.230797	2.7111821	115.19942	39.025131	107.695	7.3687253	1.700487	-2	9	1	1	4	7.4092836	100	0	11.387815	15.199294	81.065903	6.2251506	75.910599	5.6123843	130.07671	45.526192	145.6976	6.5200448	3.9289939	-2.4000001	8.3999996	1	1	3.8	7.2359366	0	0	0	0	0	1	0	0	0	0	0	0	0	0	0	0	0	0	0	0	0	0	0	0	0	0	0	0	0	0	0	0	0	0	0	0	0	0	0	0	0	0	0	1	0	0	0	0	0	0	0	0	0	0	0	0	0	0	0	0	0	0	0	0	0	0	0	0	0	0	0	0	0	0	0	0	0	0	0	0	0	0	0	0
7	123	2003	34.311161	100	0	11.387815	15.444366	64.692993	5.9861312	80.629402	2.3868039	124.11362	40.371578	94.393661	8.691781	1.7867264	-2	9	1	1	5.1999998	7.625474	100	0	11.387815	15.358496	71.34935	5.7572474	79.230797	2.7111821	115.19942	39.025131	107.695	7.3687253	1.700487	-2	9	1	1	4	7.4092836	0	0	0	0	0	0	1	0	0	0	0	0	0	0	0	0	0	0	0	0	0	0	0	0	0	0	0	0	0	0	0	0	0	0	0	0	0	0	0	0	0	0	0	1	0	0	0	0	0	0	0	0	0	0	0	0	0	0	0	0	0	0	0	0	0	0	0	0	0	0	0	0	0	0	0	0	0	0	0	0	0	0	0	0
8	123	2008	34.852528	96.73671	0	11.390256	15.579387	63.518909	6.4817977	81.954597	2.1323309	132.27498	39.367809	68.331779	9.8323708	9.364974	-2.8	8.1999998	1	1	5.4000001	8.1603222	100	0	11.387815	15.444366	64.692993	5.9861312	80.629402	2.3868039	124.11362	40.371578	94.393661	8.691781	1.7867264	-2	9	1	1	5.1999998	7.625474	0	0	0	0	0	0	0	1	0	0	0	0	0	0	0	0	0	0	0	0	0	0	0	0	0	0	0	0	0	0	0	0	0	0	0	0	0	0	0	0	0	0	0	1	0	0	0	0	0	0	0	0	0	0	0	0	0	0	0	0	0	0	0	0	0	0	0	0	0	0	0	0	0	0	0	0	0	0	0	0	0	0	0	0
3	125	1983	17.12775	95.018745	0	13.251882	16.726336	106.24275	6.1866407	15.8806	4.5902133	42.224461	68.352135	34.745178	6.410388	10.556036	-6.8000002	1.2	1	1	5.4000001	6.099648	93.179474	0	13.251882	16.535578	106.02351	6.6427016	14.5154	4.3003664	50.914047	63.161606	21.707033	6.0206199	10.815272	-6.5999999	1.4	1	1	5	6.0862403	0	0	1	0	0	0	0	0	0	0	0	0	0	0	0	0	0	0	0	0	0	0	0	0	0	0	0	0	0	0	0	0	0	0	0	0	0	0	0	0	0	0	0	0	1	0	0	0	0	0	0	0	0	0	0	0	0	0	0	0	0	0	0	0	0	0	0	0	0	0	0	0	0	0	0	0	0	0	0	0	0	0	0	0
4	125	1988	18.022753	95.151093	0	13.251882	16.895967	103.70297	5.7542844	16.4804	2.8614719	40.515968	61.957531	45.929001	6.6188164	8.1950998	-7	1	1	1	6	6.1720243	95.018745	0	13.251882	16.726336	106.24275	6.1866407	15.8806	4.5902133	42.224461	68.352135	34.745178	6.410388	10.556036	-6.8000002	1.2	1	1	5.4000001	6.099648	0	0	0	1	0	0	0	0	0	0	0	0	0	0	0	0	0	0	0	0	0	0	0	0	0	0	0	0	0	0	0	0	0	0	0	0	0	0	0	0	0	0	0	0	1	0	0	0	0	0	0	0	0	0	0	0	0	0	0	0	0	0	0	0	0	0	0	0	0	0	0	0	0	0	0	0	0	0	0	0	0	0	0	0
5	125	1993	18.205807	95.835495	0	13.251882	17.06485	95.639442	5.4303184	17.657	3.2721293	51.911682	53.043282	67.894058	6.8681083	17.07304	-5	3	1	1	5.5999999	5.9176569	95.151093	0	13.251882	16.895967	103.70297	5.7542844	16.4804	2.8614719	40.515968	61.957531	45.929001	6.6188164	8.1950998	-7	1	1	1	6	6.1720243	0	0	0	0	1	0	0	0	0	0	0	0	0	0	0	0	0	0	0	0	0	0	0	0	0	0	0	0	0	0	0	0	0	0	0	0	0	0	0	0	0	0	0	0	1	0	0	0	0	0	0	0	0	0	0	0	0	0	0	0	0	0	0	0	0	0	0	0	0	0	0	0	0	0	0	0	0	0	0	0	0	0	0	0
6	125	1998	18.508636	100	0	13.251882	17.202686	86.686958	5.3234186	19.2404	2.8113482	50.914257	51.185928	54.576439	7.163578	14.125838	-2.5999999	7	1	1	6.1999998	6.0717134	95.835495	0	13.251882	17.06485	95.639442	5.4303184	17.657	3.2721293	51.911682	53.043282	67.894058	6.8681083	17.07304	-5	3	1	1	5.5999999	5.9176569	0	0	0	0	0	1	0	0	0	0	0	0	0	0	0	0	0	0	0	0	0	0	0	0	0	0	0	0	0	0	0	0	0	0	0	0	0	0	0	0	0	0	0	0	1	0	0	0	0	0	0	0	0	0	0	0	0	0	0	0	0	0	0	0	0	0	0	0	0	0	0	0	0	0	0	0	0	0	0	0	0	0	0	0
7	125	2003	19.944061	98.537704	0	13.251882	17.341005	80.19175	5.1635408	20.9618	3.0358858	57.84288	49.131241	55.569	7.4134712	4.1460252	6	8.8000002	1	1	3.8	6.0974269	100	0	13.251882	17.202686	86.686958	5.3234186	19.2404	2.8113482	50.914257	51.185928	54.576439	7.163578	14.125838	-2.5999999	7	1	1	6.1999998	6.0717134	0	0	0	0	0	0	1	0	0	0	0	0	0	0	0	0	0	0	0	0	0	0	0	0	0	0	0	0	0	0	0	0	0	0	0	0	0	0	0	0	0	0	0	0	1	0	0	0	0	0	0	0	0	0	0	0	0	0	0	0	0	0	0	0	0	0	0	0	0	0	0	0	0	0	0	0	0	0	0	0	0	0	0	0
5	136	1993	52.586052	100	0	10.320881	14.369002	83.595909	8.3713989	15.7598	2.4264705	141.12668	62.045296	77.735748	4.8756027	12.344764	2	4.5999999	.60000002	1	4.5999999	6.0428209	100	0	10.320881	14.272607	85.666199	8.0682621	13.081	1.3333334	141.61945	60.813839	85.141121	3.746017	14.8972	-7	1	1	1	5.5999999	5.5551376	0	0	0	0	1	0	0	0	0	0	0	0	0	0	0	0	0	0	0	0	0	0	0	0	0	0	0	0	0	0	0	0	0	0	0	0	0	0	0	0	0	0	0	0	0	1	0	0	0	0	0	0	0	0	0	0	0	0	0	0	0	0	0	0	0	0	0	0	0	0	0	0	0	0	0	0	0	0	0	0	0	0	0	0
7	136	2003	50.49688	99.931732	0	10.320881	14.518415	72.825935	8.0638189	21.954399	0	191.12596	52.756508	83.822258	7.3313789	7.1987462	7.5999999	7	0	1	2.4000001	6.1456337	100	0	10.320881	14.45681	78.352592	8.3123035	18.7652	1.1111112	172.76833	61.518963	88.35318	6.9960785	7.900692	4.4000001	7	0	1	4	6.0554976	0	0	0	0	0	0	1	0	0	0	0	0	0	0	0	0	0	0	0	0	0	0	0	0	0	0	0	0	0	0	0	0	0	0	0	0	0	0	0	0	0	0	0	0	0	1	0	0	0	0	0	0	0	0	0	0	0	0	0	0	0	0	0	0	0	0	0	0	0	0	0	0	0	0	0	0	0	0	0	0	0	0	0	0
8	137	2008	18.042725	100	0	11.475431	15.110773	80.75441	5.1270175	47.101002	3.9303253	111.7037	43.831108	310.42566	8.2192955	11.344724	6	8	1	1	3	5.504631	100	.60000002	11.475431	14.926808	80.363617	4.8970866	45.362999	2.6264832	71.605835	40.9883	428.54221	7.9511395	5.1244078	1.8	6	.60000002	.40000001	5.4000001	5.1528273	0	0	0	0	0	0	0	1	0	0	0	0	0	0	0	0	0	0	0	0	0	0	0	0	0	0	0	0	0	0	0	0	0	0	0	0	0	0	0	0	0	0	0	0	0	0	1	0	0	0	0	0	0	0	0	0	0	0	0	0	0	0	0	0	0	0	0	0	0	0	0	0	0	0	0	0	0	0	0	0	0	0	0	0
7	143	2003	19.341795	100	0	13.273435	16.635906	86.632149	6.0605497	28.136801	2.4264705	64.918411	46.223564	101.43416	6.192873	11.582916	7	9	1	1	2.8	5.6404862	100	0	13.273435	16.482164	86.739014	6.0355549	26.591	4.3003664	55.417686	41.49905	129.5032	5.3190956	10.103406	7.5999999	9	1	1	2	5.5662599	0	0	0	0	0	0	1	0	0	0	0	0	0	0	0	0	0	0	0	0	0	0	0	0	0	0	0	0	0	0	0	0	0	0	0	0	0	0	0	0	0	0	0	0	0	0	0	1	0	0	0	0	0	0	0	0	0	0	0	0	0	0	0	0	0	0	0	0	0	0	0	0	0	0	0	0	0	0	0	0	0	0	0	0
4	144	1988	17.664297	100	0	11.454024	15.962276	91.600937	5.0688186	11.0012	5.1929846	45.031544	68.438148	103.10522	5.3368759	18.899059	-9	1	1	1	6.4000001	5.4305363	95.474632	0	11.454024	15.731362	94.791695	5.0724649	9.7178001	3.3258569	44.996563	69.868752	78.244797	5.1285167	11.800338	-9	1	1	1	6	5.4858418	0	0	0	1	0	0	0	0	0	0	0	0	0	0	0	0	0	0	0	0	0	0	0	0	0	0	0	0	0	0	0	0	0	0	0	0	0	0	0	0	0	0	0	0	0	0	0	0	1	0	0	0	0	0	0	0	0	0	0	0	0	0	0	0	0	0	0	0	0	0	0	0	0	0	0	0	0	0	0	0	0	0	0	0
4	145	1988	25.937347	84.142181	0	12.702444	16.659462	64.045654	6.1357126	48.233601	2.4264705	116.23418	47.021152	97.671898	8.9291201	1.756318	4	6	0	1	4	7.694006	96.137764	0	12.702444	16.522671	66.54705	6.2339339	44.353401	2.7619047	100.0918	59.322937	71.365936	8.7479057	2.56304	4	6	0	1	3	7.6568656	0	0	0	1	0	0	0	0	0	0	0	0	0	0	0	0	0	0	0	0	0	0	0	0	0	0	0	0	0	0	0	0	0	0	0	0	0	0	0	0	0	0	0	0	0	0	0	0	0	1	0	0	0	0	0	0	0	0	0	0	0	0	0	0	0	0	0	0	0	0	0	0	0	0	0	0	0	0	0	0	0	0	0	0
5	145	1993	24.198528	82.55732	0	12.702444	16.800484	60.537128	6.0947676	53.330399	3.1637428	155.47279	46.101658	55.674721	9.8705845	3.51141	3.8	6	0	1	4.4000001	8.1997633	84.142181	0	12.702444	16.659462	64.045654	6.1357126	48.233601	2.4264705	116.23418	47.021152	97.671898	8.9291201	1.756318	4	6	0	1	4	7.694006	0	0	0	0	1	0	0	0	0	0	0	0	0	0	0	0	0	0	0	0	0	0	0	0	0	0	0	0	0	0	0	0	0	0	0	0	0	0	0	0	0	0	0	0	0	0	0	0	0	1	0	0	0	0	0	0	0	0	0	0	0	0	0	0	0	0	0	0	0	0	0	0	0	0	0	0	0	0	0	0	0	0	0	0
4	152	1988	20.1943	99.156296	0	7.6157908	13.834573	46.39222	6.6397991	43.27	2	130.96831	45.814316	53.8195	4.4455504	10.598532	10	10	0	1	2	7.5732145	100	0	7.6157908	13.807221	52.097206	6.2146258	42.3354	.69592375	98.319626	48.976788	63.57848	3.1330955	8.7658062	9.8000002	9.8000002	0	1	2	7.0182061	0	0	0	1	0	0	0	0	0	0	0	0	0	0	0	0	0	0	0	0	0	0	0	0	0	0	0	0	0	0	0	0	0	0	0	0	0	0	0	0	0	0	0	0	0	0	0	0	0	0	1	0	0	0	0	0	0	0	0	0	0	0	0	0	0	0	0	0	0	0	0	0	0	0	0	0	0	0	0	0	0	0	0	0
5	152	1993	21.981504	95.408318	0	7.6157908	13.910821	42.776096	7.1508589	43.530399	0	122.9836	45.358845	48.50106	5.3314548	7.0197058	10	10	0	1	1.2	8.028636	99.156296	0	7.6157908	13.834573	46.39222	6.6397991	43.27	2	130.96831	45.814316	53.8195	4.4455504	10.598532	10	10	0	1	2	7.5732145	0	0	0	0	1	0	0	0	0	0	0	0	0	0	0	0	0	0	0	0	0	0	0	0	0	0	0	0	0	0	0	0	0	0	0	0	0	0	0	0	0	0	0	0	0	0	0	0	0	0	1	0	0	0	0	0	0	0	0	0	0	0	0	0	0	0	0	0	0	0	0	0	0	0	0	0	0	0	0	0	0	0	0	0
6	152	1998	22.152739	96.222809	0	7.6157908	13.997832	40.266445	8.0212269	42.9156	1.8181819	127.78518	51.347389	47.797024	5.8802009	5.2913518	10	10	0	1	1	8.2262764	95.408318	0	7.6157908	13.910821	42.776096	7.1508589	43.530399	0	122.9836	45.358845	48.50106	5.3314548	7.0197058	10	10	0	1	1.2	8.028636	0	0	0	0	0	1	0	0	0	0	0	0	0	0	0	0	0	0	0	0	0	0	0	0	0	0	0	0	0	0	0	0	0	0	0	0	0	0	0	0	0	0	0	0	0	0	0	0	0	0	1	0	0	0	0	0	0	0	0	0	0	0	0	0	0	0	0	0	0	0	0	0	0	0	0	0	0	0	0	0	0	0	0	0
7	152	2003	22.978035	98.769501	0	7.6157908	14.013841	37.511829	8.6639509	42.375999	0	118.28712	47.536617	52.035561	6.5017147	5.803596	10	10	0	1	1	8.422534	96.222809	0	7.6157908	13.997832	40.266445	8.0212269	42.9156	1.8181819	127.78518	51.347389	47.797024	5.8802009	5.2913518	10	10	0	1	1	8.2262764	0	0	0	0	0	0	1	0	0	0	0	0	0	0	0	0	0	0	0	0	0	0	0	0	0	0	0	0	0	0	0	0	0	0	0	0	0	0	0	0	0	0	0	0	0	0	0	0	0	0	1	0	0	0	0	0	0	0	0	0	0	0	0	0	0	0	0	0	0	0	0	0	0	0	0	0	0	0	0	0	0	0	0	0
8	152	2008	22.735188	98.816467	0	7.6157908	14.077875	32.751663	9.2396231	41.9394	1.6666666	119.81816	39.179001	48.178341	9.1432562	5.3987284	10	10	0	1	1	8.7936859	98.769501	0	7.6157908	14.013841	37.511829	8.6639509	42.375999	0	118.28712	47.536617	52.035561	6.5017147	5.803596	10	10	0	1	1	8.422534	0	0	0	0	0	0	0	1	0	0	0	0	0	0	0	0	0	0	0	0	0	0	0	0	0	0	0	0	0	0	0	0	0	0	0	0	0	0	0	0	0	0	0	0	0	0	0	0	0	0	1	0	0	0	0	0	0	0	0	0	0	0	0	0	0	0	0	0	0	0	0	0	0	0	0	0	0	0	0	0	0	0	0	0
4	154	1988	20.604136	88.888794	0	14.457364	18.209562	71.157684	7.4387221	70.431396	1.9737209	34.829628	48.372726	68.463676	9.7611046	76.128639	-1.2	6.5999999	1	1	3.8	7.8301554	87.168167	0	14.457364	18.108278	80.904564	7.3574963	67.905602	2.190134	28.408022	48.050426	52.712524	9.1848383	58.64732	-3	6	1	1	3.2	7.9840746	0	0	0	1	0	0	0	0	0	0	0	0	0	0	0	0	0	0	0	0	0	0	0	0	0	0	0	0	0	0	0	0	0	0	0	0	0	0	0	0	0	0	0	0	0	0	0	0	0	0	0	1	0	0	0	0	0	0	0	0	0	0	0	0	0	0	0	0	0	0	0	0	0	0	0	0	0	0	0	0	0	0	0	0
5	154	1993	13.648726	73.22422	0	14.457364	18.306105	62.87664	7.8408737	72.588402	2.0116549	36.844753	50.940063	39.5033	10.516129	22.311213	1.6	7	1	1	4	8.37922	88.888794	0	14.457364	18.209562	71.157684	7.4387221	70.431396	1.9737209	34.829628	48.372726	68.463676	9.7611046	76.128639	-1.2	6.5999999	1	1	3.8	7.8301554	0	0	0	0	1	0	0	0	0	0	0	0	0	0	0	0	0	0	0	0	0	0	0	0	0	0	0	0	0	0	0	0	0	0	0	0	0	0	0	0	0	0	0	0	0	0	0	0	0	0	0	1	0	0	0	0	0	0	0	0	0	0	0	0	0	0	0	0	0	0	0	0	0	0	0	0	0	0	0	0	0	0	0	0
6	154	1998	14.115083	68.271866	0	14.457364	18.389946	56.318523	8.3840084	74.180397	1.035444	57.134876	50.220074	45.630402	11.278131	18.126341	6	8.1999998	1	1	3	8.5020857	73.22422	0	14.457364	18.306105	62.87664	7.8408737	72.588402	2.0116549	36.844753	50.940063	39.5033	10.516129	22.311213	1.6	7	1	1	4	8.37922	0	0	0	0	0	1	0	0	0	0	0	0	0	0	0	0	0	0	0	0	0	0	0	0	0	0	0	0	0	0	0	0	0	0	0	0	0	0	0	0	0	0	0	0	0	0	0	0	0	0	0	1	0	0	0	0	0	0	0	0	0	0	0	0	0	0	0	0	0	0	0	0	0	0	0	0	0	0	0	0	0	0	0	0
7	158	2003	27.811428	83.173386	0	14.285514	14.723637	49.012894	5.9477992	60.349602	.83333331	121.66916	33.576054	78.358078	5.9250851	12.768938	10	10	1	1	2	6.5270362	66.773804	0	14.285514	14.673956	62.218639	6.3527927	57.001801	.86956519	100.33578	35.484486	66.710739	4.4106526	10.68588	10	10	1	1	2	6.2363329	0	0	0	0	0	0	1	0	0	0	0	0	0	0	0	0	0	0	0	0	0	0	0	0	0	0	0	0	0	0	0	0	0	0	0	0	0	0	0	0	0	0	0	0	0	0	0	0	0	0	0	0	1	0	0	0	0	0	0	0	0	0	0	0	0	0	0	0	0	0	0	0	0	0	0	0	0	0	0	0	0	0	0	0
4	161	1988	20.858759	100	2.4000001	13.008747	16.984705	72.909851	6.9236054	46.946201	2.6119895	52.963001	37.80571	105.1272	6.8393469	5.8015318	-8	2	1	1	4	6.8956056	100	3	13.008747	16.868883	77.26265	7.6005535	43.351398	1.9523809	57.286133	46.134834	94.67028	6.3116231	8.255806	-8	2	1	1	4	6.6054544	0	0	0	1	0	0	0	0	0	0	0	0	0	0	0	0	0	0	0	0	0	0	0	0	0	0	0	0	0	0	0	0	0	0	0	0	0	0	0	0	0	0	0	0	0	0	0	0	0	0	0	0	0	1	0	0	0	0	0	0	0	0	0	0	0	0	0	0	0	0	0	0	0	0	0	0	0	0	0	0	0	0	0	0
5	161	1993	28.117607	100	0	13.008747	17.080858	66.680183	7.1661444	50.371601	1.5692308	53.139187	39.107727	86.291344	7.954772	4.8255038	-7.1999998	2	1	1	5.1999998	7.1316276	100	2.4000001	13.008747	16.984705	72.909851	6.9236054	46.946201	2.6119895	52.963001	37.80571	105.1272	6.8393469	5.8015318	-8	2	1	1	4	6.8956056	0	0	0	0	1	0	0	0	0	0	0	0	0	0	0	0	0	0	0	0	0	0	0	0	0	0	0	0	0	0	0	0	0	0	0	0	0	0	0	0	0	0	0	0	0	0	0	0	0	0	0	0	0	1	0	0	0	0	0	0	0	0	0	0	0	0	0	0	0	0	0	0	0	0	0	0	0	0	0	0	0	0	0	0
6	161	1998	28.029905	100	0	13.008747	17.147459	58.179211	7.5591631	52.677799	1.4550265	54.535892	40.113487	74.303596	8.7262678	3.0695641	-6.4000001	2.5999999	1	1	5	7.2362485	100	0	13.008747	17.080858	66.680183	7.1661444	50.371601	1.5692308	53.139187	39.107727	86.291344	7.954772	4.8255038	-7.1999998	2	1	1	5.1999998	7.1316276	0	0	0	0	0	1	0	0	0	0	0	0	0	0	0	0	0	0	0	0	0	0	0	0	0	0	0	0	0	0	0	0	0	0	0	0	0	0	0	0	0	0	0	0	0	0	0	0	0	0	0	0	0	1	0	0	0	0	0	0	0	0	0	0	0	0	0	0	0	0	0	0	0	0	0	0	0	0	0	0	0	0	0	0
6	164	1998	32.971107	100	0	13.621064	14.413492	73.624168	6.0472207	31.349001	2.2875817	91.410416	65.970596	21.31946	7.3381548	9.851512	6	9	1	0	2	7.6981916	100	0	13.621064	14.271824	78.846542	6.2449484	28.950199	4.0119047	97.886063	68.402283	18.542433	7.4909329	10.444088	6	9	.2	0	2	7.6857958	0	0	0	0	0	1	0	0	0	0	0	0	0	0	0	0	0	0	0	0	0	0	0	0	0	0	0	0	0	0	0	0	0	0	0	0	0	0	0	0	0	0	0	0	0	0	0	0	0	0	0	0	0	0	1	0	0	0	0	0	0	0	0	0	0	0	0	0	0	0	0	0	0	0	0	0	0	0	0	0	0	0	0	0
7	164	2003	31.380644	100	0	13.621064	14.508157	69.250969	5.9630241	33.974998	1.0526316	88.287178	65.064415	25.245899	7.6398802	6.0856061	6	9	1	0	2	7.7997136	100	0	13.621064	14.413492	73.624168	6.0472207	31.349001	2.2875817	91.410416	65.970596	21.31946	7.3381548	9.851512	6	9	1	0	2	7.6981916	0	0	0	0	0	0	1	0	0	0	0	0	0	0	0	0	0	0	0	0	0	0	0	0	0	0	0	0	0	0	0	0	0	0	0	0	0	0	0	0	0	0	0	0	0	0	0	0	0	0	0	0	0	0	1	0	0	0	0	0	0	0	0	0	0	0	0	0	0	0	0	0	0	0	0	0	0	0	0	0	0	0	0	0
7	167	2003	40.4828	88.181664	0	10.427032	16.588099	27.410679	20.420481	78.8228	0	125.28268	47.305305	51.484482	12.918883	2.8527882	10	10	0	0	1	10.37402	88.742836	0	10.427032	16.588099	27.212521	19.692844	75.203796	1.3333334	122.37512	40.523407	64.580002	12.008492	2.3499601	10	10	0	0	1	10.147489	0	0	0	0	0	0	1	0	0	0	0	0	0	0	0	0	0	0	0	0	0	0	0	0	0	0	0	0	0	0	0	0	0	0	0	0	0	0	0	0	0	0	0	0	0	0	0	0	0	0	0	0	0	0	0	1	0	0	0	0	0	0	0	0	0	0	0	0	0	0	0	0	0	0	0	0	0	0	0	0	0	0	0	0
8	167	2008	42.627632	89.190117	0	10.426677	16.624474	26.795153	21.851635	81.717003	1.25	140.15427	49.336761	55.065361	13.361228	1.3333036	10	10	0	0	1	10.76238	88.181664	0	10.427032	16.588099	27.410679	20.420481	78.8228	0	125.28268	47.305305	51.484482	12.918883	2.8527882	10	10	0	0	1	10.37402	0	0	0	0	0	0	0	1	0	0	0	0	0	0	0	0	0	0	0	0	0	0	0	0	0	0	0	0	0	0	0	0	0	0	0	0	0	0	0	0	0	0	0	0	0	0	0	0	0	0	0	0	0	0	0	1	0	0	0	0	0	0	0	0	0	0	0	0	0	0	0	0	0	0	0	0	0	0	0	0	0	0	0	0
7	171	2003	31.312244	90.465904	0	12.481088	15.206618	33.386333	17.987024	85.902	1.0128205	60.029163	45.785118	25.722176	10.52515	2.3356068	10	10	0	1	1	9.8927546	89.3442	0	12.481088	15.150373	35.014038	17.853788	85.539398	1.0668564	59.231571	44.167114	37.682098	10.455838	1.4811592	10	10	0	1	1	9.689126	0	0	0	0	0	0	1	0	0	0	0	0	0	0	0	0	0	0	0	0	0	0	0	0	0	0	0	0	0	0	0	0	0	0	0	0	0	0	0	0	0	0	0	0	0	0	0	0	0	0	0	0	0	0	0	0	1	0	0	0	0	0	0	0	0	0	0	0	0	0	0	0	0	0	0	0	0	0	0	0	0	0	0	0
8	171	2008	34.63026	92.786407	0	12.481088	15.269311	31.331301	18.839739	86.137199	1.4291116	58.693756	44.2505	23.018539	11.047417	3.157294	10	10	0	1	1	10.298279	90.465904	0	12.481088	15.206618	33.386333	17.987024	85.902	1.0128205	60.029163	45.785118	25.722176	10.52515	2.3356068	10	10	0	1	1	9.8927546	0	0	0	0	0	0	0	1	0	0	0	0	0	0	0	0	0	0	0	0	0	0	0	0	0	0	0	0	0	0	0	0	0	0	0	0	0	0	0	0	0	0	0	0	0	0	0	0	0	0	0	0	0	0	0	0	1	0	0	0	0	0	0	0	0	0	0	0	0	0	0	0	0	0	0	0	0	0	0	0	0	0	0	0
3	174	1983	8.9298506	100	0	13.722046	18.221634	85.500397	5.9706602	30.535	2.5674818	32.517586	44.869007	51.40258	8.5009155	11.173116	1.4	4	1	.40000001	4	6.9112186	100	0	13.722046	18.080046	82.565041	5.8780556	27.3624	2.9503911	46.401043	52.931351	15.706268	8.2648668	12.57804	0	3.5	1	0	4	6.8070865	0	0	1	0	0	0	0	0	0	0	0	0	0	0	0	0	0	0	0	0	0	0	0	0	0	0	0	0	0	0	0	0	0	0	0	0	0	0	0	0	0	0	0	0	0	0	0	0	0	0	0	0	0	0	0	0	0	1	0	0	0	0	0	0	0	0	0	0	0	0	0	0	0	0	0	0	0	0	0	0	0	0	0	0
4	174	1988	13.49258	100	0	13.722046	18.345228	86.684235	6.0787816	33.903999	2.7078466	42.819477	44.577126	131.6468	8.901166	31.25625	-6.1999998	1.8	1	1	5.8000002	5.8896666	100	0	13.722046	18.221634	85.500397	5.9706602	30.535	2.5674818	32.517586	44.869007	51.40258	8.5009155	11.173116	1.4	4	1	.40000001	4	6.9112186	0	0	0	1	0	0	0	0	0	0	0	0	0	0	0	0	0	0	0	0	0	0	0	0	0	0	0	0	0	0	0	0	0	0	0	0	0	0	0	0	0	0	0	0	0	0	0	0	0	0	0	0	0	0	0	0	0	1	0	0	0	0	0	0	0	0	0	0	0	0	0	0	0	0	0	0	0	0	0	0	0	0	0	0
7	178	2003	35.772827	79.39859	0	12.625704	15.332775	30.430285	22.782816	76.926399	.44444445	70.665916	46.48204	45.127041	10.903142	3.5377281	10	10	0	0	1	10.808039	68.58358	0	12.625704	15.306105	30.687975	23.916515	75.154198	.45454547	73.597046	45.413689	33.269299	10.14631	5.6952229	10	10	0	0	1	10.488099	0	0	0	0	0	0	1	0	0	0	0	0	0	0	0	0	0	0	0	0	0	0	0	0	0	0	0	0	0	0	0	0	0	0	0	0	0	0	0	0	0	0	0	0	0	0	0	0	0	0	0	0	0	0	0	0	0	0	1	0	0	0	0	0	0	0	0	0	0	0	0	0	0	0	0	0	0	0	0	0	0	0	0	0
8	178	2008	33.716671	79.614601	0	12.627245	15.379829	28.769156	21.947754	78.457199	1.2769812	72.3452	42.48708	56.852341	11.789412	4.7334561	10	10	0	0	1	11.320476	79.39859	0	12.625704	15.332775	30.430285	22.782816	76.926399	.44444445	70.665916	46.48204	45.127041	10.903142	3.5377281	10	10	0	0	1	10.808039	0	0	0	0	0	0	0	1	0	0	0	0	0	0	0	0	0	0	0	0	0	0	0	0	0	0	0	0	0	0	0	0	0	0	0	0	0	0	0	0	0	0	0	0	0	0	0	0	0	0	0	0	0	0	0	0	0	0	1	0	0	0	0	0	0	0	0	0	0	0	0	0	0	0	0	0	0	0	0	0	0	0	0	0
6	180	1998	18.563818	100	0	13.555288	18.72751	78.534378	7.2205911	32.617199	1.5384616	28.831533	32.059261	77.541039	8.4847145	12.007328	2	5	.2	1	5	6.2570624	100	0	13.555288	18.601608	82.839264	7.2534919	31.332001	3.4848485	30.115591	39.479137	75.884903	7.7581058	11.715774	8	7	0	1	3.4000001	6.2063956	0	0	0	0	0	1	0	0	0	0	0	0	0	0	0	0	0	0	0	0	0	0	0	0	0	0	0	0	0	0	0	0	0	0	0	0	0	0	0	0	0	0	0	0	0	0	0	0	0	0	0	0	0	0	0	0	0	0	0	1	0	0	0	0	0	0	0	0	0	0	0	0	0	0	0	0	0	0	0	0	0	0	0	0
7	180	2003	17.473734	100	1.6	13.555288	18.851961	69.732147	7.1191592	33.943802	2.7619047	31.861414	32.020378	75.19236	8.8697824	5.9136739	-5.1999998	2	1	1	6	6.3234	100	0	13.555288	18.72751	78.534378	7.2205911	32.617199	1.5384616	28.831533	32.059261	77.541039	8.4847145	12.007328	2	5	.2	1	5	6.2570624	0	0	0	0	0	0	1	0	0	0	0	0	0	0	0	0	0	0	0	0	0	0	0	0	0	0	0	0	0	0	0	0	0	0	0	0	0	0	0	0	0	0	0	0	0	0	0	0	0	0	0	0	0	0	0	0	0	0	0	1	0	0	0	0	0	0	0	0	0	0	0	0	0	0	0	0	0	0	0	0	0	0	0	0
4	183	1988	22.581408	99.49675	0	11.216405	14.656553	61.156281	8.2412968	53.158401	2.6119895	132.3511	52.464924	95.508781	7.7930064	.34494701	-1.2	4.5999999	1	1	5.5999999	7.8414741	100	0	11.216405	14.547235	68.493126	8.2715044	51.4366	1.9523809	141.48415	50.763229	77.435379	8.0427561	3.6900649	-5.5999999	3	.2	1	5	7.8005843	0	0	0	1	0	0	0	0	0	0	0	0	0	0	0	0	0	0	0	0	0	0	0	0	0	0	0	0	0	0	0	0	0	0	0	0	0	0	0	0	0	0	0	0	0	0	0	0	0	0	0	0	0	0	0	0	0	0	0	0	1	0	0	0	0	0	0	0	0	0	0	0	0	0	0	0	0	0	0	0	0	0	0	0
7	185	2003	27.131279	100	0	13.023338	15.572773	69.929924	4.4705791	12.8218	2.471314	121.71088	50.849819	52.86512	6.7880359	7.7360158	4	4	0	1	2.5999999	6.4616265	100	.40000001	13.023338	15.443981	70.722977	4.3155065	13.5548	2.8202529	108.25986	48.242821	57.503021	7.1709127	9.7906876	4	4	0	1	2	6.6868186	0	0	0	0	0	0	1	0	0	0	0	0	0	0	0	0	0	0	0	0	0	0	0	0	0	0	0	0	0	0	0	0	0	0	0	0	0	0	0	0	0	0	0	0	0	0	0	0	0	0	0	0	0	0	0	0	0	0	0	0	0	1	0	0	0	0	0	0	0	0	0	0	0	0	0	0	0	0	0	0	0	0	0	0
5	186	1993	14.872396	98.758774	0	12.892447	15.341094	74.280266	7.5945425	50.756199	2.7116854	112.2418	47.681847	28.610241	6.4069524	15.5282	6	7	1	0	3.4000001	7.2433367	97.383842	0	12.892447	15.20118	76.003464	7.2688718	47.209599	2.5674818	94.021172	37.034	45.517262	5.4801841	32.149559	-4	4	1	0	4.8000002	7.0187702	0	0	0	0	1	0	0	0	0	0	0	0	0	0	0	0	0	0	0	0	0	0	0	0	0	0	0	0	0	0	0	0	0	0	0	0	0	0	0	0	0	0	0	0	0	0	0	0	0	0	0	0	0	0	0	0	0	0	0	0	0	0	1	0	0	0	0	0	0	0	0	0	0	0	0	0	0	0	0	0	0	0	0	0
4	188	1988	13.842512	92.062759	6	12.605419	17.888994	75.178802	5.6552935	46.372398	2.8052876	49.02293	56.070614	67.589142	7.3897629	8.4204903	6.5999999	7	1	1	2.5999999	6.5558629	86.415977	6	12.605419	17.750376	78.516022	5.8398314	40.82	2.8208992	43.030277	56.018131	40.489262	6.7635622	21.119024	-6.5999999	2.4000001	1	1	4.5999999	6.5881066	0	0	0	1	0	0	0	0	0	0	0	0	0	0	0	0	0	0	0	0	0	0	0	0	0	0	0	0	0	0	0	0	0	0	0	0	0	0	0	0	0	0	0	0	0	0	0	0	0	0	0	0	0	0	0	0	0	0	0	0	0	0	0	1	0	0	0	0	0	0	0	0	0	0	0	0	0	0	0	0	0	0	0	0
5	188	1993	16.64991	96.540443	6	12.605419	18.007669	71.563026	5.4285154	48.41	2.4596286	62.490658	57.95462	56.518661	8.4916801	9.7667799	8	8.6000004	1	1	2.8	6.8677893	92.062759	6	12.605419	17.888994	75.178802	5.6552935	46.372398	2.8052876	49.02293	56.070614	67.589142	7.3897629	8.4204903	6.5999999	7	1	1	2.5999999	6.5558629	0	0	0	0	1	0	0	0	0	0	0	0	0	0	0	0	0	0	0	0	0	0	0	0	0	0	0	0	0	0	0	0	0	0	0	0	0	0	0	0	0	0	0	0	0	0	0	0	0	0	0	0	0	0	0	0	0	0	0	0	0	0	0	1	0	0	0	0	0	0	0	0	0	0	0	0	0	0	0	0	0	0	0	0
6	188	1998	17.459705	100	6	12.605419	18.119101	67.568306	5.3985195	48.110001	2.1899235	94.930969	55.136765	51.152618	9.1313772	9.7123957	8	9	1	1	2	7.0286193	96.540443	6	12.605419	18.007669	71.563026	5.4285154	48.41	2.4596286	62.490658	57.95462	56.518661	8.4916801	9.7667799	8	8.6000004	1	1	2.8	6.8677893	0	0	0	0	0	1	0	0	0	0	0	0	0	0	0	0	0	0	0	0	0	0	0	0	0	0	0	0	0	0	0	0	0	0	0	0	0	0	0	0	0	0	0	0	0	0	0	0	0	0	0	0	0	0	0	0	0	0	0	0	0	0	0	1	0	0	0	0	0	0	0	0	0	0	0	0	0	0	0	0	0	0	0	0
7	188	2003	18.091158	100	3	12.605419	18.226667	63.936096	5.5716724	48.0158	1.9737209	100.74288	45.208099	63.144718	9.4025583	4.8515878	8	9	1	1	2.2	6.9607182	100	6	12.605419	18.119101	67.568306	5.3985195	48.110001	2.1899235	94.930969	55.136765	51.152618	9.1313772	9.7123957	8	9	1	1	2	7.0286193	0	0	0	0	0	0	1	0	0	0	0	0	0	0	0	0	0	0	0	0	0	0	0	0	0	0	0	0	0	0	0	0	0	0	0	0	0	0	0	0	0	0	0	0	0	0	0	0	0	0	0	0	0	0	0	0	0	0	0	0	0	0	0	1	0	0	0	0	0	0	0	0	0	0	0	0	0	0	0	0	0	0	0	0
8	188	2008	16.782595	100	3	12.605419	18.317259	59.947975	5.8331294	48.402	1.5788831	78.970474	43.706661	47.572239	9.9703093	4.5168099	8	9	1	1	3.5999999	7.4851251	100	3	12.605419	18.226667	63.936096	5.5716724	48.0158	1.9737209	100.74288	45.208099	63.144718	9.4025583	4.8515878	8	9	1	1	2.2	6.9607182	0	0	0	0	0	0	0	1	0	0	0	0	0	0	0	0	0	0	0	0	0	0	0	0	0	0	0	0	0	0	0	0	0	0	0	0	0	0	0	0	0	0	0	0	0	0	0	0	0	0	0	0	0	0	0	0	0	0	0	0	0	0	0	1	0	0	0	0	0	0	0	0	0	0	0	0	0	0	0	0	0	0	0	0
7	191	2003	40.294151	91.466431	0	11.424028	16.156219	23.39784	24.821817	56.3046	2	64.217461	58.669827	56.263081	10.875661	3.06317	10	10	0	0	1	9.6081734	91.775223	0	11.424094	16.118095	24.774332	23.230469	53.083	0	64.742104	55.929451	52.22908	10.172276	3.3227799	10	10	0	0	1	9.372901	0	0	0	0	0	0	1	0	0	0	0	0	0	0	0	0	0	0	0	0	0	0	0	0	0	0	0	0	0	0	0	0	0	0	0	0	0	0	0	0	0	0	0	0	0	0	0	0	0	0	0	0	0	0	0	0	0	0	0	0	0	0	0	0	1	0	0	0	0	0	0	0	0	0	0	0	0	0	0	0	0	0	0	0
8	191	2008	42.503349	90.922379	0	11.423766	16.213406	22.835609	26.189816	59.333599	0	70.102745	59.18964	75.938538	11.566392	1.748106	10	10	0	0	1	9.9780283	91.466431	0	11.424028	16.156219	23.39784	24.821817	56.3046	2	64.217461	58.669827	56.263081	10.875661	3.06317	10	10	0	0	1	9.6081734	0	0	0	0	0	0	0	1	0	0	0	0	0	0	0	0	0	0	0	0	0	0	0	0	0	0	0	0	0	0	0	0	0	0	0	0	0	0	0	0	0	0	0	0	0	0	0	0	0	0	0	0	0	0	0	0	0	0	0	0	0	0	0	0	1	0	0	0	0	0	0	0	0	0	0	0	0	0	0	0	0	0	0	0
3	219	1983	17.401379	100	0	6.5072775	14.762882	36.344074	7.2820935	100	2.402564	346.12256	45.218143	69.677597	9.1409225	2.5915189	-2	2	0	1	4	8.7973585	100	0	6.5072775	14.665443	44.138111	6.7571802	100	.86956519	351.37241	41.968895	77.860779	8.0384216	4.568296	-2	2	0	1	5	8.1641235	0	0	1	0	0	0	0	0	0	0	0	0	0	0	0	0	0	0	0	0	0	0	0	0	0	0	0	0	0	0	0	0	0	0	0	0	0	0	0	0	0	0	0	0	0	0	0	0	0	0	0	0	0	0	0	0	0	0	0	0	0	0	0	0	0	0	1	0	0	0	0	0	0	0	0	0	0	0	0	0	0	0	0	0
4	219	1988	21.432314	100	0	6.5072775	14.872965	31.082081	7.5653825	100	2.1446817	335.07697	45.6008	80.827423	9.9353218	2.7292297	-2	2	0	1	4	9.1249523	100	0	6.5072775	14.762882	36.344074	7.2820935	100	2.402564	346.12256	45.218143	69.677597	9.1409225	2.5915189	-2	2	0	1	4	8.7973585	0	0	0	1	0	0	0	0	0	0	0	0	0	0	0	0	0	0	0	0	0	0	0	0	0	0	0	0	0	0	0	0	0	0	0	0	0	0	0	0	0	0	0	0	0	0	0	0	0	0	0	0	0	0	0	0	0	0	0	0	0	0	0	0	0	0	1	0	0	0	0	0	0	0	0	0	0	0	0	0	0	0	0	0
5	219	1993	16.994396	100	0	6.5072775	15.008513	30.318768	8.3153934	100	3.1311238	323.89099	44.70369	72.785881	10.868979	3.1589324	-2	2	0	1	4.5999999	9.8429823	100	0	6.5072775	14.872965	31.082081	7.5653825	100	2.1446817	335.07697	45.6008	80.827423	9.9353218	2.7292297	-2	2	0	1	4	9.1249523	0	0	0	0	1	0	0	0	0	0	0	0	0	0	0	0	0	0	0	0	0	0	0	0	0	0	0	0	0	0	0	0	0	0	0	0	0	0	0	0	0	0	0	0	0	0	0	0	0	0	0	0	0	0	0	0	0	0	0	0	0	0	0	0	0	0	1	0	0	0	0	0	0	0	0	0	0	0	0	0	0	0	0	0
6	219	1998	18.434422	100	0	6.5072775	15.13956	30.790695	9.7328787	100	2.7225339	340.00003	47.519485	78.224663	11.558528	.197972	-2	2	0	1	4.8000002	10.102225	100	0	6.5072775	15.008513	30.318768	8.3153934	100	3.1311238	323.89099	44.70369	72.785881	10.868979	3.1589324	-2	2	0	1	4.5999999	9.8429823	0	0	0	0	0	1	0	0	0	0	0	0	0	0	0	0	0	0	0	0	0	0	0	0	0	0	0	0	0	0	0	0	0	0	0	0	0	0	0	0	0	0	0	0	0	0	0	0	0	0	0	0	0	0	0	0	0	0	0	0	0	0	0	0	0	0	1	0	0	0	0	0	0	0	0	0	0	0	0	0	0	0	0	0
7	219	2003	17.716343	100	0	6.5249615	15.230966	28.504137	11.295621	100	1.4756098	389.98587	48.742851	97.291878	12.10414	.25537199	-2	2	0	1	5	10.116061	100	0	6.5072775	15.13956	30.790695	9.7328787	100	2.7225339	340.00003	47.519485	78.224663	11.558528	.197972	-2	2	0	1	4.8000002	10.102225	0	0	0	0	0	0	1	0	0	0	0	0	0	0	0	0	0	0	0	0	0	0	0	0	0	0	0	0	0	0	0	0	0	0	0	0	0	0	0	0	0	0	0	0	0	0	0	0	0	0	0	0	0	0	0	0	0	0	0	0	0	0	0	0	0	0	1	0	0	0	0	0	0	0	0	0	0	0	0	0	0	0	0	0
8	219	2008	15.670654	100	0	6.547925	15.374461	25.075212	11.953768	100	3.4771059	409.4313	50.204529	96.150757	13.020879	1.9128784	-2	2	0	1	5	10.560559	100	0	6.5249615	15.230966	28.504137	11.295621	100	1.4756098	389.98587	48.742851	97.291878	12.10414	.25537199	-2	2	0	1	5	10.116061	0	0	0	0	0	0	0	1	0	0	0	0	0	0	0	0	0	0	0	0	0	0	0	0	0	0	0	0	0	0	0	0	0	0	0	0	0	0	0	0	0	0	0	0	0	0	0	0	0	0	0	0	0	0	0	0	0	0	0	0	0	0	0	0	0	0	1	0	0	0	0	0	0	0	0	0	0	0	0	0	0	0	0	0
7	220	2003	37.93512	92.887772	0	10.781079	15.501909	25.985134	16.091743	55.831001	0	153.13316	36.580135	39.215141	9.4961605	4.4862418	9	9	0	0	1	8.6919537	92.981194	0	10.781037	15.501909	31.533939	16.08005	56.354599	0	127.85218	33.075825	21.812599	7.942729	6.4410338	8.1999998	8.1999998	0	0	1.6	8.273881	0	0	0	0	0	0	1	0	0	0	0	0	0	0	0	0	0	0	0	0	0	0	0	0	0	0	0	0	0	0	0	0	0	0	0	0	0	0	0	0	0	0	0	0	0	0	0	0	0	0	0	0	0	0	0	0	0	0	0	0	0	0	0	0	0	0	0	1	0	0	0	0	0	0	0	0	0	0	0	0	0	0	0	0
8	220	2008	34.017776	88.578743	0	10.780958	15.509249	21.797804	16.306122	55.125599	0	164.70816	36.519199	33.01162	10.724463	1.2451302	10	10	0	0	1	9.5777092	92.887772	0	10.781079	15.501909	25.985134	16.091743	55.831001	0	153.13316	36.580135	39.215141	9.4961605	4.4862418	9	9	0	0	1	8.6919537	0	0	0	0	0	0	0	1	0	0	0	0	0	0	0	0	0	0	0	0	0	0	0	0	0	0	0	0	0	0	0	0	0	0	0	0	0	0	0	0	0	0	0	0	0	0	0	0	0	0	0	0	0	0	0	0	0	0	0	0	0	0	0	0	0	0	0	1	0	0	0	0	0	0	0	0	0	0	0	0	0	0	0	0
5	225	1993	30.798834	74.309692	3	13.997832	17.498945	62.583954	5.5541649	53.506401	2.1938405	40.998978	63.858246	40.551041	9.3684702	12.646022	7.4000001	7	0	0	3.5999999	8.1221638	82.492805	3	13.997832	17.376011	69.341652	5.5130944	50.971001	2.4644573	49.14782	65.409271	32.342281	9.0963945	15.90454	4.1999998	2.2	0	0	5.1999998	7.8339944	0	0	0	0	1	0	0	0	0	0	0	0	0	0	0	0	0	0	0	0	0	0	0	0	0	0	0	0	0	0	0	0	0	0	0	0	0	0	0	0	0	0	0	0	0	0	0	0	0	0	0	0	0	0	0	0	0	0	0	0	0	0	0	0	0	0	0	0	1	0	0	0	0	0	0	0	0	0	0	0	0	0	0	0
7	225	2003	29.200588	82.732819	0	13.997832	17.65687	51.046528	6.1660695	58.310001	1.7593044	56.002754	69.550903	37.570919	10.752483	7.1566439	9	9	0	0	1	8.1679897	82.03833	.60000002	13.997832	17.590292	55.897095	5.7488475	55.929001	2.4419322	49.396671	65.862312	45.028141	10.081976	7.9578638	9	9	0	0	1	8.065753	0	0	0	0	0	0	1	0	0	0	0	0	0	0	0	0	0	0	0	0	0	0	0	0	0	0	0	0	0	0	0	0	0	0	0	0	0	0	0	0	0	0	0	0	0	0	0	0	0	0	0	0	0	0	0	0	0	0	0	0	0	0	0	0	0	0	0	0	1	0	0	0	0	0	0	0	0	0	0	0	0	0	0	0
7	227	2003	27.198368	70.555687	0	13.120378	17.552954	21.139563	24.57781	76.525398	1.9291116	56.769028	37.203991	49.206699	12.611157	4.2188978	10	10	0	1	1	9.9107599	82.24437	0	13.121066	17.504391	22.530853	23.989828	76.099602	.51282054	53.68708	41.911037	63.8591	11.696032	2.8818021	10	10	0	1	1	9.617856	0	0	0	0	0	0	1	0	0	0	0	0	0	0	0	0	0	0	0	0	0	0	0	0	0	0	0	0	0	0	0	0	0	0	0	0	0	0	0	0	0	0	0	0	0	0	0	0	0	0	0	0	0	0	0	0	0	0	0	0	0	0	0	0	0	0	0	0	0	1	0	0	0	0	0	0	0	0	0	0	0	0	0	0
8	227	2008	28.142229	67.095589	0	13.120157	17.626471	21.538452	24.581209	77.050797	1.3337725	56.907059	38.162067	45.781898	13.263403	1.987766	10	10	0	1	1	10.356441	70.555687	0	13.120378	17.552954	21.139563	24.57781	76.525398	1.9291116	56.769028	37.203991	49.206699	12.611157	4.2188978	10	10	0	1	1	9.9107599	0	0	0	0	0	0	0	1	0	0	0	0	0	0	0	0	0	0	0	0	0	0	0	0	0	0	0	0	0	0	0	0	0	0	0	0	0	0	0	0	0	0	0	0	0	0	0	0	0	0	0	0	0	0	0	0	0	0	0	0	0	0	0	0	0	0	0	0	0	1	0	0	0	0	0	0	0	0	0	0	0	0	0	0
3	228	1983	26.938793	100	3	11.046276	16.575191	57.387768	7.8579969	18.302	1.3333334	68.651917	48.160938	75.106079	5.5735126	14.155503	5.1999998	6.1999998	.60000002	0	2.5999999	5.8160982	100	0	11.046276	16.495964	60.99749	7.1775374	19.0606	2.9670329	69.376328	52.084904	65.637939	4.4107814	14.191874	6.8000002	7	0	.60000002	2	5.5389819	0	0	1	0	0	0	0	0	0	0	0	0	0	0	0	0	0	0	0	0	0	0	0	0	0	0	0	0	0	0	0	0	0	0	0	0	0	0	0	0	0	0	0	0	0	0	0	0	0	0	0	0	0	0	0	0	0	0	0	0	0	0	0	0	0	0	0	0	0	0	1	0	0	0	0	0	0	0	0	0	0	0	0	0
4	228	1988	26.581858	100	8.1999998	11.046276	16.636599	53.122208	8.6392918	17.513	1.25	62.647282	41.240929	95.058723	6.0879693	10.954454	5	6	1	0	3.4000001	6.0352983	100	3	11.046276	16.575191	57.387768	7.8579969	18.302	1.3333334	68.651917	48.160938	75.106079	5.5735126	14.155503	5.1999998	6.1999998	.60000002	0	2.5999999	5.8160982	0	0	0	1	0	0	0	0	0	0	0	0	0	0	0	0	0	0	0	0	0	0	0	0	0	0	0	0	0	0	0	0	0	0	0	0	0	0	0	0	0	0	0	0	0	0	0	0	0	0	0	0	0	0	0	0	0	0	0	0	0	0	0	0	0	0	0	0	0	0	1	0	0	0	0	0	0	0	0	0	0	0	0	0
5	228	1993	26.827017	100	5	11.046276	16.705883	47.77816	9.382679	16.743601	1.1764706	73.413979	45.40612	93.057259	6.7641816	9.7972383	5	6	1	0	4	6.4182587	100	8.1999998	11.046276	16.636599	53.122208	8.6392918	17.513	1.25	62.647282	41.240929	95.058723	6.0879693	10.954454	5	6	1	0	3.4000001	6.0352983	0	0	0	0	1	0	0	0	0	0	0	0	0	0	0	0	0	0	0	0	0	0	0	0	0	0	0	0	0	0	0	0	0	0	0	0	0	0	0	0	0	0	0	0	0	0	0	0	0	0	0	0	0	0	0	0	0	0	0	0	0	0	0	0	0	0	0	0	0	0	1	0	0	0	0	0	0	0	0	0	0	0	0	0
6	228	1998	24.830832	100	5	11.046276	16.738323	41.613766	9.5499849	16.0014	1.1111112	78.679321	47.713917	89.320099	7.4852104	8.0792255	5	6	1	0	3	6.7486296	100	5	11.046276	16.705883	47.77816	9.382679	16.743601	1.1764706	73.413979	45.40612	93.057259	6.7641816	9.7972383	5	6	1	0	4	6.4182587	0	0	0	0	0	1	0	0	0	0	0	0	0	0	0	0	0	0	0	0	0	0	0	0	0	0	0	0	0	0	0	0	0	0	0	0	0	0	0	0	0	0	0	0	0	0	0	0	0	0	0	0	0	0	0	0	0	0	0	0	0	0	0	0	0	0	0	0	0	0	1	0	0	0	0	0	0	0	0	0	0	0	0	0
7	228	2003	23.811678	100	5	11.046276	16.780466	37.670876	10.179674	15.3598	1.0526316	77.538902	57.702599	99.42112	7.8897691	9.969326	5.4000001	6	1	0	3	6.8990722	100	5	11.046276	16.738323	41.613766	9.5499849	16.0014	1.1111112	78.679321	47.713917	89.320099	7.4852104	8.0792255	5	6	1	0	3	6.7486296	0	0	0	0	0	0	1	0	0	0	0	0	0	0	0	0	0	0	0	0	0	0	0	0	0	0	0	0	0	0	0	0	0	0	0	0	0	0	0	0	0	0	0	0	0	0	0	0	0	0	0	0	0	0	0	0	0	0	0	0	0	0	0	0	0	0	0	0	0	0	1	0	0	0	0	0	0	0	0	0	0	0	0	0
7	233	2003	35.807568	64.680191	0	12.924742	16.006031	27.44421	26.438822	84.201797	.22471911	84.175667	44.579742	55.911926	11.868585	1.3736402	10	10	0	0	1	10.418845	66.862625	0	12.924742	15.999302	29.210695	27.011278	83.945198	.22727273	78.591637	45.271545	77.363899	10.926587	1.0394185	10	10	0	0	1	10.279536	0	0	0	0	0	0	1	0	0	0	0	0	0	0	0	0	0	0	0	0	0	0	0	0	0	0	0	0	0	0	0	0	0	0	0	0	0	0	0	0	0	0	0	0	0	0	0	0	0	0	0	0	0	0	0	0	0	0	0	0	0	0	0	0	0	0	0	0	0	0	0	1	0	0	0	0	0	0	0	0	0	0	0	0
8	233	2008	33.686291	63.398422	0	12.924742	16.038992	25.652205	27.135736	84.7612	.87444752	94.583458	45.277512	41.349941	12.58664	2.1489427	10	10	0	0	1	10.775922	64.680191	0	12.924742	16.006031	27.44421	26.438822	84.201797	.22471911	84.175667	44.579742	55.911926	11.868585	1.3736402	10	10	0	0	1	10.418845	0	0	0	0	0	0	0	1	0	0	0	0	0	0	0	0	0	0	0	0	0	0	0	0	0	0	0	0	0	0	0	0	0	0	0	0	0	0	0	0	0	0	0	0	0	0	0	0	0	0	0	0	0	0	0	0	0	0	0	0	0	0	0	0	0	0	0	0	0	0	0	1	0	0	0	0	0	0	0	0	0	0	0	0
7	234	2003	19.320833	51.394676	0	10.596635	15.806068	24.785034	23.112709	73.403	.55175036	83.247353	43.456799	68.130836	12.005845	.75510782	10	10	0	1	1	10.702555	59.608845	0	10.596635	15.778402	26.132612	22.341076	73.4244	.56740445	76.02861	41.63443	60.899361	11.337128	.38527259	10	10	0	1	1	10.573245	0	0	0	0	0	0	1	0	0	0	0	0	0	0	0	0	0	0	0	0	0	0	0	0	0	0	0	0	0	0	0	0	0	0	0	0	0	0	0	0	0	0	0	0	0	0	0	0	0	0	0	0	0	0	0	0	0	0	0	0	0	0	0	0	0	0	0	0	0	0	0	0	1	0	0	0	0	0	0	0	0	0	0	0
8	234	2008	17.93314	53.294518	0	10.596635	15.840975	22.928699	23.917002	73.565598	1.0598351	94.352142	46.672421	57.223541	13.019462	1.4767336	10	10	0	1	1	11.067906	51.394676	0	10.596635	15.806068	24.785034	23.112709	73.403	.55175036	83.247353	43.456799	68.130836	12.005845	.75510782	10	10	0	1	1	10.702555	0	0	0	0	0	0	0	1	0	0	0	0	0	0	0	0	0	0	0	0	0	0	0	0	0	0	0	0	0	0	0	0	0	0	0	0	0	0	0	0	0	0	0	0	0	0	0	0	0	0	0	0	0	0	0	0	0	0	0	0	0	0	0	0	0	0	0	0	0	0	0	0	1	0	0	0	0	0	0	0	0	0	0	0
3	240	1983	16.037968	94.180618	1.2	13.143909	17.727133	61.631367	6.4242864	27.5734	2.0425186	47.862877	46.731953	39.557281	7.5475016	4.1408982	2	7	0	1	3	6.6691256	85.423073	2	13.143909	17.621679	73.278633	6.420095	25.577801	2.2750793	46.189686	48.864494	23.929359	7.0004015	8.31141	-.60000002	5.5	.60000002	1	4.8000002	6.2859297	0	0	1	0	0	0	0	0	0	0	0	0	0	0	0	0	0	0	0	0	0	0	0	0	0	0	0	0	0	0	0	0	0	0	0	0	0	0	0	0	0	0	0	0	0	0	0	0	0	0	0	0	0	0	0	0	0	0	0	0	0	0	0	0	0	0	0	0	0	0	0	0	0	1	0	0	0	0	0	0	0	0	0	0
4	240	1988	14.244245	94.284836	0	13.143909	17.822514	49.881573	6.7783399	28.892401	1.8531234	62.592243	50.682034	40.671581	8.3609819	4.8369398	2.5999999	7	0	1	2.5999999	7.0363302	94.180618	1.2	13.143909	17.727133	61.631367	6.4242864	27.5734	2.0425186	47.862877	46.731953	39.557281	7.5475016	4.1408982	2	7	0	1	3	6.6691256	0	0	0	1	0	0	0	0	0	0	0	0	0	0	0	0	0	0	0	0	0	0	0	0	0	0	0	0	0	0	0	0	0	0	0	0	0	0	0	0	0	0	0	0	0	0	0	0	0	0	0	0	0	0	0	0	0	0	0	0	0	0	0	0	0	0	0	0	0	0	0	0	0	1	0	0	0	0	0	0	0	0	0	0
5	240	1993	15.546838	92.538414	0	13.143909	17.889572	42.593811	7.9373417	29.9352	.69570476	80.39949	52.91188	17.57666	9.5489187	4.8643022	7	8.3999996	0	1	3.5999999	7.7032537	94.284836	0	13.143909	17.822514	49.881573	6.7783399	28.892401	1.8531234	62.592243	50.682034	40.671581	8.3609819	4.8369398	2.5999999	7	0	1	2.5999999	7.0363302	0	0	0	0	1	0	0	0	0	0	0	0	0	0	0	0	0	0	0	0	0	0	0	0	0	0	0	0	0	0	0	0	0	0	0	0	0	0	0	0	0	0	0	0	0	0	0	0	0	0	0	0	0	0	0	0	0	0	0	0	0	0	0	0	0	0	0	0	0	0	0	0	0	1	0	0	0	0	0	0	0	0	0	0
6	240	1998	20.450314	94.175354	0	13.143909	17.936035	36.855152	9.4070311	30.7962	1.0001853	100.49267	46.995468	24.517275	10.121359	2.9238839	9	9	0	1	2.4000001	7.7112832	92.538414	0	13.143909	17.889572	42.593811	7.9373417	29.9352	.69570476	80.39949	52.91188	17.57666	9.5489187	4.8643022	7	8.3999996	0	1	3.5999999	7.7032537	0	0	0	0	0	1	0	0	0	0	0	0	0	0	0	0	0	0	0	0	0	0	0	0	0	0	0	0	0	0	0	0	0	0	0	0	0	0	0	0	0	0	0	0	0	0	0	0	0	0	0	0	0	0	0	0	0	0	0	0	0	0	0	0	0	0	0	0	0	0	0	0	0	1	0	0	0	0	0	0	0	0	0	0
7	240	2003	20.000893	95.196579	0	13.143909	17.995911	33.058006	10.942774	31.8018	1.2602333	123.70484	45.288502	51.00864	10.768716	2.3654535	9	9	0	1	2.2	7.7485638	94.175354	0	13.143909	17.936035	36.855152	9.4070311	30.7962	1.0001853	100.49267	46.995468	24.517275	10.121359	2.9238839	9	9	0	1	2.4000001	7.7112832	0	0	0	0	0	0	1	0	0	0	0	0	0	0	0	0	0	0	0	0	0	0	0	0	0	0	0	0	0	0	0	0	0	0	0	0	0	0	0	0	0	0	0	0	0	0	0	0	0	0	0	0	0	0	0	0	0	0	0	0	0	0	0	0	0	0	0	0	0	0	0	0	0	1	0	0	0	0	0	0	0	0	0	0
3	247	1983	27.18968	100	0	11.953501	15.757882	74.049667	7.0675302	52.530998	2.6720431	72.159355	41.06134	40.52454	8.3700924	10.139484	-8	2	1	1	5	7.1703582	100	0	11.953501	15.629562	79.482101	6.760488	49.376598	2.7097082	67.327446	41.372581	35.728649	7.4213729	8.4404783	-9	1	1	1	6	7.0069451	0	0	1	0	0	0	0	0	0	0	0	0	0	0	0	0	0	0	0	0	0	0	0	0	0	0	0	0	0	0	0	0	0	0	0	0	0	0	0	0	0	0	0	0	0	0	0	0	0	0	0	0	0	0	0	0	0	0	0	0	0	0	0	0	0	0	0	0	0	0	0	0	0	0	0	1	0	0	0	0	0	0	0	0
4	247	1988	28.51251	100	0	11.953501	15.876822	68.842201	7.6025567	56.3032	2.3539236	73.073494	38.571884	54.368259	8.61343	5.94067	-5.5999999	2.8	1	1	5.5999999	7.2649679	100	0	11.953501	15.757882	74.049667	7.0675302	52.530998	2.6720431	72.159355	41.06134	40.52454	8.3700924	10.139484	-8	2	1	1	5	7.1703582	0	0	0	1	0	0	0	0	0	0	0	0	0	0	0	0	0	0	0	0	0	0	0	0	0	0	0	0	0	0	0	0	0	0	0	0	0	0	0	0	0	0	0	0	0	0	0	0	0	0	0	0	0	0	0	0	0	0	0	0	0	0	0	0	0	0	0	0	0	0	0	0	0	0	0	1	0	0	0	0	0	0	0	0
5	247	1993	29.659456	100	0	11.953501	15.973995	61.075336	9.0339317	60.062801	1.8808489	79.719162	39.566498	58.4562	9.0569534	5.4593701	-3.8	4.8000002	1	1	5.8000002	7.5728216	100	0	11.953501	15.876822	68.842201	7.6025567	56.3032	2.3539236	73.073494	38.571884	54.368259	8.61343	5.94067	-5.5999999	2.8	1	1	5.5999999	7.2649679	0	0	0	0	1	0	0	0	0	0	0	0	0	0	0	0	0	0	0	0	0	0	0	0	0	0	0	0	0	0	0	0	0	0	0	0	0	0	0	0	0	0	0	0	0	0	0	0	0	0	0	0	0	0	0	0	0	0	0	0	0	0	0	0	0	0	0	0	0	0	0	0	0	0	0	1	0	0	0	0	0	0	0	0
6	247	1998	29.018215	100	0	11.953501	16.04541	51.147594	9.9351244	62.6488	1.3000276	79.484291	40.68993	59.862541	9.2501478	5.6796679	-3	6	1	1	6	7.7610469	100	0	11.953501	15.973995	61.075336	9.0339317	60.062801	1.8808489	79.719162	39.566498	58.4562	9.0569534	5.4593701	-3.8	4.8000002	1	1	5.8000002	7.5728216	0	0	0	0	0	1	0	0	0	0	0	0	0	0	0	0	0	0	0	0	0	0	0	0	0	0	0	0	0	0	0	0	0	0	0	0	0	0	0	0	0	0	0	0	0	0	0	0	0	0	0	0	0	0	0	0	0	0	0	0	0	0	0	0	0	0	0	0	0	0	0	0	0	0	0	1	0	0	0	0	0	0	0	0
7	247	2003	29.291536	100	0	11.953501	16.08753	41.518833	10.15556	64.4496	.82062072	86.892082	40.188278	57.9991	9.6209307	3.043968	-3.8	6	1	1	6	7.9255209	100	0	11.953501	16.04541	51.147594	9.9351244	62.6488	1.3000276	79.484291	40.68993	59.862541	9.2501478	5.6796679	-3	6	1	1	6	7.7610469	0	0	0	0	0	0	1	0	0	0	0	0	0	0	0	0	0	0	0	0	0	0	0	0	0	0	0	0	0	0	0	0	0	0	0	0	0	0	0	0	0	0	0	0	0	0	0	0	0	0	0	0	0	0	0	0	0	0	0	0	0	0	0	0	0	0	0	0	0	0	0	0	0	0	0	1	0	0	0	0	0	0	0	0
6	248	1998	25.033674	100	2.4000001	13.553665	17.942385	50.422924	7.6515903	63.693802	1.3227658	41.193169	41.114395	41.570961	9.6078081	80.009659	7.1999998	6.4000001	0	0	4	8.3333445	100	3	13.553665	17.858253	56.929127	6.7204351	60.955002	1.7868544	28.76144	44.079079	32.09642	9.0518036	76.699883	8.3999996	8.3999996	0	0	3.5999999	8.2187929	0	0	0	0	0	1	0	0	0	0	0	0	0	0	0	0	0	0	0	0	0	0	0	0	0	0	0	0	0	0	0	0	0	0	0	0	0	0	0	0	0	0	0	0	0	0	0	0	0	0	0	0	0	0	0	0	0	0	0	0	0	0	0	0	0	0	0	0	0	0	0	0	0	0	0	0	1	0	0	0	0	0	0	0
7	248	2003	36.800232	100	0	13.553665	18.008036	44.883347	8.4031363	66.000999	1.5391904	48.706619	41.44838	66.025383	10.374927	26.605978	7	6	0	0	3.2	8.431633	100	2.4000001	13.553665	17.942385	50.422924	7.6515903	63.693802	1.3227658	41.193169	41.114395	41.570961	9.6078081	80.009659	7.1999998	6.4000001	0	0	4	8.3333445	0	0	0	0	0	0	1	0	0	0	0	0	0	0	0	0	0	0	0	0	0	0	0	0	0	0	0	0	0	0	0	0	0	0	0	0	0	0	0	0	0	0	0	0	0	0	0	0	0	0	0	0	0	0	0	0	0	0	0	0	0	0	0	0	0	0	0	0	0	0	0	0	0	0	0	0	1	0	0	0	0	0	0	0
8	248	2008	29.877783	94.772896	0	13.553665	18.077991	40.530876	8.7146063	69.028603	1.1513772	49.602764	45.24567	42.52092	11.744848	7.7032561	7	6	0	0	3	9.117671	100	0	13.553665	18.008036	44.883347	8.4031363	66.000999	1.5391904	48.706619	41.44838	66.025383	10.374927	26.605978	7	6	0	0	3.2	8.431633	0	0	0	0	0	0	0	1	0	0	0	0	0	0	0	0	0	0	0	0	0	0	0	0	0	0	0	0	0	0	0	0	0	0	0	0	0	0	0	0	0	0	0	0	0	0	0	0	0	0	0	0	0	0	0	0	0	0	0	0	0	0	0	0	0	0	0	0	0	0	0	0	0	0	0	0	1	0	0	0	0	0	0	0
7	252	2003	21.635592	80.214165	0	12.205122	17.102955	100.31138	5.3606033	12.7816	3.8575907	36.670429	43.233154	79.32222	7.2557001	4.6036139	-3.4000001	2.8	1	1	5.4000001	5.6524124	81.896133	0	12.205122	16.932432	100.09387	5.5969405	11.9144	2.7310371	33.50647	40.152245	76.787323	6.5017886	5.4915257	-4	2	1	1	4.5999999	5.6604705	0	0	0	0	0	0	1	0	0	0	0	0	0	0	0	0	0	0	0	0	0	0	0	0	0	0	0	0	0	0	0	0	0	0	0	0	0	0	0	0	0	0	0	0	0	0	0	0	0	0	0	0	0	0	0	0	0	0	0	0	0	0	0	0	0	0	0	0	0	0	0	0	0	0	0	0	0	1	0	0	0	0	0	0
8	252	2008	16.661098	79.900375	0	12.205122	17.248455	99.392555	5.1377091	14.394	3.2325437	50.262447	41.194221	30.642099	8.431922	8.0415277	-1	6	1	1	5	6.1596498	80.214165	0	12.205122	17.102955	100.31138	5.3606033	12.7816	3.8575907	36.670429	43.233154	79.32222	7.2557001	4.6036139	-3.4000001	2.8	1	1	5.4000001	5.6524124	0	0	0	0	0	0	0	1	0	0	0	0	0	0	0	0	0	0	0	0	0	0	0	0	0	0	0	0	0	0	0	0	0	0	0	0	0	0	0	0	0	0	0	0	0	0	0	0	0	0	0	0	0	0	0	0	0	0	0	0	0	0	0	0	0	0	0	0	0	0	0	0	0	0	0	0	0	1	0	0	0	0	0	0
7	256	2003	38.52544	91.670937	0	12.396403	17.903131	27.952549	24.165903	78.864601	.33898306	55.31414	47.571381	46.39542	13.384159	2.2479801	10	10	0	1	1	10.345696	92.356277	0	12.396403	17.882792	29.698578	24.366323	78.531799	.34482759	55.999596	47.795647	54.416241	12.754113	1.8903116	10	10	0	1	1	10.084211	0	0	0	0	0	0	1	0	0	0	0	0	0	0	0	0	0	0	0	0	0	0	0	0	0	0	0	0	0	0	0	0	0	0	0	0	0	0	0	0	0	0	0	0	0	0	0	0	0	0	0	0	0	0	0	0	0	0	0	0	0	0	0	0	0	0	0	0	0	0	0	0	0	0	0	0	0	0	1	0	0	0	0	0
8	256	2008	43.61512	92.031906	0	12.396403	17.932888	26.510263	24.603649	79.307602	.98378283	60.327717	49.37112	56.586342	13.921408	2.7374179	10	10	0	1	1	10.60198	91.670937	0	12.396403	17.903131	27.952549	24.165903	78.864601	.33898306	55.31414	47.571381	46.39542	13.384159	2.2479801	10	10	0	1	1	10.345696	0	0	0	0	0	0	0	1	0	0	0	0	0	0	0	0	0	0	0	0	0	0	0	0	0	0	0	0	0	0	0	0	0	0	0	0	0	0	0	0	0	0	0	0	0	0	0	0	0	0	0	0	0	0	0	0	0	0	0	0	0	0	0	0	0	0	0	0	0	0	0	0	0	0	0	0	0	0	1	0	0	0	0	0
3	257	1983	22.788088	60.172878	0	16.034714	19.279125	33.158051	17.556871	74.191597	.86956519	18.16678	40.946095	48.711021	12.209632	5.2468061	10	10	1	1	1	9.6198006	91.736633	0	16.034714	19.235809	35.879456	16.718824	73.704002	.90909094	18.172979	40.532978	36.340225	11.195516	7.1976519	10	10	1	1	1	9.2107725	0	0	1	0	0	0	0	0	0	0	0	0	0	0	0	0	0	0	0	0	0	0	0	0	0	0	0	0	0	0	0	0	0	0	0	0	0	0	0	0	0	0	0	0	0	0	0	0	0	0	0	0	0	0	0	0	0	0	0	0	0	0	0	0	0	0	0	0	0	0	0	0	0	0	0	0	0	0	0	1	0	0	0	0
4	257	1988	22.233704	57.950474	0	16.034714	19.328808	32.858849	18.57766	74.9776	.83333331	19.281872	42.875755	61.639938	12.874469	3.1317439	10	10	1	1	1	9.9205456	60.172878	0	16.034714	19.279125	33.158051	17.556871	74.191597	.86956519	18.16678	40.946095	48.711021	12.209632	5.2468061	10	10	1	1	1	9.6198006	0	0	0	1	0	0	0	0	0	0	0	0	0	0	0	0	0	0	0	0	0	0	0	0	0	0	0	0	0	0	0	0	0	0	0	0	0	0	0	0	0	0	0	0	0	0	0	0	0	0	0	0	0	0	0	0	0	0	0	0	0	0	0	0	0	0	0	0	0	0	0	0	0	0	0	0	0	0	0	1	0	0	0	0
5	257	1993	22.605186	54.197662	0	16.034714	19.383739	33.324951	19.219519	76.470001	1.5692308	21.430338	45.008877	70.847038	13.288899	2.4402261	10	10	1	1	1	10.142717	57.950474	0	16.034714	19.328808	32.858849	18.57766	74.9776	.83333331	19.281872	42.875755	61.639938	12.874469	3.1317439	10	10	1	1	1	9.9205456	0	0	0	0	1	0	0	0	0	0	0	0	0	0	0	0	0	0	0	0	0	0	0	0	0	0	0	0	0	0	0	0	0	0	0	0	0	0	0	0	0	0	0	0	0	0	0	0	0	0	0	0	0	0	0	0	0	0	0	0	0	0	0	0	0	0	0	0	0	0	0	0	0	0	0	0	0	0	0	1	0	0	0	0
6	257	1998	19.916435	53.188396	0	16.034714	19.435753	32.841305	18.941545	78.353401	.74074072	24.305677	46.96859	63.668839	13.787808	1.664482	10	10	1	1	1	10.366648	54.197662	0	16.034714	19.383739	33.324951	19.219519	76.470001	1.5692308	21.430338	45.008877	70.847038	13.288899	2.4402261	10	10	1	1	1	10.142717	0	0	0	0	0	1	0	0	0	0	0	0	0	0	0	0	0	0	0	0	0	0	0	0	0	0	0	0	0	0	0	0	0	0	0	0	0	0	0	0	0	0	0	0	0	0	0	0	0	0	0	0	0	0	0	0	0	0	0	0	0	0	0	0	0	0	0	0	0	0	0	0	0	0	0	0	0	0	0	1	0	0	0	0
7	257	2003	20.698208	57.178261	1.2	16.034714	19.492172	31.196672	18.420424	80.074203	1.4039409	24.356831	47.58532	59.072941	14.344405	2.3549581	10	10	1	1	1	10.559544	53.188396	0	16.034714	19.435753	32.841305	18.941545	78.353401	.74074072	24.305677	46.96859	63.668839	13.787808	1.664482	10	10	1	1	1	10.366648	0	0	0	0	0	0	1	0	0	0	0	0	0	0	0	0	0	0	0	0	0	0	0	0	0	0	0	0	0	0	0	0	0	0	0	0	0	0	0	0	0	0	0	0	0	0	0	0	0	0	0	0	0	0	0	0	0	0	0	0	0	0	0	0	0	0	0	0	0	0	0	0	0	0	0	0	0	0	0	1	0	0	0	0
8	257	2008	23.936964	68.06311	2	16.028156	19.53241	30.116501	18.936142	81.578201	.66666669	28.504732	46.161671	74.4207	14.897784	1.9323291	10	10	1	1	1	10.731361	57.178261	1.2	16.034714	19.492172	31.196672	18.420424	80.074203	1.4039409	24.356831	47.58532	59.072941	14.344405	2.3549581	10	10	1	1	1	10.559544	0	0	0	0	0	0	0	1	0	0	0	0	0	0	0	0	0	0	0	0	0	0	0	0	0	0	0	0	0	0	0	0	0	0	0	0	0	0	0	0	0	0	0	0	0	0	0	0	0	0	0	0	0	0	0	0	0	0	0	0	0	0	0	0	0	0	0	0	0	0	0	0	0	0	0	0	0	0	0	1	0	0	0	0
4	258	1988	22.4107	97.937126	0	12.072656	14.933797	42.294254	18.113424	88.261398	.66666669	40.259724	40.108265	77.302101	6.2729654	80.26004	9.3999996	10	1	0	1.6	7.8806186	100	0	12.072656	14.907343	42.98801	17.165398	86.473999	.68965518	39.055168	40.933537	63.72768	6.0396028	45.92094	-3.8	2.8	1	0	4.4000001	7.7805805	0	0	0	1	0	0	0	0	0	0	0	0	0	0	0	0	0	0	0	0	0	0	0	0	0	0	0	0	0	0	0	0	0	0	0	0	0	0	0	0	0	0	0	0	0	0	0	0	0	0	0	0	0	0	0	0	0	0	0	0	0	0	0	0	0	0	0	0	0	0	0	0	0	0	0	0	0	0	0	0	1	0	0	0
5	258	1993	26.348696	89.912994	0	12.072656	14.972312	40.562668	19.338341	89.914398	.64516127	36.672897	40.227005	36.73502	6.9455523	57.657799	10	10	1	0	1.6	8.52946	97.937126	0	12.072656	14.933797	42.294254	18.113424	88.261398	.66666669	40.259724	40.108265	77.302101	6.2729654	80.26004	9.3999996	10	1	0	1.6	7.8806186	0	0	0	0	1	0	0	0	0	0	0	0	0	0	0	0	0	0	0	0	0	0	0	0	0	0	0	0	0	0	0	0	0	0	0	0	0	0	0	0	0	0	0	0	0	0	0	0	0	0	0	0	0	0	0	0	0	0	0	0	0	0	0	0	0	0	0	0	0	0	0	0	0	0	0	0	0	0	0	0	1	0	0	0
6	258	1998	27.415033	95.591957	0	12.072656	15.003279	39.548172	20.507938	91.011803	.625	35.94733	41.091263	36.906658	7.4568715	14.833242	10	10	1	0	1	8.885294	89.912994	0	12.072656	14.972312	40.562668	19.338341	89.914398	.64516127	36.672897	40.227005	36.73502	6.9455523	57.657799	10	10	1	0	1.6	8.52946	0	0	0	0	0	1	0	0	0	0	0	0	0	0	0	0	0	0	0	0	0	0	0	0	0	0	0	0	0	0	0	0	0	0	0	0	0	0	0	0	0	0	0	0	0	0	0	0	0	0	0	0	0	0	0	0	0	0	0	0	0	0	0	0	0	0	0	0	0	0	0	0	0	0	0	0	0	0	0	0	1	0	0	0
7	258	2003	24.864895	100	0	12.072656	15.009433	38.562763	21.267534	91.684998	0	49.690403	42.122612	80.473717	7.6269207	8.9534979	10	10	1	0	1	8.428689	95.591957	0	12.072656	15.003279	39.548172	20.507938	91.011803	.625	35.94733	41.091263	36.906658	7.4568715	14.833242	10	10	1	0	1	8.885294	0	0	0	0	0	0	1	0	0	0	0	0	0	0	0	0	0	0	0	0	0	0	0	0	0	0	0	0	0	0	0	0	0	0	0	0	0	0	0	0	0	0	0	0	0	0	0	0	0	0	0	0	0	0	0	0	0	0	0	0	0	0	0	0	0	0	0	0	0	0	0	0	0	0	0	0	0	0	0	0	1	0	0	0
8	258	2008	28.846323	100	0	12.072656	15.021374	36.36726	21.535421	92.241798	.60606062	58.8918	42.895767	62.698059	8.9438124	6.8424659	10	10	1	0	1	9.0262337	100	0	12.072656	15.009433	38.562763	21.267534	91.684998	0	49.690403	42.122612	80.473717	7.6269207	8.9534979	10	10	1	0	1	8.428689	0	0	0	0	0	0	0	1	0	0	0	0	0	0	0	0	0	0	0	0	0	0	0	0	0	0	0	0	0	0	0	0	0	0	0	0	0	0	0	0	0	0	0	0	0	0	0	0	0	0	0	0	0	0	0	0	0	0	0	0	0	0	0	0	0	0	0	0	0	0	0	0	0	0	0	0	0	0	0	0	1	0	0	0
6	262	1998	20.742666	100	0	13.690004	16.959139	56.825775	7.1867685	88.861397	1.7786561	48.790451	45.858925	41.399738	10.204988	45.696178	7.5999999	9	1	0	2.5999999	8.2620583	100	0	13.690004	16.868883	62.27269	6.6619506	86.105598	1.9523809	54.957973	42.191032	62.718834	8.5576839	39.198021	8.1999998	9.1999998	1	0	2.5999999	7.9465995	0	0	0	0	0	1	0	0	0	0	0	0	0	0	0	0	0	0	0	0	0	0	0	0	0	0	0	0	0	0	0	0	0	0	0	0	0	0	0	0	0	0	0	0	0	0	0	0	0	0	0	0	0	0	0	0	0	0	0	0	0	0	0	0	0	0	0	0	0	0	0	0	0	0	0	0	0	0	0	0	0	1	0	0
7	262	2003	26.397299	100	0	13.690004	17.065466	51.215034	7.5885062	91.102203	2.402564	51.357758	44.966774	41.378738	10.626535	27.902281	6	7	1	0	3.2	8.3543253	100	0	13.690004	16.959139	56.825775	7.1867685	88.861397	1.7786561	48.790451	45.858925	41.399738	10.204988	45.696178	7.5999999	9	1	0	2.5999999	8.2620583	0	0	0	0	0	0	1	0	0	0	0	0	0	0	0	0	0	0	0	0	0	0	0	0	0	0	0	0	0	0	0	0	0	0	0	0	0	0	0	0	0	0	0	0	0	0	0	0	0	0	0	0	0	0	0	0	0	0	0	0	0	0	0	0	0	0	0	0	0	0	0	0	0	0	0	0	0	0	0	0	0	1	0	0
4	274	1988	23.986673	100	0	13.518976	15.818807	90.23439	5.4805298	39.506199	2.7820756	89.906906	56.40131	193.061	7.7558522	73.151558	-9	1	1	1	5.5999999	5.9917536	100	0	13.518976	15.670831	93.363785	5.5136046	39.719002	3.2325437	77.517235	57.31638	127.39928	7.6122684	18.279024	-9	1	1	1	5	6.3385067	0	0	0	1	0	0	0	0	0	0	0	0	0	0	0	0	0	0	0	0	0	0	0	0	0	0	0	0	0	0	0	0	0	0	0	0	0	0	0	0	0	0	0	0	0	0	0	0	0	0	0	0	0	0	0	0	0	0	0	0	0	0	0	0	0	0	0	0	0	0	0	0	0	0	0	0	0	0	0	0	0	0	1	0
5	274	1993	33.653427	100	0	13.518976	15.955023	87.904068	5.5239682	38.0252	2.4419322	75.785942	53.783504	194.4446	7.9871845	101.06002	6	7	1	1	2.5999999	5.9802313	100	0	13.518976	15.818807	90.23439	5.4805298	39.506199	2.7820756	89.906906	56.40131	193.061	7.7558522	73.151558	-9	1	1	1	5.5999999	5.9917536	0	0	0	0	1	0	0	0	0	0	0	0	0	0	0	0	0	0	0	0	0	0	0	0	0	0	0	0	0	0	0	0	0	0	0	0	0	0	0	0	0	0	0	0	0	0	0	0	0	0	0	0	0	0	0	0	0	0	0	0	0	0	0	0	0	0	0	0	0	0	0	0	0	0	0	0	0	0	0	0	0	0	1	0
6	274	1998	25.105658	100	0	13.518976	16.080942	87.212685	5.6310186	35.722801	2.5913699	63.489498	51.822353	223.8186	8.2081118	24.0959	1	7	1	1	5	5.8463435	100	0	13.518976	15.955023	87.904068	5.5239682	38.0252	2.4419322	75.785942	53.783504	194.4446	7.9871845	101.06002	6	7	1	1	2.5999999	5.9802313	0	0	0	0	0	1	0	0	0	0	0	0	0	0	0	0	0	0	0	0	0	0	0	0	0	0	0	0	0	0	0	0	0	0	0	0	0	0	0	0	0	0	0	0	0	0	0	0	0	0	0	0	0	0	0	0	0	0	0	0	0	0	0	0	0	0	0	0	0	0	0	0	0	0	0	0	0	0	0	0	0	0	1	0
7	274	2003	22.311647	98.099251	0	13.518976	16.194344	88.966812	5.8370657	35.888	2	56.688816	48.866398	164.43106	8.4510946	20.159201	5	7	1	1	4.1999998	6.0624247	100	0	13.518976	16.080942	87.212685	5.6310186	35.722801	2.5913699	63.489498	51.822353	223.8186	8.2081118	24.0959	1	7	1	1	5	5.8463435	0	0	0	0	0	0	1	0	0	0	0	0	0	0	0	0	0	0	0	0	0	0	0	0	0	0	0	0	0	0	0	0	0	0	0	0	0	0	0	0	0	0	0	0	0	0	0	0	0	0	0	0	0	0	0	0	0	0	0	0	0	0	0	0	0	0	0	0	0	0	0	0	0	0	0	0	0	0	0	0	0	0	1	0
5	276	1993	30.164349	97.25721	0	12.865792	16.230808	87.049324	5.958437	30.634399	3.8181818	50.927422	54.982761	58.606758	5.8587999	-5.1110501	-6	2	1	1	5	6.7382441	81.517761	0	12.865792	16.089151	93.423965	5.9416862	27.558399	2.3704567	35.176029	54.42857	38.040878	5.5067787	4.5745726	-4.5999999	2.2	.60000002	1	5.4000001	6.9289484	0	0	0	0	1	0	0	0	0	0	0	0	0	0	0	0	0	0	0	0	0	0	0	0	0	0	0	0	0	0	0	0	0	0	0	0	0	0	0	0	0	0	0	0	0	0	0	0	0	0	0	0	0	0	0	0	0	0	0	0	0	0	0	0	0	0	0	0	0	0	0	0	0	0	0	0	0	0	0	0	0	0	0	1
