period	cc	year	CG_7_GDP	centralization	warfare	area	population	depend15	depend64	urban	pop_growth	trade	gini_gross	debt	fdi_liab	inflation	democracy	pol_comp	presidential	plurality	pol_rights	gdp_pc	lcentralization	lwarfare	larea	lpopulation	ldepend15	ldepend64	lurban	lpop_growth	ltrade	lgini_gross	ldebt	lfdi_liab	linflation	ldemocracy	lpol_comp	lpresidential	lplurality	lpol_rights	lgdp_pc	per01	per02	per03	per04	per05	per06	per07	per08	cc1	cc2	cc3	cc4	cc5	cc6	cc7	cc8	cc9	cc10	cc11	cc12	cc13	cc14	cc15	cc16	cc17	cc18	cc19	cc20	cc21	cc22	cc23	cc24	cc25	cc26	cc27	cc28	cc29	cc30	cc31	cc32	cc33	cc34	cc35	cc36	cc37	cc38	cc39	cc40	cc41	cc42	cc43	cc44	cc45	cc46	cc47	cc48	cc49	cc50	cc51	cc52	cc53	cc54	cc55	cc56	cc57	cc58	cc59	cc60	cc61	cc62
6	3	1998	29.880131	100	4	14.690979	17.209705	61.342094	6.6240325	58.870998	2.0014832	53.029591	35.887875	73.647102	8.0497398	12.669454	-3	6	1	.40000001	6	7.4153013	100	4	14.690979	17.118347	74.94075	6.5871291	54.432201	2.2242572	50.368752	36.735027	86.311401	7.6776681	29.398741	-5.1999998	3.2	1	1	6.1999998	7.4387007	0	0	0	0	0	1	0	0	1	0	0	0	0	0	0	0	0	0	0	0	0	0	0	0	0	0	0	0	0	0	0	0	0	0	0	0	0	0	0	0	0	0	0	0	0	0	0	0	0	0	0	0	0	0	0	0	0	0	0	0	0	0	0	0	0	0	0	0	0	0
7	3	2003	31.353262	100	3.2	14.690979	17.274702	48.927296	6.7844119	64.328201	1.2310606	63.789024	35.766525	47.548241	8.8046598	7.2033939	-1	6	1	0	6	7.7130532	100	4	14.690979	17.209705	61.342094	6.6240325	58.870998	2.0014832	53.029591	35.887875	73.647102	8.0497398	12.669454	-3	6	1	.40000001	6	7.4153013	0	0	0	0	0	0	1	0	1	0	0	0	0	0	0	0	0	0	0	0	0	0	0	0	0	0	0	0	0	0	0	0	0	0	0	0	0	0	0	0	0	0	0	0	0	0	0	0	0	0	0	0	0	0	0	0	0	0	0	0	0	0	0	0	0	0	0	0	0	0
3	10	1983	13.610382	72.296562	.2	14.808763	17.196367	50.636185	13.634814	84.177597	1.4039409	15.048242	41.172844	40.985859	8.3517094	385.7738	1.6	5	1	0	3.8	8.2158976	87.5	3	14.808763	17.118347	48.094734	12.591663	82.119797	1.5099715	13.97912	40.577187	14.48082	7.7063375	199.46796	-9	1	1	0	6	8.2727804	0	0	1	0	0	0	0	0	0	1	0	0	0	0	0	0	0	0	0	0	0	0	0	0	0	0	0	0	0	0	0	0	0	0	0	0	0	0	0	0	0	0	0	0	0	0	0	0	0	0	0	0	0	0	0	0	0	0	0	0	0	0	0	0	0	0	0	0	0	0
4	10	1988	11.949428	61.714081	0	14.808763	17.274702	51.133274	14.468559	86.205597	1.9368279	16.000284	43.631573	60.969524	8.8388939	1144.8917	7.5999999	7.4000001	1	0	1.6	8.14785	72.296562	.2	14.808763	17.196367	50.636185	13.634814	84.177597	1.4039409	15.048242	41.172844	40.985859	8.3517094	385.7738	1.6	5	1	0	3.8	8.2158976	0	0	0	1	0	0	0	0	0	1	0	0	0	0	0	0	0	0	0	0	0	0	0	0	0	0	0	0	0	0	0	0	0	0	0	0	0	0	0	0	0	0	0	0	0	0	0	0	0	0	0	0	0	0	0	0	0	0	0	0	0	0	0	0	0	0	0	0	0	0
5	10	1993	13.809123	56.823685	0	14.808763	17.341698	48.811382	15.171429	87.986	1.1942959	16.497944	44.474213	36.520119	9.827117	34.231953	7	9	1	0	1.8	8.8322802	61.714081	0	14.808763	17.274702	51.133274	14.468559	86.205597	1.9368279	16.000284	43.631573	60.969524	8.8388939	1144.8917	7.5999999	7.4000001	1	0	1.6	8.14785	0	0	0	0	1	0	0	0	0	1	0	0	0	0	0	0	0	0	0	0	0	0	0	0	0	0	0	0	0	0	0	0	0	0	0	0	0	0	0	0	0	0	0	0	0	0	0	0	0	0	0	0	0	0	0	0	0	0	0	0	0	0	0	0	0	0	0	0	0	0
2	13	1978	20.925282	63.920673	0	15.85673	16.482164	40.501751	14.350421	85.824402	1.4285715	30.137421	33.97942	22.0805	9.7699699	10.459136	10	10	0	1	1	9.1619825	64.768768	0	15.85673	16.410103	44.300079	13.489901	85.6586	1.5384616	26.496618	34.107616	26.68042	9.2098999	10.646086	10	10	0	1	1	8.6627636	0	1	0	0	0	0	0	0	0	0	1	0	0	0	0	0	0	0	0	0	0	0	0	0	0	0	0	0	0	0	0	0	0	0	0	0	0	0	0	0	0	0	0	0	0	0	0	0	0	0	0	0	0	0	0	0	0	0	0	0	0	0	0	0	0	0	0	0	0	0
3	13	1983	22.41938	63.06282	0	15.85673	16.549376	36.837376	15.300754	85.580002	1.3333334	30.772429	40.300171	19.515881	10.329762	8.7782564	10	10	0	1	1	9.4490099	63.920673	0	15.85673	16.482164	40.501751	14.350421	85.824402	1.4285715	30.137421	33.97942	22.0805	9.7699699	10.459136	10	10	0	1	1	9.1619825	0	0	1	0	0	0	0	0	0	0	1	0	0	0	0	0	0	0	0	0	0	0	0	0	0	0	0	0	0	0	0	0	0	0	0	0	0	0	0	0	0	0	0	0	0	0	0	0	0	0	0	0	0	0	0	0	0	0	0	0	0	0	0	0	0	0	0	0	0	0
4	13	1988	21.879416	60.741421	0	15.85673	16.624474	33.918526	16.290024	85.424004	1.25	32.343185	42.624836	22.92864	10.98873	7.157136	10	10	0	1	1	9.6772041	63.06282	0	15.85673	16.549376	36.837376	15.300754	85.580002	1.3333334	30.772429	40.300171	19.515881	10.329762	8.7782564	10	10	0	1	1	9.4490099	0	0	0	1	0	0	0	0	0	0	1	0	0	0	0	0	0	0	0	0	0	0	0	0	0	0	0	0	0	0	0	0	0	0	0	0	0	0	0	0	0	0	0	0	0	0	0	0	0	0	0	0	0	0	0	0	0	0	0	0	0	0	0	0	0	0	0	0	0	0
5	13	1993	24.017452	57.83905	0	15.85673	16.69445	32.513485	17.619452	85.823601	1.1764706	36.097652	41.86216	28.545919	11.42436	1.710936	10	10	0	1	1	9.8759394	60.741421	0	15.85673	16.624474	33.918526	16.290024	85.424004	1.25	32.343185	42.624836	22.92864	10.98873	7.157136	10	10	0	1	1	9.6772041	0	0	0	0	1	0	0	0	0	0	1	0	0	0	0	0	0	0	0	0	0	0	0	0	0	0	0	0	0	0	0	0	0	0	0	0	0	0	0	0	0	0	0	0	0	0	0	0	0	0	0	0	0	0	0	0	0	0	0	0	0	0	0	0	0	0	0	0	0	0
6	13	1998	23.154505	62.635983	0	15.85673	16.749136	31.554794	18.48382	86.741402	1.1111112	40.28928	42.611542	24.117781	11.673552	1.615607	10	10	0	1	1	10.016976	57.83905	0	15.85673	16.69445	32.513485	17.619452	85.823601	1.1764706	36.097652	41.86216	28.545919	11.42436	1.710936	10	10	0	1	1	9.8759394	0	0	0	0	0	1	0	0	0	0	1	0	0	0	0	0	0	0	0	0	0	0	0	0	0	0	0	0	0	0	0	0	0	0	0	0	0	0	0	0	0	0	0	0	0	0	0	0	0	0	0	0	0	0	0	0	0	0	0	0	0	0	0	0	0	0	0	0	0	0
7	13	2003	24.186604	74.177383	0	15.85673	16.800983	29.985277	18.965754	87.7752	1.0526316	39.487141	43.311539	13.57278	12.17251	3.535048	10	10	0	1	1	10.222333	62.635983	0	15.85673	16.749136	31.554794	18.48382	86.741402	1.1111112	40.28928	42.611542	24.117781	11.673552	1.615607	10	10	0	1	1	10.016976	0	0	0	0	0	0	1	0	0	0	1	0	0	0	0	0	0	0	0	0	0	0	0	0	0	0	0	0	0	0	0	0	0	0	0	0	0	0	0	0	0	0	0	0	0	0	0	0	0	0	0	0	0	0	0	0	0	0	0	0	0	0	0	0	0	0	0	0	0	0
8	13	2008	24.3001	73.089119	0	15.85673	16.887945	28.462711	19.497152	88.700401	1.9523809	41.698956	44.982212	13.827392	12.843622	4.1043301	10	10	0	1	1	10.764782	74.177383	0	15.85673	16.800983	29.985277	18.965754	87.7752	1.0526316	39.487141	43.311539	13.57278	12.17251	3.535048	10	10	0	1	1	10.222333	0	0	0	0	0	0	0	1	0	0	1	0	0	0	0	0	0	0	0	0	0	0	0	0	0	0	0	0	0	0	0	0	0	0	0	0	0	0	0	0	0	0	0	0	0	0	0	0	0	0	0	0	0	0	0	0	0	0	0	0	0	0	0	0	0	0	0	0	0	0
4	14	1988	36.823723	72.317055	0	11.319947	15.846273	26.101954	21.492294	65.685402	.2631579	69.419174	42.257298	55.373219	8.906106	2.5758481	10	10	0	0	1	9.7307739	72.436829	0	11.319947	15.835711	28.786287	22.0756	65.496002	.26666668	68.62606	44.050762	41.327358	7.9897509	4.6915021	10	10	0	0	1	9.1294394	0	0	0	1	0	0	0	0	0	0	0	1	0	0	0	0	0	0	0	0	0	0	0	0	0	0	0	0	0	0	0	0	0	0	0	0	0	0	0	0	0	0	0	0	0	0	0	0	0	0	0	0	0	0	0	0	0	0	0	0	0	0	0	0	0	0	0	0	0	0
6	14	1998	41.033047	76.532242	0	11.319947	15.894952	25.695854	22.711035	65.800003	.25316456	81.268883	43.527016	66.244141	10.04312	.4228076	10	10	0	0	1	10.185601	70.228325	0	11.319947	15.872149	26.166885	22.448759	65.786003	.51615053	69.359703	49.79306	61.250599	9.4482117	2.84338	10	10	0	0	1	10.135292	0	0	0	0	0	1	0	0	0	0	0	1	0	0	0	0	0	0	0	0	0	0	0	0	0	0	0	0	0	0	0	0	0	0	0	0	0	0	0	0	0	0	0	0	0	0	0	0	0	0	0	0	0	0	0	0	0	0	0	0	0	0	0	0	0	0	0	0	0	0
7	21	2003	42.83931	85.217979	0	10.318243	16.118095	25.735348	26.086	97.222397	0	148.50986	39.566898	99.019142	12.720386	2.110522	10	10	0	0	1	10.284338	87.684944	0	10.318243	16.118095	26.162348	25.061308	96.981598	0	137.72638	46.879303	117.8408	11.975632	1.0812594	10	10	0	0	1	10.126507	0	0	0	0	0	0	1	0	0	0	0	0	1	0	0	0	0	0	0	0	0	0	0	0	0	0	0	0	0	0	0	0	0	0	0	0	0	0	0	0	0	0	0	0	0	0	0	0	0	0	0	0	0	0	0	0	0	0	0	0	0	0	0	0	0	0	0	0	0	0
8	21	2008	42.600281	84.174591	0	10.318243	16.194344	25.618084	26.30629	97.390404	2	157.66937	37.969681	90.986038	13.623202	2.019598	8.3999996	7.5999999	0	0	1	10.680591	85.217979	0	10.318243	16.118095	25.735348	26.086	97.222397	0	148.50986	39.566898	99.019142	12.720386	2.110522	10	10	0	0	1	10.284338	0	0	0	0	0	0	0	1	0	0	0	0	1	0	0	0	0	0	0	0	0	0	0	0	0	0	0	0	0	0	0	0	0	0	0	0	0	0	0	0	0	0	0	0	0	0	0	0	0	0	0	0	0	0	0	0	0	0	0	0	0	0	0	0	0	0	0	0	0	0
8	24	2008	21.260931	100	0	11.633017	15.938205	83.204903	5.6911502	42.956001	2.9883642	44.400684	36.366428	25.651924	7.3964434	3.3367319	7	9	1	0	2	6.5679984	100	0	11.633017	15.782978	86.620316	5.7293682	39.935001	3.5149057	51.446087	37.093201	53.848042	6.7247791	2.290904	6	9	1	0	2.4000001	6.156353	0	0	0	0	0	0	0	1	0	0	0	0	0	1	0	0	0	0	0	0	0	0	0	0	0	0	0	0	0	0	0	0	0	0	0	0	0	0	0	0	0	0	0	0	0	0	0	0	0	0	0	0	0	0	0	0	0	0	0	0	0	0	0	0	0	0	0	0	0	0
6	42	1998	17.980362	100	4	10.153468	15.646358	91.649895	5.8302016	7.8319998	1.5679256	16.558777	39.223038	143.78259	3.9751821	22.4401	-2.5999999	4.4000001	.80000001	0	6.5999999	5.248076	100	2.4000001	10.153468	15.590176	88.205566	5.9273367	6.835	2.0590825	23.796877	35.457264	105.13392	3.8941386	7.9957399	-2	1	.60000002	.60000002	6.4000001	5.5235023	0	0	0	0	0	1	0	0	0	0	0	0	0	0	1	0	0	0	0	0	0	0	0	0	0	0	0	0	0	0	0	0	0	0	0	0	0	0	0	0	0	0	0	0	0	0	0	0	0	0	0	0	0	0	0	0	0	0	0	0	0	0	0	0	0	0	0	0	0	0
6	44	1998	13.672748	100	0	13.066237	16.522671	82.027176	6.6331134	44.354401	2.7619047	40.455803	45.073887	95.721321	7.1473613	2.976198	-4	6	1	1	7	6.4587426	100	0	13.066237	16.410103	86.729904	6.8399706	41.406601	3.2051282	38.70483	46.536465	77.357162	7.1153316	8.4514303	-4.8000002	5	1	1	6.1999998	6.6334224	0	0	0	0	0	1	0	0	0	0	0	0	0	0	0	1	0	0	0	0	0	0	0	0	0	0	0	0	0	0	0	0	0	0	0	0	0	0	0	0	0	0	0	0	0	0	0	0	0	0	0	0	0	0	0	0	0	0	0	0	0	0	0	0	0	0	0	0	0	0
2	45	1978	19.870735	77.149994	0	16.023785	16.993217	35.830948	13.459776	75.642197	1.7028985	49.75708	36.826576	45.548481	10.719354	8.5907078	10	10	0	1	1	9.1485271	100	0	16.023785	16.933224	43.366093	12.803397	75.628197	1.8614719	44.828785	37.034523	54.281139	10.426517	9.2623997	10	10	0	1	1	8.6593313	0	1	0	0	0	0	0	0	0	0	0	0	0	0	0	0	1	0	0	0	0	0	0	0	0	0	0	0	0	0	0	0	0	0	0	0	0	0	0	0	0	0	0	0	0	0	0	0	0	0	0	0	0	0	0	0	0	0	0	0	0	0	0	0	0	0	0	0	0	0
3	45	1983	23.160271	47.403988	0	16.023785	17.050076	31.822815	14.497365	76.077599	.80000001	51.25034	38.639256	57.30946	11.04132	6.4231858	10	10	0	1	1	9.4716177	77.149994	0	16.023785	16.993217	35.830948	13.459776	75.642197	1.7028985	49.75708	36.826576	45.548481	10.719354	8.5907078	10	10	0	1	1	9.1485271	0	0	1	0	0	0	0	0	0	0	0	0	0	0	0	0	1	0	0	0	0	0	0	0	0	0	0	0	0	0	0	0	0	0	0	0	0	0	0	0	0	0	0	0	0	0	0	0	0	0	0	0	0	0	0	0	0	0	0	0	0	0	0	0	0	0	0	0	0	0
4	45	1988	23.702297	44.607338	0	16.023785	17.111073	30.604544	15.927623	76.490799	1.5099715	52.541344	38.82811	72.193619	11.4784	4.0743361	10	10	0	1	1	9.784832	47.403988	0	16.023785	17.050076	31.822815	14.497365	76.077599	.80000001	51.25034	38.639256	57.30946	11.04132	6.4231858	10	10	0	1	1	9.4716177	0	0	0	1	0	0	0	0	0	0	0	0	0	0	0	0	1	0	0	0	0	0	0	0	0	0	0	0	0	0	0	0	0	0	0	0	0	0	0	0	0	0	0	0	0	0	0	0	0	0	0	0	0	0	0	0	0	0	0	0	0	0	0	0	0	0	0	0	0	0
5	45	1993	25.367357	49.365067	0	16.023785	17.16877	30.335236	17.290426	77.237801	.71428573	60.813988	40.320194	93.691544	12.071505	1.91399	10	10	0	1	1	9.912796	44.607338	0	16.023785	17.111073	30.604544	15.927623	76.490799	1.5099715	52.541344	38.82811	72.193619	11.4784	4.0743361	10	10	0	1	1	9.784832	0	0	0	0	1	0	0	0	0	0	0	0	0	0	0	0	1	0	0	0	0	0	0	0	0	0	0	0	0	0	0	0	0	0	0	0	0	0	0	0	0	0	0	0	0	0	0	0	0	0	0	0	0	0	0	0	0	0	0	0	0	0	0	0	0	0	0	0	0	0
6	45	1998	20.280117	46.49593	0	16.023785	17.223267	28.929882	18.151485	78.756798	1.3563218	79.752922	42.211491	93.3395	12.52867	1.764714	10	10	0	1	1	9.9790487	49.365067	0	16.023785	17.16877	30.335236	17.290426	77.237801	.71428573	60.813988	40.320194	93.691544	12.071505	1.91399	10	10	0	1	1	9.912796	0	0	0	0	0	1	0	0	0	0	0	0	0	0	0	0	1	0	0	0	0	0	0	0	0	0	0	0	0	0	0	0	0	0	0	0	0	0	0	0	0	0	0	0	0	0	0	0	0	0	0	0	0	0	0	0	0	0	0	0	0	0	0	0	0	0	0	0	0	0
7	45	2003	18.417442	45.068367	0	16.023785	17.268547	26.430641	18.661287	79.864403	.64516127	75.391846	43.236797	76.796761	12.963113	2.53476	10	10	0	1	1	10.228035	46.49593	0	16.023785	17.223267	28.929882	18.151485	78.756798	1.3563218	79.752922	42.211491	93.3395	12.52867	1.764714	10	10	0	1	1	9.9790487	0	0	0	0	0	0	1	0	0	0	0	0	0	0	0	0	1	0	0	0	0	0	0	0	0	0	0	0	0	0	0	0	0	0	0	0	0	0	0	0	0	0	0	0	0	0	0	0	0	0	0	0	0	0	0	0	0	0	0	0	0	0	0	0	0	0	0	0	0	0
8	45	2008	17.72159	44.560879	0	16.023785	17.323959	24.231792	19.619421	80.381203	1.2310606	65.272972	42.766453	75.028458	13.616703	2.0685439	10	10	0	1	1	10.659899	45.068367	0	16.023785	17.268547	26.430641	18.661287	79.864403	.64516127	75.391846	43.236797	76.796761	12.963113	2.53476	10	10	0	1	1	10.228035	0	0	0	0	0	0	0	1	0	0	0	0	0	0	0	0	1	0	0	0	0	0	0	0	0	0	0	0	0	0	0	0	0	0	0	0	0	0	0	0	0	0	0	0	0	0	0	0	0	0	0	0	0	0	0	0	0	0	0	0	0	0	0	0	0	0	0	0	0	0
4	59	1988	19.335684	99.39183	0	10.840756	14.886303	60.521271	8.4970627	48.634998	2.8113482	63.508427	44.907711	81.716759	5.5706577	16.94206	10	10	1	0	1	7.6609831	100	0	10.840756	14.746873	61.753735	8.5244112	44.5774	3.2721293	69.800781	50.799915	101.78234	4.9817696	44.653419	10	10	1	0	1	7.3589668	0	0	0	1	0	0	0	0	0	0	0	0	0	0	0	0	0	1	0	0	0	0	0	0	0	0	0	0	0	0	0	0	0	0	0	0	0	0	0	0	0	0	0	0	0	0	0	0	0	0	0	0	0	0	0	0	0	0	0	0	0	0	0	0	0	0	0	0	0	0
5	59	1993	21.047153	100	0	10.840756	15.008513	58.685448	8.5810184	53.746601	2.4644573	75.673973	43.50668	40.486279	6.2630343	18.998779	10	10	1	0	1	7.9528718	99.39183	0	10.840756	14.886303	60.521271	8.4970627	48.634998	2.8113482	63.508427	44.907711	81.716759	5.5706577	16.94206	10	10	1	0	1	7.6609831	0	0	0	0	1	0	0	0	0	0	0	0	0	0	0	0	0	1	0	0	0	0	0	0	0	0	0	0	0	0	0	0	0	0	0	0	0	0	0	0	0	0	0	0	0	0	0	0	0	0	0	0	0	0	0	0	0	0	0	0	0	0	0	0	0	0	0	0	0	0
6	59	1998	22.199675	100	0	10.840756	15.128746	52.817757	8.6755419	57.7384	2.1938405	91.406059	44.29974	39.831749	7.396358	12.953686	10	10	1	0	1	8.2291889	100	0	10.840756	15.008513	58.685448	8.5810184	53.746601	2.4644573	75.673973	43.50668	40.486279	6.2630343	18.998779	10	10	1	0	1	7.9528718	0	0	0	0	0	1	0	0	0	0	0	0	0	0	0	0	0	1	0	0	0	0	0	0	0	0	0	0	0	0	0	0	0	0	0	0	0	0	0	0	0	0	0	0	0	0	0	0	0	0	0	0	0	0	0	0	0	0	0	0	0	0	0	0	0	0	0	0	0	0
5	63	1993	32.049099	100.55762	0	9.1312971	13.343719	38.360226	15.430935	67.533203	2.2157359	104.82491	38.238415	36.525051	7.2705584	5.6092501	10	10	1	0	1	9.3646669	100	0	9.1312971	13.238064	39.114719	15.286086	65.936798	1.7279595	107.18658	36.80904	31.187241	6.8328934	4.2782159	10	10	1	0	1	8.9449444	0	0	0	0	1	0	0	0	0	0	0	0	0	0	0	0	0	0	1	0	0	0	0	0	0	0	0	0	0	0	0	0	0	0	0	0	0	0	0	0	0	0	0	0	0	0	0	0	0	0	0	0	0	0	0	0	0	0	0	0	0	0	0	0	0	0	0	0	0	0
6	63	1998	37.75798	102.9438	0	9.1312971	13.426817	34.928604	15.277052	68.403999	1.9755652	105.39626	42.998245	57.16634	7.9371777	2.7672541	10	10	1	0	1	9.524169	100.55762	0	9.1312971	13.343719	38.360226	15.430935	67.533203	2.2157359	104.82491	38.238415	36.525051	7.2705584	5.6092501	10	10	1	0	1	9.3646669	0	0	0	0	0	1	0	0	0	0	0	0	0	0	0	0	0	0	1	0	0	0	0	0	0	0	0	0	0	0	0	0	0	0	0	0	0	0	0	0	0	0	0	0	0	0	0	0	0	0	0	0	0	0	0	0	0	0	0	0	0	0	0	0	0	0	0	0	0	0
7	63	2003	43.03841	101.75887	0	9.1312971	13.493981	30.553185	15.286609	69.125603	1.1784482	101.99002	45.660801	66.713478	8.9804401	3.0534959	10	10	1	0	1	9.7815609	102.9438	0	9.1312971	13.426817	34.928604	15.277052	68.403999	1.9755652	105.39626	42.998245	57.16634	7.9371777	2.7672541	10	10	1	0	1	9.524169	0	0	0	0	0	0	1	0	0	0	0	0	0	0	0	0	0	0	1	0	0	0	0	0	0	0	0	0	0	0	0	0	0	0	0	0	0	0	0	0	0	0	0	0	0	0	0	0	0	0	0	0	0	0	0	0	0	0	0	0	0	0	0	0	0	0	0	0	0	0
7	68	2003	33.987255	62.662079	0	10.655611	15.501909	28.267084	22.460171	85.553596	.3773585	87.895477	45.98859	54.448021	11.341936	2.3298039	10	10	0	0	1	10.553508	66.295753	0	10.655611	15.483217	26.976784	22.323362	85.051598	.38461539	76.404877	47.171276	67.272774	10.41873	1.9725519	10	10	0	0	1	10.389779	0	0	0	0	0	0	1	0	0	0	0	0	0	0	0	0	0	0	0	1	0	0	0	0	0	0	0	0	0	0	0	0	0	0	0	0	0	0	0	0	0	0	0	0	0	0	0	0	0	0	0	0	0	0	0	0	0	0	0	0	0	0	0	0	0	0	0	0	0	0
2	74	1978	45.354172	100	0	13.81095	17.57617	78.840248	6.3357196	43.695599	2.383657	55.131283	38.098724	101.2583	6.3638897	14.744474	-6	2	0	1	5	6.0604506	100	.60000002	13.81095	17.463217	80.336082	6.258502	42.9548	2.1352324	35.450111	38.796272	58.696419	4.0126696	7.6155481	-7	1	0	1	6	5.5806317	0	1	0	0	0	0	0	0	0	0	0	0	0	0	0	0	0	0	0	0	1	0	0	0	0	0	0	0	0	0	0	0	0	0	0	0	0	0	0	0	0	0	0	0	0	0	0	0	0	0	0	0	0	0	0	0	0	0	0	0	0	0	0	0	0	0	0	0	0	0
3	74	1983	37.50668	100	0	13.81095	17.690237	77.403397	6.4572334	43.905998	2.1295888	62.810207	36.095558	125.785	8.2983389	7.7692399	-6	2	0	1	4.5999999	6.7259469	100	0	13.81095	17.57617	78.840248	6.3357196	43.695599	2.383657	55.131283	38.098724	101.2583	6.3638897	14.744474	-6	2	0	1	5	6.0604506	0	0	1	0	0	0	0	0	0	0	0	0	0	0	0	0	0	0	0	0	1	0	0	0	0	0	0	0	0	0	0	0	0	0	0	0	0	0	0	0	0	0	0	0	0	0	0	0	0	0	0	0	0	0	0	0	0	0	0	0	0	0	0	0	0	0	0	0	0	0
4	74	1988	28.653294	100	0	13.81095	17.811295	75.359261	6.6551013	43.661999	2.2959807	48.190136	34.092392	99.278976	9.1010294	18.91028	-6	2	0	1	5	7.2813516	100	0	13.81095	17.690237	77.403397	6.4572334	43.905998	2.1295888	62.810207	36.095558	125.785	8.2983389	7.7692399	-6	2	0	1	4.5999999	6.7259469	0	0	0	1	0	0	0	0	0	0	0	0	0	0	0	0	0	0	0	0	1	0	0	0	0	0	0	0	0	0	0	0	0	0	0	0	0	0	0	0	0	0	0	0	0	0	0	0	0	0	0	0	0	0	0	0	0	0	0	0	0	0	0	0	0	0	0	0	0	0
5	74	1993	32.564877	100	0	13.81095	17.909576	70.662941	7.0015421	43.079601	1.7251641	56.072025	35.451836	118.54712	9.4406986	12.497936	-6	2	0	1	5.5999999	6.7410159	100	0	13.81095	17.811295	75.359261	6.6551013	43.661999	2.2959807	48.190136	34.092392	99.278976	9.1010294	18.91028	-6	2	0	1	5	7.2813516	0	0	0	0	1	0	0	0	0	0	0	0	0	0	0	0	0	0	0	0	1	0	0	0	0	0	0	0	0	0	0	0	0	0	0	0	0	0	0	0	0	0	0	0	0	0	0	0	0	0	0	0	0	0	0	0	0	0	0	0	0	0	0	0	0	0	0	0	0	0
6	74	1998	26.738932	100	0	13.81095	17.992624	63.561665	7.3127322	42.803799	1.5881021	41.703716	39.957375	72.459282	9.7264442	5.3360634	-6	2	0	1	6	7.1792297	100	0	13.81095	17.909576	70.662941	7.0015421	43.079601	1.7251641	56.072025	35.451836	118.54712	9.4406986	12.497936	-6	2	0	1	5.5999999	6.7410159	0	0	0	0	0	1	0	0	0	0	0	0	0	0	0	0	0	0	0	0	1	0	0	0	0	0	0	0	0	0	0	0	0	0	0	0	0	0	0	0	0	0	0	0	0	0	0	0	0	0	0	0	0	0	0	0	0	0	0	0	0	0	0	0	0	0	0	0	0	0
7	74	2003	30.027391	100	0	13.81095	18.083471	55.863888	7.5147772	42.935001	1.7570556	50.526585	34.817364	103.69205	9.982729	5.9426479	-5.4000001	2.8	0	1	6	7.0767527	100	0	13.81095	17.992624	63.561665	7.3127322	42.803799	1.5881021	41.703716	39.957375	72.459282	9.7264442	5.3360634	-6	2	0	1	6	7.1792297	0	0	0	0	0	0	1	0	0	0	0	0	0	0	0	0	0	0	0	0	1	0	0	0	0	0	0	0	0	0	0	0	0	0	0	0	0	0	0	0	0	0	0	0	0	0	0	0	0	0	0	0	0	0	0	0	0	0	0	0	0	0	0	0	0	0	0	0	0	0
8	74	2008	33.931358	100	0	13.81095	18.177055	50.862984	7.739068	43.235802	1.6150942	61.711807	32.645111	82.00692	10.908479	10.687876	-3	6	1	1	6	7.6018853	100	0	13.81095	18.083471	55.863888	7.5147772	42.935001	1.7570556	50.526585	34.817364	103.69205	9.982729	5.9426479	-5.4000001	2.8	0	1	6	7.0767527	0	0	0	0	0	0	0	1	0	0	0	0	0	0	0	0	0	0	0	0	1	0	0	0	0	0	0	0	0	0	0	0	0	0	0	0	0	0	0	0	0	0	0	0	0	0	0	0	0	0	0	0	0	0	0	0	0	0	0	0	0	0	0	0	0	0	0	0	0	0
8	75	2008	21.157614	96.536751	0	9.9388552	15.630303	55.967453	11.248648	63.2272	.32786885	70.719826	45.234196	44.495159	8.7690964	3.1715071	7.4000001	9	1	0	2	8.1101599	97.372742	0	9.9388552	15.610576	64.309494	10.573374	60.5536	.33333334	69.201538	48.020187	38.491241	8.0679684	2.996026	7	9	1	0	2	7.8338242	0	0	0	0	0	0	0	1	0	0	0	0	0	0	0	0	0	0	0	0	0	1	0	0	0	0	0	0	0	0	0	0	0	0	0	0	0	0	0	0	0	0	0	0	0	0	0	0	0	0	0	0	0	0	0	0	0	0	0	0	0	0	0	0	0	0	0	0	0	0
4	79	1988	19.582628	100	6	13.910821	17.625484	85.668159	5.4682856	12.1538	3.2082376	17.917456	36.986095	86.878319	4.8516927	.113802	-8	1	1	1	6.5999999	5.4367819	100	6	13.910821	17.4676	84.611038	5.4342518	11.0358	3.2194815	22.695789	33.874454	55.440479	4.8274083	9.0069675	-7.4000001	1	1	1	7	5.2214484	0	0	0	1	0	0	0	0	0	0	0	0	0	0	0	0	0	0	0	0	0	0	1	0	0	0	0	0	0	0	0	0	0	0	0	0	0	0	0	0	0	0	0	0	0	0	0	0	0	0	0	0	0	0	0	0	0	0	0	0	0	0	0	0	0	0	0	0	0	0
5	79	1993	15.621809	100	1.2	13.853635	17.796038	88.446747	5.5722437	13.3446	3.4999385	19.837376	40.097729	126.52422	5.0425296	12.726044	.75	6	1	1	5.5999999	5.1121421	100	6	13.910821	17.625484	85.668159	5.4682856	12.1538	3.2082376	17.917456	36.986095	86.878319	4.8516927	.113802	-8	1	1	1	6.5999999	5.4367819	0	0	0	0	1	0	0	0	0	0	0	0	0	0	0	0	0	0	0	0	0	0	1	0	0	0	0	0	0	0	0	0	0	0	0	0	0	0	0	0	0	0	0	0	0	0	0	0	0	0	0	0	0	0	0	0	0	0	0	0	0	0	0	0	0	0	0	0	0	0
6	79	1998	19.097038	100	3.4000001	13.815511	17.945021	90.123344	5.7144761	14.3742	2.9777505	32.917534	39.869873	99.970459	6.3561478	2.3965297	1	6	0	1	4.4000001	4.8626719	100	1.2	13.853635	17.796038	88.446747	5.5722437	13.3446	3.4999385	19.837376	40.097729	126.52422	5.0425296	12.726044	.75	6	1	1	5.5999999	5.1121421	0	0	0	0	0	1	0	0	0	0	0	0	0	0	0	0	0	0	0	0	0	0	1	0	0	0	0	0	0	0	0	0	0	0	0	0	0	0	0	0	0	0	0	0	0	0	0	0	0	0	0	0	0	0	0	0	0	0	0	0	0	0	0	0	0	0	0	0	0	0
7	79	2003	21.905397	82.890648	0	13.815511	18.074711	87.322968	5.8483191	15.3156	2.8618205	42.530937	31.16567	103.05966	7.6105843	3.435586	1	6	0	1	5	4.8675466	100	3.4000001	13.815511	17.945021	90.123344	5.7144761	14.3742	2.9777505	32.917534	39.869873	99.970459	6.3561478	2.3965297	1	6	0	1	4.4000001	4.8626719	0	0	0	0	0	0	1	0	0	0	0	0	0	0	0	0	0	0	0	0	0	0	1	0	0	0	0	0	0	0	0	0	0	0	0	0	0	0	0	0	0	0	0	0	0	0	0	0	0	0	0	0	0	0	0	0	0	0	0	0	0	0	0	0	0	0	0	0	0	0
2	83	1978	26.14304	62.911308	0	12.626722	15.375705	30.943014	16.981976	70.168602	.42553192	55.731205	38.296722	3.4137001	6.1575675	9.5876217	10	10	0	0	2	9.0053625	62.978073	0	12.626722	15.35447	34.383369	14.978628	66.180199	.43478259	51.211185	43.698967	2.911406	5.318615	13.003914	10	10	0	0	2	8.3040619	0	1	0	0	0	0	0	0	0	0	0	0	0	0	0	0	0	0	0	0	0	0	0	1	0	0	0	0	0	0	0	0	0	0	0	0	0	0	0	0	0	0	0	0	0	0	0	0	0	0	0	0	0	0	0	0	0	0	0	0	0	0	0	0	0	0	0	0	0	0
3	83	1983	27.519817	62.430107	0	12.626722	15.396498	28.964954	18.089371	74.175598	.41666666	58.497902	37.639992	14.30602	7.0219984	8.5323725	10	10	0	0	2	9.2843199	62.911308	0	12.626722	15.375705	30.943014	16.981976	70.168602	.42553192	55.731205	38.296722	3.4137001	6.1575675	9.5876217	10	10	0	0	2	9.0053625	0	0	1	0	0	0	0	0	0	0	0	0	0	0	0	0	0	0	0	0	0	0	0	1	0	0	0	0	0	0	0	0	0	0	0	0	0	0	0	0	0	0	0	0	0	0	0	0	0	0	0	0	0	0	0	0	0	0	0	0	0	0	0	0	0	0	0	0	0	0
4	83	1988	28.792992	61.245419	0	12.626722	15.416867	28.559944	19.213493	77.943398	.40816328	48.897728	36.718899	15.7458	8.0291719	5.7207541	10	10	0	0	1.2	9.9378128	62.430107	0	12.626722	15.396498	28.964954	18.089371	74.175598	.41666666	58.497902	37.639992	14.30602	7.0219984	8.5323725	10	10	0	0	2	9.2843199	0	0	0	1	0	0	0	0	0	0	0	0	0	0	0	0	0	0	0	0	0	0	0	1	0	0	0	0	0	0	0	0	0	0	0	0	0	0	0	0	0	0	0	0	0	0	0	0	0	0	0	0	0	0	0	0	0	0	0	0	0	0	0	0	0	0	0	0	0	0
5	83	1993	40.776924	64.883186	0	12.626722	15.436831	28.674416	20.775515	80.3246	.40000001	56.767712	37.639591	45.54398	8.5526304	2.1007338	10	10	0	0	1	9.983963	61.245419	0	12.626722	15.416867	28.559944	19.213493	77.943398	.40816328	48.897728	36.718899	15.7458	8.0291719	5.7207541	10	10	0	0	1.2	9.9378128	0	0	0	0	1	0	0	0	0	0	0	0	0	0	0	0	0	0	0	0	0	0	0	1	0	0	0	0	0	0	0	0	0	0	0	0	0	0	0	0	0	0	0	0	0	0	0	0	0	0	0	0	0	0	0	0	0	0	0	0	0	0	0	0	0	0	0	0	0	0
6	83	1998	35.810883	67.022629	0	12.626722	15.456402	27.715694	21.834017	81.695	.39215687	70.636429	43.187084	49.168861	9.5731201	1.7167758	10	10	0	0	1	10.109635	64.883186	0	12.626722	15.436831	28.674416	20.775515	80.3246	.40000001	56.767712	37.639591	45.54398	8.5526304	2.1007338	10	10	0	0	1	9.983963	0	0	0	0	0	1	0	0	0	0	0	0	0	0	0	0	0	0	0	0	0	0	0	1	0	0	0	0	0	0	0	0	0	0	0	0	0	0	0	0	0	0	0	0	0	0	0	0	0	0	0	0	0	0	0	0	0	0	0	0	0	0	0	0	0	0	0	0	0	0
2	84	1978	35.457058	92.583549	0	13.213428	17.815504	36.437027	21.903543	73.139603	.37037036	41.33403	40.63385	16.945299	9.5854979	10.131396	8	10	0	1	1	9.1205683	100	0	13.213428	17.789469	38.967659	21.177118	72.177597	.76197386	35.58453	42.465721	17.02038	8.3210192	9.098052	8	10	0	1	1	8.4316339	0	1	0	0	0	0	0	0	0	0	0	0	0	0	0	0	0	0	0	0	0	0	0	0	1	0	0	0	0	0	0	0	0	0	0	0	0	0	0	0	0	0	0	0	0	0	0	0	0	0	0	0	0	0	0	0	0	0	0	0	0	0	0	0	0	0	0	0	0	0
3	84	1983	41.083328	87.453354	0	13.213428	17.840799	33.324215	20.422165	73.5028	.72077924	47.075829	35.319813	26.754499	10.198635	9.1984081	8	10	0	1	1	9.2075062	92.583549	0	13.213428	17.815504	36.437027	21.903543	73.139603	.37037036	41.33403	40.63385	16.945299	9.5854979	10.131396	8	10	0	1	1	9.1205683	0	0	1	0	0	0	0	0	0	0	0	0	0	0	0	0	0	0	0	0	0	0	0	0	1	0	0	0	0	0	0	0	0	0	0	0	0	0	0	0	0	0	0	0	0	0	0	0	0	0	0	0	0	0	0	0	0	0	0	0	0	0	0	0	0	0	0	0	0	0
4	84	1988	40.721077	85.602661	0	13.213428	17.868998	31.092379	20.406725	73.8936	.3508772	42.870323	39.051323	33.360958	11.779023	3.440352	9	10	0	1	1	9.7353401	87.453354	0	13.213428	17.840799	33.324215	20.422165	73.5028	.72077924	47.075829	35.319813	26.754499	10.198635	9.1984081	8	10	0	1	1	9.2075062	0	0	0	1	0	0	0	0	0	0	0	0	0	0	0	0	0	0	0	0	0	0	0	0	1	0	0	0	0	0	0	0	0	0	0	0	0	0	0	0	0	0	0	0	0	0	0	0	0	0	0	0	0	0	0	0	0	0	0	0	0	0	0	0	0	0	0	0	0	0
6	84	1998	46.592155	87.642097	0	13.213428	17.91316	29.320581	24.151005	76.101799	.33333334	50.3484	45.161114	58.630718	13.016353	1.031626	9	10	0	1	1	10.087535	85.227058	0	13.213428	17.889629	30.096418	22.478512	74.569603	.68381065	42.98732	47.710949	45.382622	12.531362	1.737826	9	10	0	1	1	10.051267	0	0	0	0	0	1	0	0	0	0	0	0	0	0	0	0	0	0	0	0	0	0	0	0	1	0	0	0	0	0	0	0	0	0	0	0	0	0	0	0	0	0	0	0	0	0	0	0	0	0	0	0	0	0	0	0	0	0	0	0	0	0	0	0	0	0	0	0	0	0
5	94	1993	10.472551	100	0	12.335081	16.599442	80.566505	5.8409142	38.659801	2.5833333	30.696239	36.102367	59.719082	6.6460862	27.224581	-1.6	6	1	1	5	6.445785	100	0	12.335081	16.453545	84.397476	5.7228251	35.022999	2.9670329	26.206242	38.035137	40.28175	6.2943206	34.7542	-7	1	1	1	6.4000001	6.4322171	0	0	0	0	1	0	0	0	0	0	0	0	0	0	0	0	0	0	0	0	0	0	0	0	0	1	0	0	0	0	0	0	0	0	0	0	0	0	0	0	0	0	0	0	0	0	0	0	0	0	0	0	0	0	0	0	0	0	0	0	0	0	0	0	0	0	0	0	0	0
8	94	2008	24.719671	100	0	12.335081	16.959139	68.071098	6.4639297	49.806599	2.7310371	67.264374	42.402039	32.89156	8.717061	30.064819	8	9	1	1	1	7.0179329	100	0	12.335081	16.849821	71.380844	6.1593108	46.198002	2.0526316	63.624035	41.348106	75.312698	7.4477525	23.13096	6.8000002	8.3999996	1	1	1.8	6.3693619	0	0	0	0	0	0	0	1	0	0	0	0	0	0	0	0	0	0	0	0	0	0	0	0	0	1	0	0	0	0	0	0	0	0	0	0	0	0	0	0	0	0	0	0	0	0	0	0	0	0	0	0	0	0	0	0	0	0	0	0	0	0	0	0	0	0	0	0	0	0
2	96	1978	20.970093	100	0	11.766792	16.053921	36.382103	20.054573	56.763199	1.3001817	44.449627	45.460297	22.5735	7.2353663	16.673401	8	10	0	1	1.8	8.3906097	100	0	11.766792	16.003771	38.064407	18.590666	54.185799	.45199183	36.735405	47.888332	24.01292	6.0849056	12.966496	-2.4000001	3.25	0	1	4.25	7.7104001	0	1	0	0	0	0	0	0	0	0	0	0	0	0	0	0	0	0	0	0	0	0	0	0	0	0	1	0	0	0	0	0	0	0	0	0	0	0	0	0	0	0	0	0	0	0	0	0	0	0	0	0	0	0	0	0	0	0	0	0	0	0	0	0	0	0	0	0	0	0
3	96	1983	31.262253	100	0	11.766792	16.099903	33.876564	20.476074	58.158199	.61860055	51.418068	44.918404	35.33036	7.8573899	22.076281	8	10	0	1	1.2	8.4932775	100	0	11.766792	16.053921	36.382103	20.054573	56.763199	1.3001817	44.449627	45.460297	22.5735	7.2353663	16.673401	8	10	0	1	1.8	8.3906097	0	0	1	0	0	0	0	0	0	0	0	0	0	0	0	0	0	0	0	0	0	0	0	0	0	0	1	0	0	0	0	0	0	0	0	0	0	0	0	0	0	0	0	0	0	0	0	0	0	0	0	0	0	0	0	0	0	0	0	0	0	0	0	0	0	0	0	0	0	0
4	96	1988	38.17123	100	0	11.766792	16.118095	30.296295	20.255764	58.682201	.2020202	49.958344	43.817558	58.047298	8.6486979	17.20084	10	10	0	1	1.6	8.8532352	100	0	11.766792	16.099903	33.876564	20.476074	58.158199	.61860055	51.418068	44.918404	35.33036	7.8573899	22.076281	8	10	0	1	1.2	8.4932775	0	0	0	1	0	0	0	0	0	0	0	0	0	0	0	0	0	0	0	0	0	0	0	0	0	0	1	0	0	0	0	0	0	0	0	0	0	0	0	0	0	0	0	0	0	0	0	0	0	0	0	0	0	0	0	0	0	0	0	0	0	0	0	0	0	0	0	0	0	0
5	96	1993	31.941317	99.684135	0	11.766792	16.156219	26.221994	21.575914	59.109402	2	45.619869	45.012505	90.644501	9.2275944	13.997788	10	10	0	1	1	9.2682667	100	0	11.766792	16.118095	30.296295	20.255764	58.682201	.2020202	49.958344	43.817558	58.047298	8.6486979	17.20084	10	10	0	1	1.6	8.8532352	0	0	0	0	1	0	0	0	0	0	0	0	0	0	0	0	0	0	0	0	0	0	0	0	0	0	1	0	0	0	0	0	0	0	0	0	0	0	0	0	0	0	0	0	0	0	0	0	0	0	0	0	0	0	0	0	0	0	0	0	0	0	0	0	0	0	0	0	0	0
7	96	2003	44.255291	97.945786	0	11.766792	16.213406	21.635225	26.354679	60.084	0	57.428856	45.956997	100.3144	9.9505768	3.2398	10	10	0	1	1	9.7044239	98.172432	0	11.766792	16.213406	23.164474	23.855827	59.5564	0	53.591431	46.024178	100.57426	9.5012531	5.1480341	10	10	0	1	1	9.4231195	0	0	0	0	0	0	1	0	0	0	0	0	0	0	0	0	0	0	0	0	0	0	0	0	0	0	1	0	0	0	0	0	0	0	0	0	0	0	0	0	0	0	0	0	0	0	0	0	0	0	0	0	0	0	0	0	0	0	0	0	0	0	0	0	0	0	0	0	0	0
8	96	2008	47.015278	97.710968	0	11.766792	16.213406	21.530704	27.566879	60.8578	0	56.273357	39.7197	118.4194	10.634113	2.7801139	10	10	0	1	1	10.204239	97.945786	0	11.766792	16.213406	21.635225	26.354679	60.084	0	57.428856	45.956997	100.3144	9.9505768	3.2398	10	10	0	1	1	9.7044239	0	0	0	0	0	0	0	1	0	0	0	0	0	0	0	0	0	0	0	0	0	0	0	0	0	0	1	0	0	0	0	0	0	0	0	0	0	0	0	0	0	0	0	0	0	0	0	0	0	0	0	0	0	0	0	0	0	0	0	0	0	0	0	0	0	0	0	0	0	0
2	101	1978	10.636281	97.949013	5	11.582078	15.717038	86.64505	5.8671017	37.1278	2.4597886	70.938141	43.20158	12.60176	6.0137973	10.40725	-4.1999998	4.1999998	1	1	4	6.6851101	100	5	11.582078	15.593194	85.082832	5.6519823	36.248798	2.8052876	60.783112	51.229935	11.55692	5.1933732	8.1327105	-.60000002	6	1	1	3	5.9799876	0	1	0	0	0	0	0	0	0	0	0	0	0	0	0	0	0	0	0	0	0	0	0	0	0	0	0	1	0	0	0	0	0	0	0	0	0	0	0	0	0	0	0	0	0	0	0	0	0	0	0	0	0	0	0	0	0	0	0	0	0	0	0	0	0	0	0	0	0	0
6	102	1998	18.425936	100	0	12.411948	15.904675	84.945717	6.3293667	30.403799	2.2128379	38.160858	43.086567	107.78696	5.3646512	3.366508	-1	6	1	1	6	6.1236491	100	0	12.411948	15.738279	85.449318	6.3311009	28.895399	5.391624	39.480541	45.696259	94.495422	4.8312154	12.018399	-4.1999998	2.8	1	1	6	6.214108	0	0	0	0	0	1	0	0	0	0	0	0	0	0	0	0	0	0	0	0	0	0	0	0	0	0	0	0	1	0	0	0	0	0	0	0	0	0	0	0	0	0	0	0	0	0	0	0	0	0	0	0	0	0	0	0	0	0	0	0	0	0	0	0	0	0	0	0	0	0
2	112	1978	10.554816	59.264767	2	14.914123	20.319288	70.303299	6.1872182	22.3916	2.4597886	13.93119	37.386219	39.060822	7.5926213	8.263134	7.8000002	7	0	1	2.2	5.3089051	59.204079	2.5999999	14.914123	20.201904	72.270889	5.9737191	20.703199	2.0586827	9.6515045	36.500847	36.535301	7.6155472	9.8025923	8.6000004	8.6000004	0	1	2	4.9396038	0	1	0	0	0	0	0	0	0	0	0	0	0	0	0	0	0	0	0	0	0	0	0	0	0	0	0	0	0	1	0	0	0	0	0	0	0	0	0	0	0	0	0	0	0	0	0	0	0	0	0	0	0	0	0	0	0	0	0	0	0	0	0	0	0	0	0	0	0	0
3	112	1983	11.910649	58.05048	3.8	14.914123	20.435122	68.357605	6.3343496	23.848	2.190134	14.098086	33.558113	39.410069	7.6976137	8.5186682	8	7	0	1	2	5.6446967	59.264767	2	14.914123	20.319288	70.303299	6.1872182	22.3916	2.4597886	13.93119	37.386219	39.060822	7.5926213	8.263134	7.8000002	7	0	1	2.2	5.3089051	0	0	1	0	0	0	0	0	0	0	0	0	0	0	0	0	0	0	0	0	0	0	0	0	0	0	0	0	0	1	0	0	0	0	0	0	0	0	0	0	0	0	0	0	0	0	0	0	0	0	0	0	0	0	0	0	0	0	0	0	0	0	0	0	0	0	0	0	0	0
4	112	1988	15.005713	59.098579	5.5999999	14.914123	20.546059	66.158569	6.4520121	25.0674	2.209239	14.006076	33.30669	43.58392	7.8097854	8.6909838	8	7	0	1	2	5.8455997	58.05048	3.8	14.914123	20.435122	68.357605	6.3343496	23.848	2.190134	14.098086	33.558113	39.410069	7.6976137	8.5186682	8	7	0	1	2	5.6446967	0	0	0	1	0	0	0	0	0	0	0	0	0	0	0	0	0	0	0	0	0	0	0	0	0	0	0	0	0	1	0	0	0	0	0	0	0	0	0	0	0	0	0	0	0	0	0	0	0	0	0	0	0	0	0	0	0	0	0	0	0	0	0	0	0	0	0	0	0	0
5	112	1993	15.266452	54.330715	6.8000002	14.914123	20.648159	63.040661	6.5810051	26.183001	1.9892482	19.774784	34.392029	73.261734	8.3281622	10.324294	8.1999998	7.4000001	0	1	3.5999999	5.8122892	59.098579	5.5999999	14.914123	20.546059	66.158569	6.4520121	25.0674	2.209239	14.006076	33.30669	43.58392	7.8097854	8.6909838	8	7	0	1	2	5.8455997	0	0	0	0	1	0	0	0	0	0	0	0	0	0	0	0	0	0	0	0	0	0	0	0	0	0	0	0	0	1	0	0	0	0	0	0	0	0	0	0	0	0	0	0	0	0	0	0	0	0	0	0	0	0	0	0	0	0	0	0	0	0	0	0	0	0	0	0	0	0
6	112	1998	15.33735	53.606937	5	14.914123	20.738287	58.74641	6.805964	27.243	.82272464	24.311192	36.172855	68.890297	9.6323509	5.7549658	9	9	0	1	2	6.0476947	54.330715	6.8000002	14.914123	20.648159	63.040661	6.5810051	26.183001	1.9892482	19.774784	34.392029	73.261734	8.3281622	10.324294	8.1999998	7.4000001	0	1	3.5999999	5.8122892	0	0	0	0	0	1	0	0	0	0	0	0	0	0	0	0	0	0	0	0	0	0	0	0	0	0	0	0	0	1	0	0	0	0	0	0	0	0	0	0	0	0	0	0	0	0	0	0	0	0	0	0	0	0	0	0	0	0	0	0	0	0	0	0	0	0	0	0	0	0
7	112	2003	15.727359	53.744057	5	14.914123	20.818577	53.828255	7.1474881	28.6078	2	33.109886	34.988518	81.624481	10.507072	4.152288	9	9	0	1	2	6.3176994	53.606937	5	14.914123	20.738287	58.74641	6.805964	27.243	.82272464	24.311192	36.172855	68.890297	9.6323509	5.7549658	9	9	0	1	2	6.0476947	0	0	0	0	0	0	1	0	0	0	0	0	0	0	0	0	0	0	0	0	0	0	0	0	0	0	0	0	0	1	0	0	0	0	0	0	0	0	0	0	0	0	0	0	0	0	0	0	0	0	0	0	0	0	0	0	0	0	0	0	0	0	0	0	0	0	0	0	0	0
3	113	1983	10.797175	85.308632	7	14.403297	18.902027	70.723129	6.3608179	24.495001	1.3333334	45.123505	36.383095	21.927561	8.0106936	8.6171522	-7	2	0	0	5	6.4076815	83.711617	7	14.403297	18.78475	76.195618	6.4256425	20.989201	2.9670329	44.614315	42.82539	27.05648	7.564805	20.546713	-7	2	0	0	5	5.949194	0	0	1	0	0	0	0	0	0	0	0	0	0	0	0	0	0	0	0	0	0	0	0	0	0	0	0	0	0	0	1	0	0	0	0	0	0	0	0	0	0	0	0	0	0	0	0	0	0	0	0	0	0	0	0	0	0	0	0	0	0	0	0	0	0	0	0	0	0	0
4	113	1988	11.192059	87.458878	7	14.403297	19.007849	63.8783	6.2679768	28.785999	2.4264705	42.163944	35.471931	43.375759	8.4951267	9.1606569	-7	2	0	0	5.1999998	6.3283682	85.308632	7	14.403297	18.902027	70.723129	6.3608179	24.495001	1.3333334	45.123505	36.383095	21.927561	8.0106936	8.6171522	-7	2	0	0	5	6.4076815	0	0	0	1	0	0	0	0	0	0	0	0	0	0	0	0	0	0	0	0	0	0	0	0	0	0	0	0	0	0	1	0	0	0	0	0	0	0	0	0	0	0	0	0	0	0	0	0	0	0	0	0	0	0	0	0	0	0	0	0	0	0	0	0	0	0	0	0	0	0
5	113	1993	14.025331	87.414795	3.2	14.403297	19.083052	56.864204	6.4803433	33.566002	1.1111112	48.349945	39.067059	38.237862	9.3846426	8.110364	-7	2	0	0	6.5999999	6.7999163	87.458878	7	14.403297	19.007849	63.8783	6.2679768	28.785999	2.4264705	42.163944	35.471931	43.375759	8.4951267	9.1606569	-7	2	0	0	5.1999998	6.3283682	0	0	0	0	1	0	0	0	0	0	0	0	0	0	0	0	0	0	0	0	0	0	0	0	0	0	0	0	0	0	1	0	0	0	0	0	0	0	0	0	0	0	0	0	0	0	0	0	0	0	0	0	0	0	0	0	0	0	0	0	0	0	0	0	0	0	0	0	0	0
6	113	1998	15.737772	91.105431	0	14.403297	19.152861	50.029701	6.9282956	39.422798	2.0526316	64.42363	34.519135	63.493999	10.120823	26.260979	-1.4	4.5999999	0	0	5.4000001	6.7254386	87.414795	3.2	14.403297	19.083052	56.864204	6.4803433	33.566002	1.1111112	48.349945	39.067059	38.237862	9.3846426	8.110364	-7	2	0	0	6.5999999	6.7999163	0	0	0	0	0	1	0	0	0	0	0	0	0	0	0	0	0	0	0	0	0	0	0	0	0	0	0	0	0	0	1	0	0	0	0	0	0	0	0	0	0	0	0	0	0	0	0	0	0	0	0	0	0	0	0	0	0	0	0	0	0	0	0	0	0	0	0	0	0	0
7	113	2003	18.611511	100	0	14.403297	19.218029	44.971985	7.5149097	44.362999	.95238096	61.247677	35.897133	62.130699	9.6074886	9.7123423	6.8000002	8.3999996	.2	0	2.8	6.9095426	91.105431	0	14.403297	19.152861	50.029701	6.9282956	39.422798	2.0526316	64.42363	34.519135	63.493999	10.120823	26.260979	-1.4	4.5999999	0	0	5.4000001	6.7254386	0	0	0	0	0	0	1	0	0	0	0	0	0	0	0	0	0	0	0	0	0	0	0	0	0	0	0	0	0	0	1	0	0	0	0	0	0	0	0	0	0	0	0	0	0	0	0	0	0	0	0	0	0	0	0	0	0	0	0	0	0	0	0	0	0	0	0	0	0	0
8	113	2008	18.044405	100	0	14.403297	19.270615	41.420807	8.055542	48.329201	1.7786561	52.624615	37.288296	33.219959	11.396855	12.00555	8	9	1	0	2	7.6597638	100	0	14.403297	19.218029	44.971985	7.5149097	44.362999	.95238096	61.247677	35.897133	62.130699	9.6074886	9.7123423	6.8000002	8.3999996	.2	0	2.8	6.9095426	0	0	0	0	0	0	0	1	0	0	0	0	0	0	0	0	0	0	0	0	0	0	0	0	0	0	0	0	0	0	1	0	0	0	0	0	0	0	0	0	0	0	0	0	0	0	0	0	0	0	0	0	0	0	0	0	0	0	0	0	0	0	0	0	0	0	0	0	0	0
6	114	1998	23.146378	97.504715	0	14.285514	17.958393	66.402687	7.3632579	62.5196	1.9267237	33.925011	45.098007	23.76638	8.084837	20.94969	1.2	5.1999998	1	1	6	7.447082	100	2.4000001	14.285514	17.875656	84.020706	7.125484	58.673599	1.3918307	42.096073	45.461758	32.80698	8.0163879	35.178341	-6	2	1	1	6	7.4991384	0	0	0	0	0	1	0	0	0	0	0	0	0	0	0	0	0	0	0	0	0	0	0	0	0	0	0	0	0	0	0	1	0	0	0	0	0	0	0	0	0	0	0	0	0	0	0	0	0	0	0	0	0	0	0	0	0	0	0	0	0	0	0	0	0	0	0	0	0	0
7	114	2003	26.132647	94.21624	0	14.285514	18.034801	44.855328	7.4520316	66.151604	1.1855105	50.072487	42.997589	23.993719	9.1960649	17.862	-.60000002	4.8000002	1	1	6	7.6916595	97.504715	0	14.285514	17.958393	66.402687	7.3632579	62.5196	1.9267237	33.925011	45.098007	23.76638	8.084837	20.94969	1.2	5.1999998	1	1	6	7.447082	0	0	0	0	0	0	1	0	0	0	0	0	0	0	0	0	0	0	0	0	0	0	0	0	0	0	0	0	0	0	0	1	0	0	0	0	0	0	0	0	0	0	0	0	0	0	0	0	0	0	0	0	0	0	0	0	0	0	0	0	0	0	0	0	0	0	0	0	0	0
2	116	1978	36.339722	76.524849	0	11.140266	15.01522	52.439213	18.463022	54.6534	1.2310606	99.426918	46.905483	52.502041	8.0571175	14.63976	10	10	0	0	1	8.3530664	75.687317	0	11.140266	14.940146	53.747318	18.912039	52.869202	1.3118279	77.584419	46.210835	40.814419	6.7118773	13.083582	10	10	0	0	1	7.7221828	0	1	0	0	0	0	0	0	0	0	0	0	0	0	0	0	0	0	0	0	0	0	0	0	0	0	0	0	0	0	0	0	1	0	0	0	0	0	0	0	0	0	0	0	0	0	0	0	0	0	0	0	0	0	0	0	0	0	0	0	0	0	0	0	0	0	0	0	0	0
5	116	1993	37.951981	79.668594	0	11.140266	15.085176	40.093369	18.147898	57.5144	.5714286	121.67632	43.034554	90.204422	9.947897	2.90358	10	10	0	0	1	9.6504803	78.3946	0	11.140266	15.068274	46.018696	18.383526	56.653599	0	105.28958	45.997787	85.725418	9.2980356	3.357199	10	10	0	0	1	9.2447815	0	0	0	0	1	0	0	0	0	0	0	0	0	0	0	0	0	0	0	0	0	0	0	0	0	0	0	0	0	0	0	0	1	0	0	0	0	0	0	0	0	0	0	0	0	0	0	0	0	0	0	0	0	0	0	0	0	0	0	0	0	0	0	0	0	0	0	0	0	0
6	116	1998	31.611095	91.00457	0	11.140266	15.129031	34.371132	17.170162	58.655602	1.096096	159.19151	42.639381	55.541599	11.015464	3.790679	10	10	0	0	1	10.062995	79.668594	0	11.140266	15.085176	40.093369	18.147898	57.5144	.5714286	121.67632	43.034554	90.204422	9.947897	2.90358	10	10	0	0	1	9.6504803	0	0	0	0	0	1	0	0	0	0	0	0	0	0	0	0	0	0	0	0	0	0	0	0	0	0	0	0	0	0	0	0	1	0	0	0	0	0	0	0	0	0	0	0	0	0	0	0	0	0	0	0	0	0	0	0	0	0	0	0	0	0	0	0	0	0	0	0	0	0
7	116	2003	29.824667	91.14151	0	11.140266	15.206374	30.757744	16.301739	59.944599	2.0269413	161.40881	41.880947	31.10774	12.097045	3.985146	10	10	0	0	1	10.534817	91.00457	0	11.140266	15.129031	34.371132	17.170162	58.655602	1.096096	159.19151	42.639381	55.541599	11.015464	3.790679	10	10	0	0	1	10.062995	0	0	0	0	0	0	1	0	0	0	0	0	0	0	0	0	0	0	0	0	0	0	0	0	0	0	0	0	0	0	0	0	1	0	0	0	0	0	0	0	0	0	0	0	0	0	0	0	0	0	0	0	0	0	0	0	0	0	0	0	0	0	0	0	0	0	0	0	0	0
8	116	2008	42.689377	91.892303	0	11.140266	15.287707	30.821611	16.763935	61.329601	1.8402966	161.63548	40.894489	50.818661	12.234745	-.63050002	10	10	0	0	1	10.89273	91.14151	0	11.140266	15.206374	30.757744	16.301739	59.944599	2.0269413	161.40881	41.880947	31.10774	12.097045	3.985146	10	10	0	0	1	10.534817	0	0	0	0	0	0	0	1	0	0	0	0	0	0	0	0	0	0	0	0	0	0	0	0	0	0	0	0	0	0	0	0	1	0	0	0	0	0	0	0	0	0	0	0	0	0	0	0	0	0	0	0	0	0	0	0	0	0	0	0	0	0	0	0	0	0	0	0	0	0
3	118	1983	73.546478	92.569603	5.1999998	9.9822989	15.191422	56.617836	14.883012	89.330002	1.5006254	75.898361	40.183601	247.80034	7.1060214	209.4744	9	9	0	0	2	8.8573093	91.589333	2	9.9822989	15.090338	55.906982	14.202583	87.806999	2.1938405	80.724854	36.173977	136.55122	6.8092322	67.768181	9	9	0	0	2	8.5336876	0	0	1	0	0	0	0	0	0	0	0	0	0	0	0	0	0	0	0	0	0	0	0	0	0	0	0	0	0	0	0	0	0	1	0	0	0	0	0	0	0	0	0	0	0	0	0	0	0	0	0	0	0	0	0	0	0	0	0	0	0	0	0	0	0	0	0	0	0	0
4	118	1988	49.036789	90.326767	6	9.9822989	15.273584	54.018524	14.713693	90.146599	2.2847412	68.012321	40.74968	147.34261	7.5801206	25.191481	9	9	0	0	2	9.2588511	92.569603	5.1999998	9.9822989	15.191422	56.617836	14.883012	89.330002	1.5006254	75.898361	40.183601	247.80034	7.1060214	209.4744	9	9	0	0	2	8.8573093	0	0	0	1	0	0	0	0	0	0	0	0	0	0	0	0	0	0	0	0	0	0	0	0	0	0	0	0	0	0	0	0	0	1	0	0	0	0	0	0	0	0	0	0	0	0	0	0	0	0	0	0	0	0	0	0	0	0	0	0	0	0	0	0	0	0	0	0	0	0
5	118	1993	40.923927	86.40995	2	9.9822989	15.419605	49.14407	15.470942	90.6632	3.1994328	63.251881	41.944382	114.795	8.2580938	14.90321	9	9	0	0	1.4	9.6533365	90.326767	6	9.9822989	15.273584	54.018524	14.713693	90.146599	2.2847412	68.012321	40.74968	147.34261	7.5801206	25.191481	9	9	0	0	2	9.2588511	0	0	0	0	1	0	0	0	0	0	0	0	0	0	0	0	0	0	0	0	0	0	0	0	0	0	0	0	0	0	0	0	0	1	0	0	0	0	0	0	0	0	0	0	0	0	0	0	0	0	0	0	0	0	0	0	0	0	0	0	0	0	0	0	0	0	0	0	0	0
6	118	1998	44.097134	87.602516	2	9.9822989	15.565928	45.981419	16.140867	91.068199	2.7568762	67.16922	43.826729	95.919998	9.4378862	6.6005578	9.3999996	9.3999996	.80000001	0	1	9.872776	86.40995	2	9.9822989	15.419605	49.14407	15.470942	90.6632	3.1994328	63.251881	41.944382	114.795	8.2580938	14.90321	9	9	0	0	1.4	9.6533365	0	0	0	0	0	1	0	0	0	0	0	0	0	0	0	0	0	0	0	0	0	0	0	0	0	0	0	0	0	0	0	0	0	1	0	0	0	0	0	0	0	0	0	0	0	0	0	0	0	0	0	0	0	0	0	0	0	0	0	0	0	0	0	0	0	0	0	0	0	0
7	118	2003	46.30809	93.040947	2	9.9822989	15.665112	45.066906	16.182114	91.391998	1.8381157	76.736954	44.849037	95.728416	10.02521	1.2908884	10	10	.2	0	1	9.8687725	87.602516	2	9.9822989	15.565928	45.981419	16.140867	91.068199	2.7568762	67.16922	43.826729	95.919998	9.4378862	6.6005578	9.3999996	9.3999996	.80000001	0	1	9.872776	0	0	0	0	0	0	1	0	0	0	0	0	0	0	0	0	0	0	0	0	0	0	0	0	0	0	0	0	0	0	0	0	0	1	0	0	0	0	0	0	0	0	0	0	0	0	0	0	0	0	0	0	0	0	0	0	0	0	0	0	0	0	0	0	0	0	0	0	0	0
2	119	1978	33.736622	100	0	12.591709	17.837259	36.289635	20.333754	66.241203	.36363637	43.733734	44.808472	57.041901	9.0206919	17.228661	10	10	0	0	1.8	8.6257305	100	0	12.591709	17.811834	38.567966	18.425196	65.094597	.37037036	36.173248	50.16922	49.420238	8.893405	12.555982	10	10	0	0	1	8.017992	0	1	0	0	0	0	0	0	0	0	0	0	0	0	0	0	0	0	0	0	0	0	0	0	0	0	0	0	0	0	0	0	0	0	1	0	0	0	0	0	0	0	0	0	0	0	0	0	0	0	0	0	0	0	0	0	0	0	0	0	0	0	0	0	0	0	0	0	0	0
3	119	1983	27.021959	94.306259	0	12.591709	17.855022	30.988268	19.920109	66.751602	.35714287	44.3759	40.667606	69.361702	9.2711992	14.272268	10	10	0	0	1	8.9219522	100	0	12.591709	17.837259	36.289635	20.333754	66.241203	.36363637	43.733734	44.808472	57.041901	9.0206919	17.228661	10	10	0	0	1.8	8.6257305	0	0	1	0	0	0	0	0	0	0	0	0	0	0	0	0	0	0	0	0	0	0	0	0	0	0	0	0	0	0	0	0	0	0	1	0	0	0	0	0	0	0	0	0	0	0	0	0	0	0	0	0	0	0	0	0	0	0	0	0	0	0	0	0	0	0	0	0	0	0
4	119	1988	45.684254	84.085602	0	12.591709	17.858562	25.680552	20.648241	66.765999	0	37.444084	43.092712	90.720337	10.60067	7.0519099	10	10	0	0	1	9.6056147	94.306259	0	12.591709	17.855022	30.988268	19.920109	66.751602	.35714287	44.3759	40.667606	69.361702	9.2711992	14.272268	10	10	0	0	1	8.9219522	0	0	0	1	0	0	0	0	0	0	0	0	0	0	0	0	0	0	0	0	0	0	0	0	0	0	0	0	0	0	0	0	0	0	1	0	0	0	0	0	0	0	0	0	0	0	0	0	0	0	0	0	0	0	0	0	0	0	0	0	0	0	0	0	0	0	0	0	0	0
7	119	2003	38.808456	81.38414	0	12.59177	17.872416	21.229797	28.672873	67.441597	.3508772	50.42683	45.008194	105.7468	12.030114	2.68277	10	10	0	1	1	10.130092	85.919037	0	12.591709	17.858562	21.403664	25.994852	67.101997	0	47.489143	45.937073	115.353	11.507975	2.7522659	10	10	0	1	1	9.9556952	0	0	0	0	0	0	1	0	0	0	0	0	0	0	0	0	0	0	0	0	0	0	0	0	0	0	0	0	0	0	0	0	0	0	1	0	0	0	0	0	0	0	0	0	0	0	0	0	0	0	0	0	0	0	0	0	0	0	0	0	0	0	0	0	0	0	0	0	0	0
8	119	2008	40.765419	82.845886	0	12.591811	17.906439	21.343733	30.437458	67.967201	.34482759	54.969227	44.215855	110.326	12.728108	1.8183622	10	10	0	1	1	10.46102	81.38414	0	12.59177	17.872416	21.229797	28.672873	67.441597	.3508772	50.42683	45.008194	105.7468	12.030114	2.68277	10	10	0	1	1	10.130092	0	0	0	0	0	0	0	1	0	0	0	0	0	0	0	0	0	0	0	0	0	0	0	0	0	0	0	0	0	0	0	0	0	0	1	0	0	0	0	0	0	0	0	0	0	0	0	0	0	0	0	0	0	0	0	0	0	0	0	0	0	0	0	0	0	0	0	0	0	0
6	120	1998	20.494514	100	.40000001	12.669806	16.574409	77.240349	5.4406266	42.608601	2.7619047	74.65564	43.991074	98.65284	7.4827771	2.9915423	-3	3	1	1	6	6.6234975	100	0	12.669806	16.438723	82.64817	5.1541634	40.464001	3.2051282	59.862957	38.188023	124.9748	6.8716908	12.844748	-6.5999999	2	1	1	6	6.656867	0	0	0	0	0	1	0	0	0	0	0	0	0	0	0	0	0	0	0	0	0	0	0	0	0	0	0	0	0	0	0	0	0	0	0	1	0	0	0	0	0	0	0	0	0	0	0	0	0	0	0	0	0	0	0	0	0	0	0	0	0	0	0	0	0	0	0	0	0	0
7	120	2003	20.00223	100	2	12.669806	16.671587	76.066956	6.0300283	45.518002	1.25	81.264236	46.206551	86.30452	8.1502571	3.0956423	.80000001	6	1	1	5.8000002	6.7086682	100	.40000001	12.669806	16.574409	77.240349	5.4406266	42.608601	2.7619047	74.65564	43.991074	98.65284	7.4827771	2.9915423	-3	3	1	1	6	6.6234975	0	0	0	0	0	0	1	0	0	0	0	0	0	0	0	0	0	0	0	0	0	0	0	0	0	0	0	0	0	0	0	0	0	0	0	1	0	0	0	0	0	0	0	0	0	0	0	0	0	0	0	0	0	0	0	0	0	0	0	0	0	0	0	0	0	0	0	0	0	0
2	122	1978	15.70731	100	0	12.811481	18.533394	35.542545	12.706928	75.991402	1.8181819	24.308762	35.791096	41.248901	7.9183178	5.5100741	10	10	0	1	1.8	8.923851	100	0	12.812027	18.515991	35.49992	11.026397	74.180397	2	22.22868	35.957485	18.68084	7.4313641	10.277742	10	10	0	1	2	8.1570807	0	1	0	0	0	0	0	0	0	0	0	0	0	0	0	0	0	0	0	0	0	0	0	0	0	0	0	0	0	0	0	0	0	0	0	0	1	0	0	0	0	0	0	0	0	0	0	0	0	0	0	0	0	0	0	0	0	0	0	0	0	0	0	0	0	0	0	0	0	0
3	122	1983	16.910448	100	0	12.809347	18.603003	33.232903	14.337527	76.4972	0	26.635551	33.502625	63.821362	8.3629637	1.6833806	10	10	0	1	1	9.2557926	100	0	12.811481	18.533394	35.542545	12.706928	75.991402	1.8181819	24.308762	35.791096	41.248901	7.9183178	5.5100741	10	10	0	1	1.8	8.923851	0	0	1	0	0	0	0	0	0	0	0	0	0	0	0	0	0	0	0	0	0	0	0	0	0	0	0	0	0	0	0	0	0	0	0	0	1	0	0	0	0	0	0	0	0	0	0	0	0	0	0	0	0	0	0	0	0	0	0	0	0	0	0	0	0	0	0	0	0	0
4	122	1988	15.426214	100	0	12.806611	18.603003	28.421913	16.173023	77.088203	0	18.351826	35.047356	71.020821	9.0915213	1.2987612	10	10	0	1	1	10.01014	100	0	12.809347	18.603003	33.232903	14.337527	76.4972	0	26.635551	33.502625	63.821362	8.3629637	1.6833806	10	10	0	1	1	9.2557926	0	0	0	1	0	0	0	0	0	0	0	0	0	0	0	0	0	0	0	0	0	0	0	0	0	0	0	0	0	0	0	0	0	0	0	0	1	0	0	0	0	0	0	0	0	0	0	0	0	0	0	0	0	0	0	0	0	0	0	0	0	0	0	0	0	0	0	0	0	0
5	122	1993	21.662729	100	0	12.806556	18.603003	24.154331	19.165594	77.745201	1.6666666	16.855499	37.796234	77.225861	9.8161917	.80420619	10	10	0	1	1.4	10.468313	100	0	12.806611	18.603003	28.421913	16.173023	77.088203	0	18.351826	35.047356	71.020821	9.0915213	1.2987612	10	10	0	1	1	10.01014	0	0	0	0	1	0	0	0	0	0	0	0	0	0	0	0	0	0	0	0	0	0	0	0	0	0	0	0	0	0	0	0	0	0	0	0	1	0	0	0	0	0	0	0	0	0	0	0	0	0	0	0	0	0	0	0	0	0	0	0	0	0	0	0	0	0	0	0	0	0
8	122	2008	16.848259	51.823223	0	12.806282	18.683044	20.812334	33.102547	88.715797	0	30.86532	37.131626	202.146	12.018189	-1.1964146	10	10	0	1	1	10.543341	51.572327	0	12.806282	18.683044	21.005255	28.007349	83.046402	0	23.038614	38.358185	169.9054	11.300238	-1.413304	10	10	0	1	1	10.442793	0	0	0	0	0	0	0	1	0	0	0	0	0	0	0	0	0	0	0	0	0	0	0	0	0	0	0	0	0	0	0	0	0	0	0	0	1	0	0	0	0	0	0	0	0	0	0	0	0	0	0	0	0	0	0	0	0	0	0	0	0	0	0	0	0	0	0	0	0	0
3	123	1983	26.870132	100	0	11.387815	14.769539	98.270859	7.8079281	63.730999	3.4119895	125.99454	36.724289	38.074799	6.3584733	5.8276548	-9.6000004	1	1	1	5.5999999	7.5068054	100	0	11.387815	14.594251	100.11525	7.1138353	59.023399	4.1161237	118.72676	38.23571	38.178082	5.0618186	5.3960438	-10	1	1	1	6	7.0490937	0	0	1	0	0	0	0	0	0	0	0	0	0	0	0	0	0	0	0	0	0	0	0	0	0	0	0	0	0	0	0	0	0	0	0	0	0	1	0	0	0	0	0	0	0	0	0	0	0	0	0	0	0	0	0	0	0	0	0	0	0	0	0	0	0	0	0	0	0	0
4	123	1988	29.251131	100	0	11.387815	14.957995	95.690178	7.5676208	69.841003	4.2487288	115.78963	38.819405	219.73399	6.5687742	8.427	-7	3	1	1	5.1999998	7.4243841	100	0	11.387815	14.769539	98.270859	7.8079281	63.730999	3.4119895	125.99454	36.724289	38.074799	6.3584733	5.8276548	-9.6000004	1	1	1	5.5999999	7.5068054	0	0	0	1	0	0	0	0	0	0	0	0	0	0	0	0	0	0	0	0	0	0	0	0	0	0	0	0	0	0	0	0	0	0	0	0	0	1	0	0	0	0	0	0	0	0	0	0	0	0	0	0	0	0	0	0	0	0	0	0	0	0	0	0	0	0	0	0	0	0
6	123	1998	32.49995	100	0	11.387815	15.358496	71.34935	5.7572474	79.230797	2.7111821	115.19942	39.025131	107.695	7.3687253	1.700487	-2	9	1	1	4	7.4092836	100	0	11.387815	15.199294	81.065903	6.2251506	75.910599	5.6123843	130.07671	45.526192	145.6976	6.5200448	3.9289939	-2.4000001	8.3999996	1	1	3.8	7.2359366	0	0	0	0	0	1	0	0	0	0	0	0	0	0	0	0	0	0	0	0	0	0	0	0	0	0	0	0	0	0	0	0	0	0	0	0	0	1	0	0	0	0	0	0	0	0	0	0	0	0	0	0	0	0	0	0	0	0	0	0	0	0	0	0	0	0	0	0	0	0
7	123	2003	34.311161	100	0	11.387815	15.444366	64.692993	5.9861312	80.629402	2.3868039	124.11362	40.371578	94.393661	8.691781	1.7867264	-2	9	1	1	5.1999998	7.625474	100	0	11.387815	15.358496	71.34935	5.7572474	79.230797	2.7111821	115.19942	39.025131	107.695	7.3687253	1.700487	-2	9	1	1	4	7.4092836	0	0	0	0	0	0	1	0	0	0	0	0	0	0	0	0	0	0	0	0	0	0	0	0	0	0	0	0	0	0	0	0	0	0	0	0	0	1	0	0	0	0	0	0	0	0	0	0	0	0	0	0	0	0	0	0	0	0	0	0	0	0	0	0	0	0	0	0	0	0
8	123	2008	34.852528	96.73671	0	11.390256	15.579387	63.518909	6.4817977	81.954597	2.1323309	132.27498	39.367809	68.331779	9.8323708	9.364974	-2.8	8.1999998	1	1	5.4000001	8.1603222	100	0	11.387815	15.444366	64.692993	5.9861312	80.629402	2.3868039	124.11362	40.371578	94.393661	8.691781	1.7867264	-2	9	1	1	5.1999998	7.625474	0	0	0	0	0	0	0	1	0	0	0	0	0	0	0	0	0	0	0	0	0	0	0	0	0	0	0	0	0	0	0	0	0	0	0	0	0	1	0	0	0	0	0	0	0	0	0	0	0	0	0	0	0	0	0	0	0	0	0	0	0	0	0	0	0	0	0	0	0	0
8	137	2008	18.042725	100	0	11.475431	15.110773	80.75441	5.1270175	47.101002	3.9303253	111.7037	43.831108	310.42566	8.2192955	11.344724	6	8	1	1	3	5.504631	100	.60000002	11.475431	14.926808	80.363617	4.8970866	45.362999	2.6264832	71.605835	40.9883	428.54221	7.9511395	5.1244078	1.8	6	.60000002	.40000001	5.4000001	5.1528273	0	0	0	0	0	0	0	1	0	0	0	0	0	0	0	0	0	0	0	0	0	0	0	0	0	0	0	0	0	0	0	0	0	0	0	0	0	0	1	0	0	0	0	0	0	0	0	0	0	0	0	0	0	0	0	0	0	0	0	0	0	0	0	0	0	0	0	0	0	0
5	143	1993	17.99699	100	0	13.273435	16.332434	84.977768	6.0087118	24.903999	1.6666666	46.338387	44.747894	142.343	4.774682	25.231501	7.5999999	9	1	1	2.8	5.5017118	100	0	13.273435	16.175282	86.304459	6.2408376	22.5128	3.8181818	36.905643	45.690639	154.53525	3.8859684	16.35792	-6	2	1	1	4.8000002	5.5540199	0	0	0	0	1	0	0	0	0	0	0	0	0	0	0	0	0	0	0	0	0	0	0	0	0	0	0	0	0	0	0	0	0	0	0	0	0	0	0	1	0	0	0	0	0	0	0	0	0	0	0	0	0	0	0	0	0	0	0	0	0	0	0	0	0	0	0	0	0	0
6	143	1998	16.885897	100	0	13.273435	16.482164	86.739014	6.0355549	26.591	4.3003664	55.417686	41.49905	129.5032	5.3190956	10.103406	7.5999999	9	1	1	2	5.5662599	100	0	13.273435	16.332434	84.977768	6.0087118	24.903999	1.6666666	46.338387	44.747894	142.343	4.774682	25.231501	7.5999999	9	1	1	2.8	5.5017118	0	0	0	0	0	1	0	0	0	0	0	0	0	0	0	0	0	0	0	0	0	0	0	0	0	0	0	0	0	0	0	0	0	0	0	0	0	0	0	1	0	0	0	0	0	0	0	0	0	0	0	0	0	0	0	0	0	0	0	0	0	0	0	0	0	0	0	0	0	0
7	143	2003	19.341795	100	0	13.273435	16.635906	86.632149	6.0605497	28.136801	2.4264705	64.918411	46.223564	101.43416	6.192873	11.582916	7	9	1	1	2.8	5.6404862	100	0	13.273435	16.482164	86.739014	6.0355549	26.591	4.3003664	55.417686	41.49905	129.5032	5.3190956	10.103406	7.5999999	9	1	1	2	5.5662599	0	0	0	0	0	0	1	0	0	0	0	0	0	0	0	0	0	0	0	0	0	0	0	0	0	0	0	0	0	0	0	0	0	0	0	0	0	0	0	1	0	0	0	0	0	0	0	0	0	0	0	0	0	0	0	0	0	0	0	0	0	0	0	0	0	0	0	0	0	0
6	145	1998	21.196899	88.055107	0	12.702444	16.91503	55.228634	6.0514002	59.461399	1.8614719	189.43867	45.564854	35.04142	10.318417	4.9123716	3	6	0	1	4.5999999	8.3547678	82.55732	0	12.702444	16.800484	60.537128	6.0947676	53.330399	3.1637428	155.47279	46.101658	55.674721	9.8705845	3.51141	3.8	6	0	1	4.4000001	8.1997633	0	0	0	0	0	1	0	0	0	0	0	0	0	0	0	0	0	0	0	0	0	0	0	0	0	0	0	0	0	0	0	0	0	0	0	0	0	0	0	0	1	0	0	0	0	0	0	0	0	0	0	0	0	0	0	0	0	0	0	0	0	0	0	0	0	0	0	0	0	0
7	145	2003	26.481754	94.579735	0	12.702444	17.04191	51.582932	6.4762492	65.3358	2.5028985	195.95184	40.298409	43.925739	10.592957	3.9436159	3	6	0	1	4.5999999	8.4470263	88.055107	0	12.702444	16.91503	55.228634	6.0514002	59.461399	1.8614719	189.43867	45.564854	35.04142	10.318417	4.9123716	3	6	0	1	4.5999999	8.3547678	0	0	0	0	0	0	1	0	0	0	0	0	0	0	0	0	0	0	0	0	0	0	0	0	0	0	0	0	0	0	0	0	0	0	0	0	0	0	0	0	1	0	0	0	0	0	0	0	0	0	0	0	0	0	0	0	0	0	0	0	0	0	0	0	0	0	0	0	0	0
7	147	2003	22.858137	100	0	13.997832	16.332434	93.292328	4.681756	29.8876	3.8181818	59.561047	39.33379	58.78928	6.8148532	3.7734311	6.8000002	8.6000004	1	1	2	5.7940016	100	0	13.997832	16.175282	94.19352	5.2765961	27.054399	2.1362276	52.66164	44.964661	103.5058	5.6716738	1.7687227	6.1999998	7.4000001	1	1	2.5999999	5.5685372	0	0	0	0	0	0	1	0	0	0	0	0	0	0	0	0	0	0	0	0	0	0	0	0	0	0	0	0	0	0	0	0	0	0	0	0	0	0	0	0	0	1	0	0	0	0	0	0	0	0	0	0	0	0	0	0	0	0	0	0	0	0	0	0	0	0	0	0	0	0
8	147	2008	24.139414	100	0	13.997832	16.482164	93.192261	4.3936615	33.003799	3.2051282	53.118153	38.842491	23.48172	7.7008371	4.9025278	7	9	1	1	2	6.3125968	100	0	13.997832	16.332434	93.292328	4.681756	29.8876	3.8181818	59.561047	39.33379	58.78928	6.8148532	3.7734311	6.8000002	8.6000004	1	1	2	5.7940016	0	0	0	0	0	0	0	1	0	0	0	0	0	0	0	0	0	0	0	0	0	0	0	0	0	0	0	0	0	0	0	0	0	0	0	0	0	0	0	0	0	1	0	0	0	0	0	0	0	0	0	0	0	0	0	0	0	0	0	0	0	0	0	0	0	0	0	0	0	0
5	152	1993	21.981504	95.408318	0	7.6157908	13.910821	42.776096	7.1508589	43.530399	0	122.9836	45.358845	48.50106	5.3314548	7.0197058	10	10	0	1	1.2	8.028636	99.156296	0	7.6157908	13.834573	46.39222	6.6397991	43.27	2	130.96831	45.814316	53.8195	4.4455504	10.598532	10	10	0	1	2	7.5732145	0	0	0	0	1	0	0	0	0	0	0	0	0	0	0	0	0	0	0	0	0	0	0	0	0	0	0	0	0	0	0	0	0	0	0	0	0	0	0	0	0	0	1	0	0	0	0	0	0	0	0	0	0	0	0	0	0	0	0	0	0	0	0	0	0	0	0	0	0	0
8	152	2008	22.735188	98.816467	0	7.6157908	14.077875	32.751663	9.2396231	41.9394	1.6666666	119.81816	39.179001	48.178341	9.1432562	5.3987284	10	10	0	1	1	8.7936859	98.769501	0	7.6157908	14.013841	37.511829	8.6639509	42.375999	0	118.28712	47.536617	52.035561	6.5017147	5.803596	10	10	0	1	1	8.422534	0	0	0	0	0	0	0	1	0	0	0	0	0	0	0	0	0	0	0	0	0	0	0	0	0	0	0	0	0	0	0	0	0	0	0	0	0	0	0	0	0	0	1	0	0	0	0	0	0	0	0	0	0	0	0	0	0	0	0	0	0	0	0	0	0	0	0	0	0	0
6	158	1998	19.306	66.773804	0	14.285514	14.673956	62.218639	6.3527927	57.001801	.86956519	100.33578	35.484486	66.710739	4.4106526	10.68588	10	10	1	1	2	6.2363329	63.731499	0	14.285514	14.639529	70.090218	7.1629195	56.896198	.90909094	92.454865	34.413368	39.573502	2.2112749	142.09996	7.5999999	7.8000002	.40000001	1	2.2	6.5488863	0	0	0	0	0	1	0	0	0	0	0	0	0	0	0	0	0	0	0	0	0	0	0	0	0	0	0	0	0	0	0	0	0	0	0	0	0	0	0	0	0	0	0	1	0	0	0	0	0	0	0	0	0	0	0	0	0	0	0	0	0	0	0	0	0	0	0	0	0	0
7	158	2003	27.811428	83.173386	0	14.285514	14.723637	49.012894	5.9477992	60.349602	.83333331	121.66916	33.576054	78.358078	5.9250851	12.768938	10	10	1	1	2	6.5270362	66.773804	0	14.285514	14.673956	62.218639	6.3527927	57.001801	.86956519	100.33578	35.484486	66.710739	4.4106526	10.68588	10	10	1	1	2	6.2363329	0	0	0	0	0	0	1	0	0	0	0	0	0	0	0	0	0	0	0	0	0	0	0	0	0	0	0	0	0	0	0	0	0	0	0	0	0	0	0	0	0	0	0	1	0	0	0	0	0	0	0	0	0	0	0	0	0	0	0	0	0	0	0	0	0	0	0	0	0	0
8	158	2008	33.082687	93.513397	0	14.285514	14.80094	41.155518	5.9167123	65.537804	1.5692308	115.37478	33.747532	42.4646	7.6475511	15.38484	10	10	1	.60000002	2	7.4754753	83.173386	0	14.285514	14.723637	49.012894	5.9477992	60.349602	.83333331	121.66916	33.576054	78.358078	5.9250851	12.768938	10	10	1	1	2	6.5270362	0	0	0	0	0	0	0	1	0	0	0	0	0	0	0	0	0	0	0	0	0	0	0	0	0	0	0	0	0	0	0	0	0	0	0	0	0	0	0	0	0	0	0	1	0	0	0	0	0	0	0	0	0	0	0	0	0	0	0	0	0	0	0	0	0	0	0	0	0	0
3	161	1983	22.060642	100	3	13.008747	16.868883	77.26265	7.6005535	43.351398	1.9523809	57.286133	46.134834	94.67028	6.3116231	8.255806	-8	2	1	1	4	6.6054544	100	3	13.008747	16.748581	85.760368	7.6326928	39.8116	2.1637428	51.741394	62.847996	54.577721	6.1433206	9.3460217	-8.1999998	2	1	1	3.8	6.6843019	0	0	1	0	0	0	0	0	0	0	0	0	0	0	0	0	0	0	0	0	0	0	0	0	0	0	0	0	0	0	0	0	0	0	0	0	0	0	0	0	0	0	0	0	1	0	0	0	0	0	0	0	0	0	0	0	0	0	0	0	0	0	0	0	0	0	0	0	0	0
4	161	1988	20.858759	100	2.4000001	13.008747	16.984705	72.909851	6.9236054	46.946201	2.6119895	52.963001	37.80571	105.1272	6.8393469	5.8015318	-8	2	1	1	4	6.8956056	100	3	13.008747	16.868883	77.26265	7.6005535	43.351398	1.9523809	57.286133	46.134834	94.67028	6.3116231	8.255806	-8	2	1	1	4	6.6054544	0	0	0	1	0	0	0	0	0	0	0	0	0	0	0	0	0	0	0	0	0	0	0	0	0	0	0	0	0	0	0	0	0	0	0	0	0	0	0	0	0	0	0	0	1	0	0	0	0	0	0	0	0	0	0	0	0	0	0	0	0	0	0	0	0	0	0	0	0	0
5	161	1993	28.117607	100	0	13.008747	17.080858	66.680183	7.1661444	50.371601	1.5692308	53.139187	39.107727	86.291344	7.954772	4.8255038	-7.1999998	2	1	1	5.1999998	7.1316276	100	2.4000001	13.008747	16.984705	72.909851	6.9236054	46.946201	2.6119895	52.963001	37.80571	105.1272	6.8393469	5.8015318	-8	2	1	1	4	6.8956056	0	0	0	0	1	0	0	0	0	0	0	0	0	0	0	0	0	0	0	0	0	0	0	0	0	0	0	0	0	0	0	0	0	0	0	0	0	0	0	0	0	0	0	0	1	0	0	0	0	0	0	0	0	0	0	0	0	0	0	0	0	0	0	0	0	0	0	0	0	0
6	161	1998	28.029905	100	0	13.008747	17.147459	58.179211	7.5591631	52.677799	1.4550265	54.535892	40.113487	74.303596	8.7262678	3.0695641	-6.4000001	2.5999999	1	1	5	7.2362485	100	0	13.008747	17.080858	66.680183	7.1661444	50.371601	1.5692308	53.139187	39.107727	86.291344	7.954772	4.8255038	-7.1999998	2	1	1	5.1999998	7.1316276	0	0	0	0	0	1	0	0	0	0	0	0	0	0	0	0	0	0	0	0	0	0	0	0	0	0	0	0	0	0	0	0	0	0	0	0	0	0	0	0	0	0	0	0	1	0	0	0	0	0	0	0	0	0	0	0	0	0	0	0	0	0	0	0	0	0	0	0	0	0
7	161	2003	32.851727	97.467918	0	13.008747	17.203148	49.737247	7.9544897	54.316002	.68965518	63.56942	40.853062	65.234138	9.6439915	1.021059	-6	3	1	1	5	7.3878269	100	0	13.008747	17.147459	58.179211	7.5591631	52.677799	1.4550265	54.535892	40.113487	74.303596	8.7262678	3.0695641	-6.4000001	2.5999999	1	1	5	7.2362485	0	0	0	0	0	0	1	0	0	0	0	0	0	0	0	0	0	0	0	0	0	0	0	0	0	0	0	0	0	0	0	0	0	0	0	0	0	0	0	0	0	0	0	0	1	0	0	0	0	0	0	0	0	0	0	0	0	0	0	0	0	0	0	0	0	0	0	0	0	0
8	161	2008	32.953499	97.596741	0	13.008747	17.262197	43.902161	8.2223845	55.993599	1.3118279	77.430534	41.389084	51.956402	10.564976	2.6941781	-6	3	1	1	5	7.8655572	97.467918	0	13.008747	17.203148	49.737247	7.9544897	54.316002	.68965518	63.56942	40.853062	65.234138	9.6439915	1.021059	-6	3	1	1	5	7.3878269	0	0	0	0	0	0	0	1	0	0	0	0	0	0	0	0	0	0	0	0	0	0	0	0	0	0	0	0	0	0	0	0	0	0	0	0	0	0	0	0	0	0	0	0	1	0	0	0	0	0	0	0	0	0	0	0	0	0	0	0	0	0	0	0	0	0	0	0	0	0
5	166	1993	15.731486	100	0	11.8706	16.849821	77.317131	6.1173434	10.0786	3.1637428	49.323521	39.800346	63.91164	3.1424267	10.58509	5	5	0	1	2.5999999	5.2602701	100	0	11.8706	16.716078	77.968781	6.003664	8.2667999	2.4264705	33.542427	34.06134	49.633018	2.7175558	12.1758	-.60000002	2.5999999	0	1	3.4000001	5.2142982	0	0	0	0	1	0	0	0	0	0	0	0	0	0	0	0	0	0	0	0	0	0	0	0	0	0	0	0	0	0	0	0	0	0	0	0	0	0	0	0	0	0	0	0	0	1	0	0	0	0	0	0	0	0	0	0	0	0	0	0	0	0	0	0	0	0	0	0	0	0
6	166	1998	15.747686	100	2	11.871089	16.959139	75.352196	6.2919903	12.4166	1.8614719	59.64994	45.621174	62.006161	4.2075615	6.5138922	5.4000001	6.1999998	0	1	3	5.4043818	100	0	11.8706	16.849821	77.317131	6.1173434	10.0786	3.1637428	49.323521	39.800346	63.91164	3.1424267	10.58509	5	5	0	1	2.5999999	5.2602701	0	0	0	0	0	1	0	0	0	0	0	0	0	0	0	0	0	0	0	0	0	0	0	0	0	0	0	0	0	0	0	0	0	0	0	0	0	0	0	0	0	0	0	0	0	1	0	0	0	0	0	0	0	0	0	0	0	0	0	0	0	0	0	0	0	0	0	0	0	0
2	167	1978	46.64595	75.880028	0	10.427032	16.454567	36.744022	17.194124	64.120201	0	96.774307	39.665787	40.740002	9.6481276	5.7897878	10	10	0	0	1	9.2136135	91.827393	0	10.427032	16.395281	41.888458	16.621166	62.575001	1.5384616	92.672844	42.555042	41.82	8.8496847	9.304204	10	10	0	0	1	8.4672995	0	1	0	0	0	0	0	0	0	0	0	0	0	0	0	0	0	0	0	0	0	0	0	0	0	0	0	0	0	0	0	0	0	0	0	0	0	0	0	0	0	0	0	0	0	0	1	0	0	0	0	0	0	0	0	0	0	0	0	0	0	0	0	0	0	0	0	0	0	0
3	167	1983	52.753258	75.849846	0	10.427032	16.454567	30.858097	17.413576	65.929398	0	113.09404	37.871059	58.720001	9.8574629	3.1151626	10	10	0	0	1	9.1978617	75.880028	0	10.427032	16.454567	36.744022	17.194124	64.120201	0	96.774307	39.665787	40.740002	9.6481276	5.7897878	10	10	0	0	1	9.2136135	0	0	1	0	0	0	0	0	0	0	0	0	0	0	0	0	0	0	0	0	0	0	0	0	0	0	0	0	0	0	0	0	0	0	0	0	0	0	0	0	0	0	0	0	0	0	1	0	0	0	0	0	0	0	0	0	0	0	0	0	0	0	0	0	0	0	0	0	0	0
4	167	1988	51.577999	77.349098	0	10.427032	16.523561	27.132849	18.103155	67.898003	1.4285715	105.47824	38.984543	74.32	10.80644	.57829762	10	10	0	0	1	9.6807966	75.849846	0	10.427032	16.454567	30.858097	17.413576	65.929398	0	113.09404	37.871059	58.720001	9.8574629	3.1151626	10	10	0	0	1	9.1978617	0	0	0	1	0	0	0	0	0	0	0	0	0	0	0	0	0	0	0	0	0	0	0	0	0	0	0	0	0	0	0	0	0	0	0	0	0	0	0	0	0	0	0	0	0	0	1	0	0	0	0	0	0	0	0	0	0	0	0	0	0	0	0	0	0	0	0	0	0	0
5	167	1993	49.841808	77.254364	0	10.427032	16.523561	26.594475	18.988779	71.160202	0	108.38414	41.539242	76.800003	11.346703	2.2675481	10	10	0	0	1	10.030482	77.349098	0	10.427032	16.523561	27.132849	18.103155	67.898003	1.4285715	105.47824	38.984543	74.32	10.80644	.57829762	10	10	0	0	1	9.6807966	0	0	0	0	1	0	0	0	0	0	0	0	0	0	0	0	0	0	0	0	0	0	0	0	0	0	0	0	0	0	0	0	0	0	0	0	0	0	0	0	0	0	0	0	0	0	1	0	0	0	0	0	0	0	0	0	0	0	0	0	0	0	0	0	0	0	0	0	0	0
6	167	1998	41.511566	88.742836	0	10.427032	16.588099	27.212521	19.692844	75.203796	1.3333334	122.37512	40.523407	64.580002	12.008492	2.3499601	10	10	0	0	1	10.147489	77.254364	0	10.427032	16.523561	26.594475	18.988779	71.160202	0	108.38414	41.539242	76.800003	11.346703	2.2675481	10	10	0	0	1	10.030482	0	0	0	0	0	1	0	0	0	0	0	0	0	0	0	0	0	0	0	0	0	0	0	0	0	0	0	0	0	0	0	0	0	0	0	0	0	0	0	0	0	0	0	0	0	0	1	0	0	0	0	0	0	0	0	0	0	0	0	0	0	0	0	0	0	0	0	0	0	0
2	171	1978	33.053169	94.428009	0	12.481088	14.946913	45.530117	14.938543	83.166397	0	56.390678	36.428322	49.30048	7.5342164	15.99238	10	10	0	1	1	8.6573563	100	0	12.481088	14.90712	50.764847	14.141648	82.106796	2.0706077	49.094925	34.17625	44.890442	7.4878664	9.9154396	10	10	0	1	1	8.2315769	0	1	0	0	0	0	0	0	0	0	0	0	0	0	0	0	0	0	0	0	0	0	0	0	0	0	0	0	0	0	0	0	0	0	0	0	0	0	0	0	0	0	0	0	0	0	0	1	0	0	0	0	0	0	0	0	0	0	0	0	0	0	0	0	0	0	0	0	0	0
3	171	1983	37.260525	98.240044	0	12.481088	14.984816	39.812305	15.714231	83.574997	.64516127	60.883705	38.320747	59.264	7.311089	11.501166	10	10	0	1	1	8.9298658	94.428009	0	12.481088	14.946913	45.530117	14.938543	83.166397	0	56.390678	36.428322	49.30048	7.5342164	15.99238	10	10	0	1	1	8.6573563	0	0	1	0	0	0	0	0	0	0	0	0	0	0	0	0	0	0	0	0	0	0	0	0	0	0	0	0	0	0	0	0	0	0	0	0	0	0	0	0	0	0	0	0	0	0	0	1	0	0	0	0	0	0	0	0	0	0	0	0	0	0	0	0	0	0	0	0	0	0
4	171	1988	40.665359	100	0	12.481088	15.021374	36.171631	16.437733	84.3144	.625	50.89732	40.494888	65.836983	8.2488451	8.8361578	10	10	0	1	1	9.3947811	98.240044	0	12.481088	14.984816	39.812305	15.714231	83.574997	.64516127	60.883705	38.320747	59.264	7.311089	11.501166	10	10	0	1	1	8.9298658	0	0	0	1	0	0	0	0	0	0	0	0	0	0	0	0	0	0	0	0	0	0	0	0	0	0	0	0	0	0	0	0	0	0	0	0	0	0	0	0	0	0	0	0	0	0	0	1	0	0	0	0	0	0	0	0	0	0	0	0	0	0	0	0	0	0	0	0	0	0
5	171	1993	35.465359	92.40065	0	12.481088	15.084858	35.181717	17.345137	85.096603	2.3391054	57.245506	42.905754	59.088581	10.060204	1.6232622	10	10	0	1	1	9.5207729	100	0	12.481088	15.021374	36.171631	16.437733	84.3144	.625	50.89732	40.494888	65.836983	8.2488451	8.8361578	10	10	0	1	1	9.3947811	0	0	0	0	1	0	0	0	0	0	0	0	0	0	0	0	0	0	0	0	0	0	0	0	0	0	0	0	0	0	0	0	0	0	0	0	0	0	0	0	0	0	0	0	0	0	0	1	0	0	0	0	0	0	0	0	0	0	0	0	0	0	0	0	0	0	0	0	0	0
6	171	1998	30.513298	89.3442	0	12.481088	15.150373	35.014038	17.853788	85.539398	1.0668564	59.231571	44.167114	37.682098	10.455838	1.4811592	10	10	0	1	1	9.689126	92.40065	0	12.481088	15.084858	35.181717	17.345137	85.096603	2.3391054	57.245506	42.905754	59.088581	10.060204	1.6232622	10	10	0	1	1	9.5207729	0	0	0	0	0	1	0	0	0	0	0	0	0	0	0	0	0	0	0	0	0	0	0	0	0	0	0	0	0	0	0	0	0	0	0	0	0	0	0	0	0	0	0	0	0	0	0	1	0	0	0	0	0	0	0	0	0	0	0	0	0	0	0	0	0	0	0	0	0	0
7	171	2003	31.312244	90.465904	0	12.481088	15.206618	33.386333	17.987024	85.902	1.0128205	60.029163	45.785118	25.722176	10.52515	2.3356068	10	10	0	1	1	9.8927546	89.3442	0	12.481088	15.150373	35.014038	17.853788	85.539398	1.0668564	59.231571	44.167114	37.682098	10.455838	1.4811592	10	10	0	1	1	9.689126	0	0	0	0	0	0	1	0	0	0	0	0	0	0	0	0	0	0	0	0	0	0	0	0	0	0	0	0	0	0	0	0	0	0	0	0	0	0	0	0	0	0	0	0	0	0	0	1	0	0	0	0	0	0	0	0	0	0	0	0	0	0	0	0	0	0	0	0	0	0
8	171	2008	34.63026	92.786407	0	12.481088	15.269311	31.331301	18.839739	86.137199	1.4291116	58.693756	44.2505	23.018539	11.047417	3.157294	10	10	0	1	1	10.298279	90.465904	0	12.481088	15.206618	33.386333	17.987024	85.902	1.0128205	60.029163	45.785118	25.722176	10.52515	2.3356068	10	10	0	1	1	9.8927546	0	0	0	0	0	0	0	1	0	0	0	0	0	0	0	0	0	0	0	0	0	0	0	0	0	0	0	0	0	0	0	0	0	0	0	0	0	0	0	0	0	0	0	0	0	0	0	1	0	0	0	0	0	0	0	0	0	0	0	0	0	0	0	0	0	0	0	0	0	0
3	174	1983	8.9298506	100	0	13.722046	18.221634	85.500397	5.9706602	30.535	2.5674818	32.517586	44.869007	51.40258	8.5009155	11.173116	1.4	4	1	.40000001	4	6.9112186	100	0	13.722046	18.080046	82.565041	5.8780556	27.3624	2.9503911	46.401043	52.931351	15.706268	8.2648668	12.57804	0	3.5	1	0	4	6.8070865	0	0	1	0	0	0	0	0	0	0	0	0	0	0	0	0	0	0	0	0	0	0	0	0	0	0	0	0	0	0	0	0	0	0	0	0	0	0	0	0	0	0	0	0	0	0	0	0	1	0	0	0	0	0	0	0	0	0	0	0	0	0	0	0	0	0	0	0	0	0
4	174	1988	13.49258	100	0	13.722046	18.345228	86.684235	6.0787816	33.903999	2.7078466	42.819477	44.577126	131.6468	8.901166	31.25625	-6.1999998	1.8	1	1	5.8000002	5.8896666	100	0	13.722046	18.221634	85.500397	5.9706602	30.535	2.5674818	32.517586	44.869007	51.40258	8.5009155	11.173116	1.4	4	1	.40000001	4	6.9112186	0	0	0	1	0	0	0	0	0	0	0	0	0	0	0	0	0	0	0	0	0	0	0	0	0	0	0	0	0	0	0	0	0	0	0	0	0	0	0	0	0	0	0	0	0	0	0	0	1	0	0	0	0	0	0	0	0	0	0	0	0	0	0	0	0	0	0	0	0	0
2	178	1978	32.863682	80.329613	0	12.625704	15.21662	36.463879	22.802082	69.601799	.5	77.886688	38.095409	35.634918	8.5269566	8.2117081	10	10	0	0	1	9.3536701	100	0	12.625704	15.191678	38.604828	21.374741	67.070602	.51282054	76.02523	41.364582	26.08638	7.1949162	8.14711	10	10	0	0	1	8.6117172	0	1	0	0	0	0	0	0	0	0	0	0	0	0	0	0	0	0	0	0	0	0	0	0	0	0	0	0	0	0	0	0	0	0	0	0	0	0	0	0	0	0	0	0	0	0	0	0	0	1	0	0	0	0	0	0	0	0	0	0	0	0	0	0	0	0	0	0	0	0
3	178	1983	32.943638	69.113724	0	12.625704	15.231317	32.685963	24.066902	71.003998	.48780489	77.599174	38.963135	39.411766	8.7539463	8.3401899	10	10	0	0	1	9.6203508	80.329613	0	12.625704	15.21662	36.463879	22.802082	69.601799	.5	77.886688	38.095409	35.634918	8.5269566	8.2117081	10	10	0	0	1	9.3536701	0	0	1	0	0	0	0	0	0	0	0	0	0	0	0	0	0	0	0	0	0	0	0	0	0	0	0	0	0	0	0	0	0	0	0	0	0	0	0	0	0	0	0	0	0	0	0	0	0	1	0	0	0	0	0	0	0	0	0	0	0	0	0	0	0	0	0	0	0	0
4	178	1988	36.995693	68.128593	0	12.625704	15.250595	29.759346	24.970455	71.697601	0	70.408737	39.766575	39.707119	9.1551619	4.1735663	10	10	0	0	1	10.043679	69.113724	0	12.625704	15.231317	32.685963	24.066902	71.003998	.48780489	77.599174	38.963135	39.411766	8.7539463	8.3401899	10	10	0	0	1	9.6203508	0	0	0	1	0	0	0	0	0	0	0	0	0	0	0	0	0	0	0	0	0	0	0	0	0	0	0	0	0	0	0	0	0	0	0	0	0	0	0	0	0	0	0	0	0	0	0	0	0	1	0	0	0	0	0	0	0	0	0	0	0	0	0	0	0	0	0	0	0	0
5	178	1993	40.886494	68.188736	0	12.625704	15.278724	29.684509	24.979691	73.040802	.94130677	70.072769	44.14732	49.933281	9.6504726	1.317966	10	10	0	0	1	10.2946	68.128593	0	12.625704	15.250595	29.759346	24.970455	71.697601	0	70.408737	39.766575	39.707119	9.1551619	4.1735663	10	10	0	0	1	10.043679	0	0	0	0	1	0	0	0	0	0	0	0	0	0	0	0	0	0	0	0	0	0	0	0	0	0	0	0	0	0	0	0	0	0	0	0	0	0	0	0	0	0	0	0	0	0	0	0	0	1	0	0	0	0	0	0	0	0	0	0	0	0	0	0	0	0	0	0	0	0
6	178	1998	35.012032	68.58358	0	12.625704	15.306105	30.687975	23.916515	75.154198	.45454547	73.597046	45.413689	33.269299	10.14631	5.6952229	10	10	0	0	1	10.488099	68.188736	0	12.625704	15.278724	29.684509	24.979691	73.040802	.94130677	70.072769	44.14732	49.933281	9.6504726	1.317966	10	10	0	0	1	10.2946	0	0	0	0	0	1	0	0	0	0	0	0	0	0	0	0	0	0	0	0	0	0	0	0	0	0	0	0	0	0	0	0	0	0	0	0	0	0	0	0	0	0	0	0	0	0	0	0	0	1	0	0	0	0	0	0	0	0	0	0	0	0	0	0	0	0	0	0	0	0
8	178	2008	33.716671	79.614601	0	12.627245	15.379829	28.769156	21.947754	78.457199	1.2769812	72.3452	42.48708	56.852341	11.789412	4.7334561	10	10	0	0	1	11.320476	79.39859	0	12.625704	15.332775	30.430285	22.782816	76.926399	.44444445	70.665916	46.48204	45.127041	10.903142	3.5377281	10	10	0	0	1	10.808039	0	0	0	0	0	0	0	1	0	0	0	0	0	0	0	0	0	0	0	0	0	0	0	0	0	0	0	0	0	0	0	0	0	0	0	0	0	0	0	0	0	0	0	0	0	0	0	0	0	1	0	0	0	0	0	0	0	0	0	0	0	0	0	0	0	0	0	0	0	0
2	180	1978	11.296136	100	.80000001	13.555288	18.137383	81.927177	7.0544991	27.375999	3.3058774	25.045074	42.254715	56.757462	6.051568	9.1271477	-4	2.2	.60000002	1	5.8000002	5.6444507	100	3	13.555288	17.983023	80.840775	6.9981461	25.7314	2.8822248	20.695259	40.15715	66.862938	5.7045465	15.293406	5.5999999	7	0	1	3.5	5.0792317	0	1	0	0	0	0	0	0	0	0	0	0	0	0	0	0	0	0	0	0	0	0	0	0	0	0	0	0	0	0	0	0	0	0	0	0	0	0	0	0	0	0	0	0	0	0	0	0	0	0	1	0	0	0	0	0	0	0	0	0	0	0	0	0	0	0	0	0	0	0
3	180	1983	13.171482	100	0	13.555288	18.303009	81.95266	7.094131	28.8328	3.4968972	27.484259	42.711308	54.41412	6.4104381	7.7495499	-6.4000001	1.2	1	1	6.4000001	5.9635758	100	.80000001	13.555288	18.137383	81.927177	7.0544991	27.375999	3.3058774	25.045074	42.254715	56.757462	6.051568	9.1271477	-4	2.2	.60000002	1	5.8000002	5.6444507	0	0	1	0	0	0	0	0	0	0	0	0	0	0	0	0	0	0	0	0	0	0	0	0	0	0	0	0	0	0	0	0	0	0	0	0	0	0	0	0	0	0	0	0	0	0	0	0	0	0	1	0	0	0	0	0	0	0	0	0	0	0	0	0	0	0	0	0	0	0
4	180	1988	17.133932	100	0	13.555288	18.475857	82.856972	7.1607924	30.0832	3.0397422	27.548647	40.246319	73.845016	6.9506693	6.4929638	3.2	5	.60000002	1	3.5999999	6.0167174	100	0	13.555288	18.303009	81.95266	7.094131	28.8328	3.4968972	27.484259	42.711308	54.41412	6.4104381	7.7495499	-6.4000001	1.2	1	1	6.4000001	5.9635758	0	0	0	1	0	0	0	0	0	0	0	0	0	0	0	0	0	0	0	0	0	0	0	0	0	0	0	0	0	0	0	0	0	0	0	0	0	0	0	0	0	0	0	0	0	0	0	0	0	0	1	0	0	0	0	0	0	0	0	0	0	0	0	0	0	0	0	0	0	0
5	180	1993	19.482727	100	0	13.555288	18.601608	82.839264	7.2534919	31.332001	3.4848485	30.115591	39.479137	75.884903	7.7581058	11.715774	8	7	0	1	3.4000001	6.2063956	100	0	13.555288	18.475857	82.856972	7.1607924	30.0832	3.0397422	27.548647	40.246319	73.845016	6.9506693	6.4929638	3.2	5	.60000002	1	3.5999999	6.0167174	0	0	0	0	1	0	0	0	0	0	0	0	0	0	0	0	0	0	0	0	0	0	0	0	0	0	0	0	0	0	0	0	0	0	0	0	0	0	0	0	0	0	0	0	0	0	0	0	0	0	1	0	0	0	0	0	0	0	0	0	0	0	0	0	0	0	0	0	0	0
6	180	1998	18.563818	100	0	13.555288	18.72751	78.534378	7.2205911	32.617199	1.5384616	28.831533	32.059261	77.541039	8.4847145	12.007328	2	5	.2	1	5	6.2570624	100	0	13.555288	18.601608	82.839264	7.2534919	31.332001	3.4848485	30.115591	39.479137	75.884903	7.7581058	11.715774	8	7	0	1	3.4000001	6.2063956	0	0	0	0	0	1	0	0	0	0	0	0	0	0	0	0	0	0	0	0	0	0	0	0	0	0	0	0	0	0	0	0	0	0	0	0	0	0	0	0	0	0	0	0	0	0	0	0	0	0	1	0	0	0	0	0	0	0	0	0	0	0	0	0	0	0	0	0	0	0
7	180	2003	17.473734	100	1.6	13.555288	18.851961	69.732147	7.1191592	33.943802	2.7619047	31.861414	32.020378	75.19236	8.8697824	5.9136739	-5.1999998	2	1	1	6	6.3234	100	0	13.555288	18.72751	78.534378	7.2205911	32.617199	1.5384616	28.831533	32.059261	77.541039	8.4847145	12.007328	2	5	.2	1	5	6.2570624	0	0	0	0	0	0	1	0	0	0	0	0	0	0	0	0	0	0	0	0	0	0	0	0	0	0	0	0	0	0	0	0	0	0	0	0	0	0	0	0	0	0	0	0	0	0	0	0	0	0	1	0	0	0	0	0	0	0	0	0	0	0	0	0	0	0	0	0	0	0
7	188	2003	18.091158	100	3	12.605419	18.226667	63.936096	5.5716724	48.0158	1.9737209	100.74288	45.208099	63.144718	9.4025583	4.8515878	8	9	1	1	2.2	6.9607182	100	6	12.605419	18.119101	67.568306	5.3985195	48.110001	2.1899235	94.930969	55.136765	51.152618	9.1313772	9.7123957	8	9	1	1	2	7.0286193	0	0	0	0	0	0	1	0	0	0	0	0	0	0	0	0	0	0	0	0	0	0	0	0	0	0	0	0	0	0	0	0	0	0	0	0	0	0	0	0	0	0	0	0	0	0	0	0	0	0	0	1	0	0	0	0	0	0	0	0	0	0	0	0	0	0	0	0	0	0
8	188	2008	16.782595	100	3	12.605419	18.317259	59.947975	5.8331294	48.402	1.5788831	78.970474	43.706661	47.572239	9.9703093	4.5168099	8	9	1	1	3.5999999	7.4851251	100	3	12.605419	18.226667	63.936096	5.5716724	48.0158	1.9737209	100.74288	45.208099	63.144718	9.4025583	4.8515878	8	9	1	1	2.2	6.9607182	0	0	0	0	0	0	0	1	0	0	0	0	0	0	0	0	0	0	0	0	0	0	0	0	0	0	0	0	0	0	0	0	0	0	0	0	0	0	0	0	0	0	0	0	0	0	0	0	0	0	0	1	0	0	0	0	0	0	0	0	0	0	0	0	0	0	0	0	0	0
5	198	1993	19.347149	100	4.4000001	10.113343	15.623633	100.09985	4.578958	7.1427999	-4.5263715	34.039108	36.070141	75.394417	5.4841566	20.918116	-6.5999999	1	1	.80000001	6.4000001	5.5975113	100	.60000002	10.113343	15.740412	100.51566	4.2726855	5.2723999	3.3880575	19.439466	29.242334	29.46814	5.3081551	2.9255033	-7	1	1	1	6	5.8897552	0	0	0	0	1	0	0	0	0	0	0	0	0	0	0	0	0	0	0	0	0	0	0	0	0	0	0	0	0	0	0	0	0	0	0	0	0	0	0	0	0	0	0	0	0	0	0	0	0	0	0	0	1	0	0	0	0	0	0	0	0	0	0	0	0	0	0	0	0	0
7	213	2003	20.629456	100	0	12.168007	16.15218	85.058746	4.8061886	40.8106	2.2020202	67.140099	40.560822	57.5578	6.9903879	1.8879091	8	9	1	1	2.2	6.4620867	97.513107	0	12.168007	16.01652	88.327065	4.8515201	40.055	2.619242	62.165398	42.040161	80.512222	6.4783993	2.2825191	.80000001	9	1	1	3.8	6.2986417	0	0	0	0	0	0	1	0	0	0	0	0	0	0	0	0	0	0	0	0	0	0	0	0	0	0	0	0	0	0	0	0	0	0	0	0	0	0	0	0	0	0	0	0	0	0	0	0	0	0	0	0	0	1	0	0	0	0	0	0	0	0	0	0	0	0	0	0	0	0
2	219	1978	15.460976	100	0	6.5072775	14.665443	44.138111	6.7571802	100	.86956519	351.37241	41.968895	77.860779	8.0384216	4.568296	-2	2	0	1	5	8.1641235	100	0	6.5072775	14.603555	57.916557	6.2301807	100	1.8614719	266.49365	43.411835	48.975441	7.0101829	8.3256779	-2	2	0	1	5	7.4761081	0	1	0	0	0	0	0	0	0	0	0	0	0	0	0	0	0	0	0	0	0	0	0	0	0	0	0	0	0	0	0	0	0	0	0	0	0	0	0	0	0	0	0	0	0	0	0	0	0	0	0	0	0	0	1	0	0	0	0	0	0	0	0	0	0	0	0	0	0	0
3	219	1983	17.401379	100	0	6.5072775	14.762882	36.344074	7.2820935	100	2.402564	346.12256	45.218143	69.677597	9.1409225	2.5915189	-2	2	0	1	4	8.7973585	100	0	6.5072775	14.665443	44.138111	6.7571802	100	.86956519	351.37241	41.968895	77.860779	8.0384216	4.568296	-2	2	0	1	5	8.1641235	0	0	1	0	0	0	0	0	0	0	0	0	0	0	0	0	0	0	0	0	0	0	0	0	0	0	0	0	0	0	0	0	0	0	0	0	0	0	0	0	0	0	0	0	0	0	0	0	0	0	0	0	0	0	1	0	0	0	0	0	0	0	0	0	0	0	0	0	0	0
5	219	1993	16.994396	100	0	6.5072775	15.008513	30.318768	8.3153934	100	3.1311238	323.89099	44.70369	72.785881	10.868979	3.1589324	-2	2	0	1	4.5999999	9.8429823	100	0	6.5072775	14.872965	31.082081	7.5653825	100	2.1446817	335.07697	45.6008	80.827423	9.9353218	2.7292297	-2	2	0	1	4	9.1249523	0	0	0	0	1	0	0	0	0	0	0	0	0	0	0	0	0	0	0	0	0	0	0	0	0	0	0	0	0	0	0	0	0	0	0	0	0	0	0	0	0	0	0	0	0	0	0	0	0	0	0	0	0	0	1	0	0	0	0	0	0	0	0	0	0	0	0	0	0	0
7	220	2003	37.93512	92.887772	0	10.781079	15.501909	25.985134	16.091743	55.831001	0	153.13316	36.580135	39.215141	9.4961605	4.4862418	9	9	0	0	1	8.6919537	92.981194	0	10.781037	15.501909	31.533939	16.08005	56.354599	0	127.85218	33.075825	21.812599	7.942729	6.4410338	8.1999998	8.1999998	0	0	1.6	8.273881	0	0	0	0	0	0	1	0	0	0	0	0	0	0	0	0	0	0	0	0	0	0	0	0	0	0	0	0	0	0	0	0	0	0	0	0	0	0	0	0	0	0	0	0	0	0	0	0	0	0	0	0	0	0	0	1	0	0	0	0	0	0	0	0	0	0	0	0	0	0
8	220	2008	34.017776	88.578743	0	10.780958	15.509249	21.797804	16.306122	55.125599	0	164.70816	36.519199	33.01162	10.724463	1.2451302	10	10	0	0	1	9.5777092	92.887772	0	10.781079	15.501909	25.985134	16.091743	55.831001	0	153.13316	36.580135	39.215141	9.4961605	4.4862418	9	9	0	0	1	8.6919537	0	0	0	0	0	0	0	1	0	0	0	0	0	0	0	0	0	0	0	0	0	0	0	0	0	0	0	0	0	0	0	0	0	0	0	0	0	0	0	0	0	0	0	0	0	0	0	0	0	0	0	0	0	0	0	1	0	0	0	0	0	0	0	0	0	0	0	0	0	0
2	227	1978	21.777937	93.336594	0	13.121423	17.420948	42.553699	17.331779	71.501404	.55555558	29.229918	39.85622	15.05266	9.0407658	18.158079	6.5999999	9	.40000001	1	2.5999999	8.3836193	100	0	13.121851	17.370695	44.376289	16.189651	68.157204	1.1596639	28.347075	40.542217	9.3667936	8.3194523	12.188088	-6.1999998	1	1	1	5	7.6459169	0	1	0	0	0	0	0	0	0	0	0	0	0	0	0	0	0	0	0	0	0	0	0	0	0	0	0	0	0	0	0	0	0	0	0	0	0	0	0	0	0	0	0	0	0	0	0	0	0	0	0	0	0	0	0	0	1	0	0	0	0	0	0	0	0	0	0	0	0	0
3	227	1983	27.442844	84.182129	0	13.121255	17.453096	38.291008	18.199759	73.643402	.54054052	38.808056	34.322918	31.332541	9.3818693	11.455576	9.8000002	9.8000002	0	1	1.4	8.452301	93.336594	0	13.121423	17.420948	42.553699	17.331779	71.501404	.55555558	29.229918	39.85622	15.05266	9.0407658	18.158079	6.5999999	9	.40000001	1	2.5999999	8.3836193	0	0	1	0	0	0	0	0	0	0	0	0	0	0	0	0	0	0	0	0	0	0	0	0	0	0	0	0	0	0	0	0	0	0	0	0	0	0	0	0	0	0	0	0	0	0	0	0	0	0	0	0	0	0	0	0	1	0	0	0	0	0	0	0	0	0	0	0	0	0
4	227	1988	30.627741	77.679565	0	13.121243	17.479073	32.36869	19.714756	74.895798	.52631581	36.238995	34.884785	41.865082	10.553315	7.3963141	10	10	0	1	1	9.1281528	84.182129	0	13.121255	17.453096	38.291008	18.199759	73.643402	.54054052	38.808056	34.322918	31.332541	9.3818693	11.455576	9.8000002	9.8000002	0	1	1.4	8.452301	0	0	0	1	0	0	0	0	0	0	0	0	0	0	0	0	0	0	0	0	0	0	0	0	0	0	0	0	0	0	0	0	0	0	0	0	0	0	0	0	0	0	0	0	0	0	0	0	0	0	0	0	0	0	0	0	1	0	0	0	0	0	0	0	0	0	0	0	0	0
5	227	1993	35.477058	72.728798	0	13.121243	17.479073	26.467257	21.809082	75.653999	0	38.925385	43.306057	53.2747	11.403737	5.3992238	10	10	0	1	1	9.5622835	77.679565	0	13.121243	17.479073	32.36869	19.714756	74.895798	.52631581	36.238995	34.884785	41.865082	10.553315	7.3963141	10	10	0	1	1	9.1281528	0	0	0	0	1	0	0	0	0	0	0	0	0	0	0	0	0	0	0	0	0	0	0	0	0	0	0	0	0	0	0	0	0	0	0	0	0	0	0	0	0	0	0	0	0	0	0	0	0	0	0	0	0	0	0	0	1	0	0	0	0	0	0	0	0	0	0	0	0	0
6	227	1998	33.642345	82.24437	0	13.121066	17.504391	22.530853	23.989828	76.099602	.51282054	53.68708	41.911037	63.8591	11.696032	2.8818021	10	10	0	1	1	9.617856	72.728798	0	13.121243	17.479073	26.467257	21.809082	75.653999	0	38.925385	43.306057	53.2747	11.403737	5.3992238	10	10	0	1	1	9.5622835	0	0	0	0	0	1	0	0	0	0	0	0	0	0	0	0	0	0	0	0	0	0	0	0	0	0	0	0	0	0	0	0	0	0	0	0	0	0	0	0	0	0	0	0	0	0	0	0	0	0	0	0	0	0	0	0	1	0	0	0	0	0	0	0	0	0	0	0	0	0
7	227	2003	27.198368	70.555687	0	13.120378	17.552954	21.139563	24.57781	76.525398	1.9291116	56.769028	37.203991	49.206699	12.611157	4.2188978	10	10	0	1	1	9.9107599	82.24437	0	13.121066	17.504391	22.530853	23.989828	76.099602	.51282054	53.68708	41.911037	63.8591	11.696032	2.8818021	10	10	0	1	1	9.617856	0	0	0	0	0	0	1	0	0	0	0	0	0	0	0	0	0	0	0	0	0	0	0	0	0	0	0	0	0	0	0	0	0	0	0	0	0	0	0	0	0	0	0	0	0	0	0	0	0	0	0	0	0	0	0	0	1	0	0	0	0	0	0	0	0	0	0	0	0	0
8	227	2008	28.142229	67.095589	0	13.120157	17.626471	21.538452	24.581209	77.050797	1.3337725	56.907059	38.162067	45.781898	13.263403	1.987766	10	10	0	1	1	10.356441	70.555687	0	13.120378	17.552954	21.139563	24.57781	76.525398	1.9291116	56.769028	37.203991	49.206699	12.611157	4.2188978	10	10	0	1	1	9.9107599	0	0	0	0	0	0	0	1	0	0	0	0	0	0	0	0	0	0	0	0	0	0	0	0	0	0	0	0	0	0	0	0	0	0	0	0	0	0	0	0	0	0	0	0	0	0	0	0	0	0	0	0	0	0	0	0	1	0	0	0	0	0	0	0	0	0	0	0	0	0
4	228	1988	26.581858	100	8.1999998	11.046276	16.636599	53.122208	8.6392918	17.513	1.25	62.647282	41.240929	95.058723	6.0879693	10.954454	5	6	1	0	3.4000001	6.0352983	100	3	11.046276	16.575191	57.387768	7.8579969	18.302	1.3333334	68.651917	48.160938	75.106079	5.5735126	14.155503	5.1999998	6.1999998	.60000002	0	2.5999999	5.8160982	0	0	0	1	0	0	0	0	0	0	0	0	0	0	0	0	0	0	0	0	0	0	0	0	0	0	0	0	0	0	0	0	0	0	0	0	0	0	0	0	0	0	0	0	0	0	0	0	0	0	0	0	0	0	0	0	0	1	0	0	0	0	0	0	0	0	0	0	0	0
5	228	1993	26.827017	100	5	11.046276	16.705883	47.77816	9.382679	16.743601	1.1764706	73.413979	45.40612	93.057259	6.7641816	9.7972383	5	6	1	0	4	6.4182587	100	8.1999998	11.046276	16.636599	53.122208	8.6392918	17.513	1.25	62.647282	41.240929	95.058723	6.0879693	10.954454	5	6	1	0	3.4000001	6.0352983	0	0	0	0	1	0	0	0	0	0	0	0	0	0	0	0	0	0	0	0	0	0	0	0	0	0	0	0	0	0	0	0	0	0	0	0	0	0	0	0	0	0	0	0	0	0	0	0	0	0	0	0	0	0	0	0	0	1	0	0	0	0	0	0	0	0	0	0	0	0
2	233	1978	33.281578	77.152649	0	12.924742	15.926917	31.380873	24.731834	82.944199	.24390244	57.566391	44.689548	34.34996	7.8052197	10.331476	10	10	0	0	1	9.4143963	100	0	12.924742	15.912283	32.172951	22.466867	82.051598	.49691358	52.848095	42.662899	28.78616	7.447803	9.0175562	10	10	0	0	1.25	8.7995739	0	1	0	0	0	0	0	0	0	0	0	0	0	0	0	0	0	0	0	0	0	0	0	0	0	0	0	0	0	0	0	0	0	0	0	0	0	0	0	0	0	0	0	0	0	0	0	0	0	0	0	0	0	0	0	0	0	0	1	0	0	0	0	0	0	0	0	0	0	0
6	233	1998	39.531178	66.862625	0	12.924742	15.999302	29.210695	27.011278	83.945198	.22727273	78.591637	45.271545	77.363899	10.926587	1.0394185	10	10	0	0	1	10.279536	66.881645	0	12.924742	15.981092	28.970503	27.600374	83.534401	.4624432	62.250381	48.770798	74.023216	9.8510866	3.5637021	10	10	0	0	1	10.214271	0	0	0	0	0	1	0	0	0	0	0	0	0	0	0	0	0	0	0	0	0	0	0	0	0	0	0	0	0	0	0	0	0	0	0	0	0	0	0	0	0	0	0	0	0	0	0	0	0	0	0	0	0	0	0	0	0	0	1	0	0	0	0	0	0	0	0	0	0	0
7	233	2003	35.807568	64.680191	0	12.924742	16.006031	27.44421	26.438822	84.201797	.22471911	84.175667	44.579742	55.911926	11.868585	1.3736402	10	10	0	0	1	10.418845	66.862625	0	12.924742	15.999302	29.210695	27.011278	83.945198	.22727273	78.591637	45.271545	77.363899	10.926587	1.0394185	10	10	0	0	1	10.279536	0	0	0	0	0	0	1	0	0	0	0	0	0	0	0	0	0	0	0	0	0	0	0	0	0	0	0	0	0	0	0	0	0	0	0	0	0	0	0	0	0	0	0	0	0	0	0	0	0	0	0	0	0	0	0	0	0	0	1	0	0	0	0	0	0	0	0	0	0	0
3	234	1983	18.335051	50.961025	0	10.596635	15.66861	27.545498	20.680323	61.959599	.6299603	71.494942	41.245705	38.869099	9.1484308	4.28128	10	10	0	1	1	9.6916456	54.150406	0	10.596635	15.65921	32.226791	20.265402	57.198002	0	66.752342	44.61982	45.72998	8.8629169	2.2591364	10	10	0	1	1	9.5177841	0	0	1	0	0	0	0	0	0	0	0	0	0	0	0	0	0	0	0	0	0	0	0	0	0	0	0	0	0	0	0	0	0	0	0	0	0	0	0	0	0	0	0	0	0	0	0	0	0	0	0	0	0	0	0	0	0	0	0	1	0	0	0	0	0	0	0	0	0	0
6	234	1998	26.673317	59.608845	0	10.596635	15.778402	26.132612	22.341076	73.4244	.56740445	76.02861	41.63443	60.899361	11.337128	.38527259	10	10	0	1	1	10.573245	51.084408	0	10.596635	15.743985	25.554708	21.536602	73.420403	.8824802	66.963379	39.705593	48.724899	10.887919	2.3555796	10	10	0	1	1	10.575119	0	0	0	0	0	1	0	0	0	0	0	0	0	0	0	0	0	0	0	0	0	0	0	0	0	0	0	0	0	0	0	0	0	0	0	0	0	0	0	0	0	0	0	0	0	0	0	0	0	0	0	0	0	0	0	0	0	0	0	1	0	0	0	0	0	0	0	0	0	0
7	234	2003	19.320833	51.394676	0	10.596635	15.806068	24.785034	23.112709	73.403	.55175036	83.247353	43.456799	68.130836	12.005845	.75510782	10	10	0	1	1	10.702555	59.608845	0	10.596635	15.778402	26.132612	22.341076	73.4244	.56740445	76.02861	41.63443	60.899361	11.337128	.38527259	10	10	0	1	1	10.573245	0	0	0	0	0	0	1	0	0	0	0	0	0	0	0	0	0	0	0	0	0	0	0	0	0	0	0	0	0	0	0	0	0	0	0	0	0	0	0	0	0	0	0	0	0	0	0	0	0	0	0	0	0	0	0	0	0	0	0	1	0	0	0	0	0	0	0	0	0	0
7	240	2003	20.000893	95.196579	0	13.143909	17.995911	33.058006	10.942774	31.8018	1.2602333	123.70484	45.288502	51.00864	10.768716	2.3654535	9	9	0	1	2.2	7.7485638	94.175354	0	13.143909	17.936035	36.855152	9.4070311	30.7962	1.0001853	100.49267	46.995468	24.517275	10.121359	2.9238839	9	9	0	1	2.4000001	7.7112832	0	0	0	0	0	0	1	0	0	0	0	0	0	0	0	0	0	0	0	0	0	0	0	0	0	0	0	0	0	0	0	0	0	0	0	0	0	0	0	0	0	0	0	0	0	0	0	0	0	0	0	0	0	0	0	0	0	0	0	0	1	0	0	0	0	0	0	0	0	0
8	243	2008	20.091049	100	0	10.903935	15.569468	71.881073	5.9470105	36.5938	2.7568762	96.640091	34.777401	84.233803	7.1857152	3.8962405	-3.5999999	6.1999998	0	.40000001	5.1999998	6.1910834	100	0	10.903935	15.459759	77.4011	5.8859582	34.2738	2.3402059	93.413643	34.598831	94.665863	6.6805844	2.980448	-2.4000001	6	0	1	5.8000002	5.7849717	0	0	0	0	0	0	0	1	0	0	0	0	0	0	0	0	0	0	0	0	0	0	0	0	0	0	0	0	0	0	0	0	0	0	0	0	0	0	0	0	0	0	0	0	0	0	0	0	0	0	0	0	0	0	0	0	0	0	0	0	0	1	0	0	0	0	0	0	0	0
4	246	1988	30.756199	100	0	8.542861	13.997832	57.022362	9.100503	8.9591999	0	82.132912	40.826836	50.400002	8.0029926	6.0865102	9	9	0	1	1	8.2700205	100	0	8.542861	13.945625	56.09166	9.1263514	10.1034	1.8181819	79.991814	48.326698	12.2	7.9009819	6.2867441	8.3999996	7.8000002	0	1	1	8.8077326	0	0	0	1	0	0	0	0	0	0	0	0	0	0	0	0	0	0	0	0	0	0	0	0	0	0	0	0	0	0	0	0	0	0	0	0	0	0	0	0	0	0	0	0	0	0	0	0	0	0	0	0	0	0	0	0	0	0	0	0	0	0	1	0	0	0	0	0	0	0
5	246	1993	28.069365	95.564255	0	8.542861	14.029849	53.542713	9.1251249	9.1868	1.6666666	82.944786	38.551601	57.799999	8.2873831	6.6417761	9	9	0	1	1	8.3213091	100	0	8.542861	13.997832	57.022362	9.100503	8.9591999	0	82.132912	40.826836	50.400002	8.0029926	6.0865102	9	9	0	1	1	8.2700205	0	0	0	0	1	0	0	0	0	0	0	0	0	0	0	0	0	0	0	0	0	0	0	0	0	0	0	0	0	0	0	0	0	0	0	0	0	0	0	0	0	0	0	0	0	0	0	0	0	0	0	0	0	0	0	0	0	0	0	0	0	0	1	0	0	0	0	0	0	0
2	247	1978	23.85557	100	0	11.953501	15.629562	79.482101	6.760488	49.376598	2.7097082	67.327446	41.372581	35.728649	7.4213729	8.4404783	-9	1	1	1	6	7.0069451	100	0	11.953501	15.505106	87.003807	6.9930363	45.945599	1.8881375	52.467609	43.820034	34.50108	6.5343032	9.2640181	-9	1	1	1	6	6.3253508	0	1	0	0	0	0	0	0	0	0	0	0	0	0	0	0	0	0	0	0	0	0	0	0	0	0	0	0	0	0	0	0	0	0	0	0	0	0	0	0	0	0	0	0	0	0	0	0	0	0	0	0	0	0	0	0	0	0	0	0	0	0	0	1	0	0	0	0	0	0
3	247	1983	27.18968	100	0	11.953501	15.757882	74.049667	7.0675302	52.530998	2.6720431	72.159355	41.06134	40.52454	8.3700924	10.139484	-8	2	1	1	5	7.1703582	100	0	11.953501	15.629562	79.482101	6.760488	49.376598	2.7097082	67.327446	41.372581	35.728649	7.4213729	8.4404783	-9	1	1	1	6	7.0069451	0	0	1	0	0	0	0	0	0	0	0	0	0	0	0	0	0	0	0	0	0	0	0	0	0	0	0	0	0	0	0	0	0	0	0	0	0	0	0	0	0	0	0	0	0	0	0	0	0	0	0	0	0	0	0	0	0	0	0	0	0	0	0	1	0	0	0	0	0	0
4	247	1988	28.51251	100	0	11.953501	15.876822	68.842201	7.6025567	56.3032	2.3539236	73.073494	38.571884	54.368259	8.61343	5.94067	-5.5999999	2.8	1	1	5.5999999	7.2649679	100	0	11.953501	15.757882	74.049667	7.0675302	52.530998	2.6720431	72.159355	41.06134	40.52454	8.3700924	10.139484	-8	2	1	1	5	7.1703582	0	0	0	1	0	0	0	0	0	0	0	0	0	0	0	0	0	0	0	0	0	0	0	0	0	0	0	0	0	0	0	0	0	0	0	0	0	0	0	0	0	0	0	0	0	0	0	0	0	0	0	0	0	0	0	0	0	0	0	0	0	0	0	1	0	0	0	0	0	0
5	247	1993	29.659456	100	0	11.953501	15.973995	61.075336	9.0339317	60.062801	1.8808489	79.719162	39.566498	58.4562	9.0569534	5.4593701	-3.8	4.8000002	1	1	5.8000002	7.5728216	100	0	11.953501	15.876822	68.842201	7.6025567	56.3032	2.3539236	73.073494	38.571884	54.368259	8.61343	5.94067	-5.5999999	2.8	1	1	5.5999999	7.2649679	0	0	0	0	1	0	0	0	0	0	0	0	0	0	0	0	0	0	0	0	0	0	0	0	0	0	0	0	0	0	0	0	0	0	0	0	0	0	0	0	0	0	0	0	0	0	0	0	0	0	0	0	0	0	0	0	0	0	0	0	0	0	0	1	0	0	0	0	0	0
6	247	1998	29.018215	100	0	11.953501	16.04541	51.147594	9.9351244	62.6488	1.3000276	79.484291	40.68993	59.862541	9.2501478	5.6796679	-3	6	1	1	6	7.7610469	100	0	11.953501	15.973995	61.075336	9.0339317	60.062801	1.8808489	79.719162	39.566498	58.4562	9.0569534	5.4593701	-3.8	4.8000002	1	1	5.8000002	7.5728216	0	0	0	0	0	1	0	0	0	0	0	0	0	0	0	0	0	0	0	0	0	0	0	0	0	0	0	0	0	0	0	0	0	0	0	0	0	0	0	0	0	0	0	0	0	0	0	0	0	0	0	0	0	0	0	0	0	0	0	0	0	0	0	1	0	0	0	0	0	0
7	247	2003	29.291536	100	0	11.953501	16.08753	41.518833	10.15556	64.4496	.82062072	86.892082	40.188278	57.9991	9.6209307	3.043968	-3.8	6	1	1	6	7.9255209	100	0	11.953501	16.04541	51.147594	9.9351244	62.6488	1.3000276	79.484291	40.68993	59.862541	9.2501478	5.6796679	-3	6	1	1	6	7.7610469	0	0	0	0	0	0	1	0	0	0	0	0	0	0	0	0	0	0	0	0	0	0	0	0	0	0	0	0	0	0	0	0	0	0	0	0	0	0	0	0	0	0	0	0	0	0	0	0	0	0	0	0	0	0	0	0	0	0	0	0	0	0	0	1	0	0	0	0	0	0
5	248	1993	16.686108	100	3	13.553665	17.858253	56.929127	6.7204351	60.955002	1.7868544	28.76144	44.079079	32.09642	9.0518036	76.699883	8.3999996	8.3999996	0	0	3.5999999	8.2187929	100	3	13.553665	17.766384	63.202782	6.2630835	56.500999	1.962294	26.102312	45.170586	35.283958	7.9412804	54.457279	7.8000002	9	0	0	2.4000001	7.8461804	0	0	0	0	1	0	0	0	0	0	0	0	0	0	0	0	0	0	0	0	0	0	0	0	0	0	0	0	0	0	0	0	0	0	0	0	0	0	0	0	0	0	0	0	0	0	0	0	0	0	0	0	0	0	0	0	0	0	0	0	0	0	0	0	1	0	0	0	0	0
6	248	1998	25.033674	100	2.4000001	13.553665	17.942385	50.422924	7.6515903	63.693802	1.3227658	41.193169	41.114395	41.570961	9.6078081	80.009659	7.1999998	6.4000001	0	0	4	8.3333445	100	3	13.553665	17.858253	56.929127	6.7204351	60.955002	1.7868544	28.76144	44.079079	32.09642	9.0518036	76.699883	8.3999996	8.3999996	0	0	3.5999999	8.2187929	0	0	0	0	0	1	0	0	0	0	0	0	0	0	0	0	0	0	0	0	0	0	0	0	0	0	0	0	0	0	0	0	0	0	0	0	0	0	0	0	0	0	0	0	0	0	0	0	0	0	0	0	0	0	0	0	0	0	0	0	0	0	0	0	1	0	0	0	0	0
7	248	2003	36.800232	100	0	13.553665	18.008036	44.883347	8.4031363	66.000999	1.5391904	48.706619	41.44838	66.025383	10.374927	26.605978	7	6	0	0	3.2	8.431633	100	2.4000001	13.553665	17.942385	50.422924	7.6515903	63.693802	1.3227658	41.193169	41.114395	41.570961	9.6078081	80.009659	7.1999998	6.4000001	0	0	4	8.3333445	0	0	0	0	0	0	1	0	0	0	0	0	0	0	0	0	0	0	0	0	0	0	0	0	0	0	0	0	0	0	0	0	0	0	0	0	0	0	0	0	0	0	0	0	0	0	0	0	0	0	0	0	0	0	0	0	0	0	0	0	0	0	0	0	1	0	0	0	0	0
7	252	2003	21.635592	80.214165	0	12.205122	17.102955	100.31138	5.3606033	12.7816	3.8575907	36.670429	43.233154	79.32222	7.2557001	4.6036139	-3.4000001	2.8	1	1	5.4000001	5.6524124	81.896133	0	12.205122	16.932432	100.09387	5.5969405	11.9144	2.7310371	33.50647	40.152245	76.787323	6.5017886	5.4915257	-4	2	1	1	4.5999999	5.6604705	0	0	0	0	0	0	1	0	0	0	0	0	0	0	0	0	0	0	0	0	0	0	0	0	0	0	0	0	0	0	0	0	0	0	0	0	0	0	0	0	0	0	0	0	0	0	0	0	0	0	0	0	0	0	0	0	0	0	0	0	0	0	0	0	0	1	0	0	0	0
8	252	2008	16.661098	79.900375	0	12.205122	17.248455	99.392555	5.1377091	14.394	3.2325437	50.262447	41.194221	30.642099	8.431922	8.0415277	-1	6	1	1	5	6.1596498	80.214165	0	12.205122	17.102955	100.31138	5.3606033	12.7816	3.8575907	36.670429	43.233154	79.32222	7.2557001	4.6036139	-3.4000001	2.8	1	1	5.4000001	5.6524124	0	0	0	0	0	0	0	1	0	0	0	0	0	0	0	0	0	0	0	0	0	0	0	0	0	0	0	0	0	0	0	0	0	0	0	0	0	0	0	0	0	0	0	0	0	0	0	0	0	0	0	0	0	0	0	0	0	0	0	0	0	0	0	0	0	1	0	0	0	0
2	256	1978	35.876926	76.443222	0	12.396403	17.840862	34.692451	23.055315	78.161797	0	55.46666	39.44408	49.17334	10.545628	14.89234	10	10	0	1	1	8.6970558	80.372955	0	12.396403	17.840862	37.991673	21.78277	77.456596	0	49.063042	38.828495	56.087502	9.8380356	13.334664	10	10	0	1	1	8.0824652	0	1	0	0	0	0	0	0	0	0	0	0	0	0	0	0	0	0	0	0	0	0	0	0	0	0	0	0	0	0	0	0	0	0	0	0	0	0	0	0	0	0	0	0	0	0	0	0	0	0	0	0	0	0	0	0	0	0	0	0	0	0	0	0	0	0	1	0	0	0
3	256	1983	38.769569	77.140617	.2	12.396403	17.844402	30.476444	23.112309	78.426399	.35714287	52.992786	42.365887	48.84848	10.905161	6.9439158	10	10	0	1	1	9.0369921	76.443222	0	12.396403	17.840862	34.692451	23.055315	78.161797	0	55.46666	39.44408	49.17334	10.545628	14.89234	10	10	0	1	1	8.6970558	0	0	1	0	0	0	0	0	0	0	0	0	0	0	0	0	0	0	0	0	0	0	0	0	0	0	0	0	0	0	0	0	0	0	0	0	0	0	0	0	0	0	0	0	0	0	0	0	0	0	0	0	0	0	0	0	0	0	0	0	0	0	0	0	0	0	1	0	0	0
2	257	1978	20.241285	91.736633	0	16.034714	19.235809	35.879456	16.718824	73.704002	.90909094	18.172979	40.532978	36.340225	11.195516	7.1976519	10	10	1	1	1	9.2107725	100	0	16.034714	19.190531	41.821613	16.083158	73.632599	.95238096	13.984634	40.876785	34.069141	10.328597	6.62181	10	10	1	1	1	8.7450171	0	1	0	0	0	0	0	0	0	0	0	0	0	0	0	0	0	0	0	0	0	0	0	0	0	0	0	0	0	0	0	0	0	0	0	0	0	0	0	0	0	0	0	0	0	0	0	0	0	0	0	0	0	0	0	0	0	0	0	0	0	0	0	0	0	0	0	1	0	0
3	257	1983	22.788088	60.172878	0	16.034714	19.279125	33.158051	17.556871	74.191597	.86956519	18.16678	40.946095	48.711021	12.209632	5.2468061	10	10	1	1	1	9.6198006	91.736633	0	16.034714	19.235809	35.879456	16.718824	73.704002	.90909094	18.172979	40.532978	36.340225	11.195516	7.1976519	10	10	1	1	1	9.2107725	0	0	1	0	0	0	0	0	0	0	0	0	0	0	0	0	0	0	0	0	0	0	0	0	0	0	0	0	0	0	0	0	0	0	0	0	0	0	0	0	0	0	0	0	0	0	0	0	0	0	0	0	0	0	0	0	0	0	0	0	0	0	0	0	0	0	0	1	0	0
4	257	1988	22.233704	57.950474	0	16.034714	19.328808	32.858849	18.57766	74.9776	.83333331	19.281872	42.875755	61.639938	12.874469	3.1317439	10	10	1	1	1	9.9205456	60.172878	0	16.034714	19.279125	33.158051	17.556871	74.191597	.86956519	18.16678	40.946095	48.711021	12.209632	5.2468061	10	10	1	1	1	9.6198006	0	0	0	1	0	0	0	0	0	0	0	0	0	0	0	0	0	0	0	0	0	0	0	0	0	0	0	0	0	0	0	0	0	0	0	0	0	0	0	0	0	0	0	0	0	0	0	0	0	0	0	0	0	0	0	0	0	0	0	0	0	0	0	0	0	0	0	1	0	0
5	257	1993	22.605186	54.197662	0	16.034714	19.383739	33.324951	19.219519	76.470001	1.5692308	21.430338	45.008877	70.847038	13.288899	2.4402261	10	10	1	1	1	10.142717	57.950474	0	16.034714	19.328808	32.858849	18.57766	74.9776	.83333331	19.281872	42.875755	61.639938	12.874469	3.1317439	10	10	1	1	1	9.9205456	0	0	0	0	1	0	0	0	0	0	0	0	0	0	0	0	0	0	0	0	0	0	0	0	0	0	0	0	0	0	0	0	0	0	0	0	0	0	0	0	0	0	0	0	0	0	0	0	0	0	0	0	0	0	0	0	0	0	0	0	0	0	0	0	0	0	0	1	0	0
3	258	1983	22.822044	100	0	12.072656	14.907343	42.98801	17.165398	86.473999	.68965518	39.055168	40.933537	63.72768	6.0396028	45.92094	-3.8	2.8	1	0	4.4000001	7.7805805	100	0	12.072656	14.873203	43.39299	16.159201	84.591202	.71428573	36.972679	40.953609	22.29722	5.5540442	56.734058	-7.4000001	1	1	0	5.8000002	7.6467905	0	0	1	0	0	0	0	0	0	0	0	0	0	0	0	0	0	0	0	0	0	0	0	0	0	0	0	0	0	0	0	0	0	0	0	0	0	0	0	0	0	0	0	0	0	0	0	0	0	0	0	0	0	0	0	0	0	0	0	0	0	0	0	0	0	0	0	0	1	0
4	258	1988	22.4107	97.937126	0	12.072656	14.933797	42.294254	18.113424	88.261398	.66666669	40.259724	40.108265	77.302101	6.2729654	80.26004	9.3999996	10	1	0	1.6	7.8806186	100	0	12.072656	14.907343	42.98801	17.165398	86.473999	.68965518	39.055168	40.933537	63.72768	6.0396028	45.92094	-3.8	2.8	1	0	4.4000001	7.7805805	0	0	0	1	0	0	0	0	0	0	0	0	0	0	0	0	0	0	0	0	0	0	0	0	0	0	0	0	0	0	0	0	0	0	0	0	0	0	0	0	0	0	0	0	0	0	0	0	0	0	0	0	0	0	0	0	0	0	0	0	0	0	0	0	0	0	0	0	1	0
5	258	1993	26.348696	89.912994	0	12.072656	14.972312	40.562668	19.338341	89.914398	.64516127	36.672897	40.227005	36.73502	6.9455523	57.657799	10	10	1	0	1.6	8.52946	97.937126	0	12.072656	14.933797	42.294254	18.113424	88.261398	.66666669	40.259724	40.108265	77.302101	6.2729654	80.26004	9.3999996	10	1	0	1.6	7.8806186	0	0	0	0	1	0	0	0	0	0	0	0	0	0	0	0	0	0	0	0	0	0	0	0	0	0	0	0	0	0	0	0	0	0	0	0	0	0	0	0	0	0	0	0	0	0	0	0	0	0	0	0	0	0	0	0	0	0	0	0	0	0	0	0	0	0	0	0	1	0
6	258	1998	27.415033	95.591957	0	12.072656	15.003279	39.548172	20.507938	91.011803	.625	35.94733	41.091263	36.906658	7.4568715	14.833242	10	10	1	0	1	8.885294	89.912994	0	12.072656	14.972312	40.562668	19.338341	89.914398	.64516127	36.672897	40.227005	36.73502	6.9455523	57.657799	10	10	1	0	1.6	8.52946	0	0	0	0	0	1	0	0	0	0	0	0	0	0	0	0	0	0	0	0	0	0	0	0	0	0	0	0	0	0	0	0	0	0	0	0	0	0	0	0	0	0	0	0	0	0	0	0	0	0	0	0	0	0	0	0	0	0	0	0	0	0	0	0	0	0	0	0	1	0
7	258	2003	24.864895	100	0	12.072656	15.009433	38.562763	21.267534	91.684998	0	49.690403	42.122612	80.473717	7.6269207	8.9534979	10	10	1	0	1	8.428689	95.591957	0	12.072656	15.003279	39.548172	20.507938	91.011803	.625	35.94733	41.091263	36.906658	7.4568715	14.833242	10	10	1	0	1	8.885294	0	0	0	0	0	0	1	0	0	0	0	0	0	0	0	0	0	0	0	0	0	0	0	0	0	0	0	0	0	0	0	0	0	0	0	0	0	0	0	0	0	0	0	0	0	0	0	0	0	0	0	0	0	0	0	0	0	0	0	0	0	0	0	0	0	0	0	0	1	0
8	258	2008	28.846323	100	0	12.072656	15.021374	36.36726	21.535421	92.241798	.60606062	58.8918	42.895767	62.698059	8.9438124	6.8424659	10	10	1	0	1	9.0262337	100	0	12.072656	15.009433	38.562763	21.267534	91.684998	0	49.690403	42.122612	80.473717	7.6269207	8.9534979	10	10	1	0	1	8.428689	0	0	0	0	0	0	0	1	0	0	0	0	0	0	0	0	0	0	0	0	0	0	0	0	0	0	0	0	0	0	0	0	0	0	0	0	0	0	0	0	0	0	0	0	0	0	0	0	0	0	0	0	0	0	0	0	0	0	0	0	0	0	0	0	0	0	0	0	1	0
2	262	1978	16.194618	100	0	13.690004	16.467344	75.582092	5.6282444	77.825401	2.9670329	56.792603	42.101692	13.741734	6.1970797	13.898988	9	10	1	0	1	8.153471	100	0	13.690004	16.281622	84.176315	5.6023636	74.212402	3.4848485	48.08503	42.766537	6.2095923	7.146666	15.910456	9	10	1	0	2	7.5206265	0	1	0	0	0	0	0	0	0	0	0	0	0	0	0	0	0	0	0	0	0	0	0	0	0	0	0	0	0	0	0	0	0	0	0	0	0	0	0	0	0	0	0	0	0	0	0	0	0	0	0	0	0	0	0	0	0	0	0	0	0	0	0	0	0	0	0	0	0	1
3	262	1983	20.560974	100	0	13.690004	16.599442	69.342522	5.7484384	80.829002	2.5833333	45.692043	44.409485	23.76074	7.0630517	9.6517296	9	10	1	0	1	8.3619938	100	0	13.690004	16.467344	75.582092	5.6282444	77.825401	2.9670329	56.792603	42.101692	13.741734	6.1970797	13.898988	9	10	1	0	1	8.153471	0	0	1	0	0	0	0	0	0	0	0	0	0	0	0	0	0	0	0	0	0	0	0	0	0	0	0	0	0	0	0	0	0	0	0	0	0	0	0	0	0	0	0	0	0	0	0	0	0	0	0	0	0	0	0	0	0	0	0	0	0	0	0	0	0	0	0	0	0	1
4	262	1988	19.684895	100	0	13.690004	16.748581	66.249519	6.1106825	83.340401	3.3402133	50.611729	42.063255	52.001362	7.3716922	37.675896	9	10	1	0	1	7.8891401	100	0	13.690004	16.599442	69.342522	5.7484384	80.829002	2.5833333	45.692043	44.409485	23.76074	7.0630517	9.6517296	9	10	1	0	1	8.3619938	0	0	0	1	0	0	0	0	0	0	0	0	0	0	0	0	0	0	0	0	0	0	0	0	0	0	0	0	0	0	0	0	0	0	0	0	0	0	0	0	0	0	0	0	0	0	0	0	0	0	0	0	0	0	0	0	0	0	0	0	0	0	0	0	0	0	0	0	0	1
5	262	1993	20.180536	100	0	13.690004	16.868883	62.27269	6.6619506	86.105598	1.9523809	54.957973	42.191032	62.718834	8.5576839	39.198021	8.1999998	9.1999998	1	0	2.5999999	7.9465995	100	0	13.690004	16.748581	66.249519	6.1106825	83.340401	3.3402133	50.611729	42.063255	52.001362	7.3716922	37.675896	9	10	1	0	1	7.8891401	0	0	0	0	1	0	0	0	0	0	0	0	0	0	0	0	0	0	0	0	0	0	0	0	0	0	0	0	0	0	0	0	0	0	0	0	0	0	0	0	0	0	0	0	0	0	0	0	0	0	0	0	0	0	0	0	0	0	0	0	0	0	0	0	0	0	0	0	0	1
6	262	1998	20.742666	100	0	13.690004	16.959139	56.825775	7.1867685	88.861397	1.7786561	48.790451	45.858925	41.399738	10.204988	45.696178	7.5999999	9	1	0	2.5999999	8.2620583	100	0	13.690004	16.868883	62.27269	6.6619506	86.105598	1.9523809	54.957973	42.191032	62.718834	8.5576839	39.198021	8.1999998	9.1999998	1	0	2.5999999	7.9465995	0	0	0	0	0	1	0	0	0	0	0	0	0	0	0	0	0	0	0	0	0	0	0	0	0	0	0	0	0	0	0	0	0	0	0	0	0	0	0	0	0	0	0	0	0	0	0	0	0	0	0	0	0	0	0	0	0	0	0	0	0	0	0	0	0	0	0	0	0	1
7	262	2003	26.397299	100	0	13.690004	17.065466	51.215034	7.5885062	91.102203	2.402564	51.357758	44.966774	41.378738	10.626535	27.902281	6	7	1	0	3.2	8.3543253	100	0	13.690004	16.959139	56.825775	7.1867685	88.861397	1.7786561	48.790451	45.858925	41.399738	10.204988	45.696178	7.5999999	9	1	0	2.5999999	8.2620583	0	0	0	0	0	0	1	0	0	0	0	0	0	0	0	0	0	0	0	0	0	0	0	0	0	0	0	0	0	0	0	0	0	0	0	0	0	0	0	0	0	0	0	0	0	0	0	0	0	0	0	0	0	0	0	0	0	0	0	0	0	0	0	0	0	0	0	0	0	1
