period	cc	year	CG_7_GDP	centralization	warfare	area	population	depend15	depend64	urban	pop_growth	trade	gini_gross	debt	fdi_liab	inflation	democracy	pol_comp	presidential	plurality	pol_rights	gdp_pc	lcentralization	lwarfare	larea	lpopulation	ldepend15	ldepend64	lurban	lpop_growth	ltrade	lgini_gross	ldebt	lfdi_liab	linflation	ldemocracy	lpol_comp	lpresidential	lplurality	lpol_rights	lgdp_pc	per01	per02	per03	per04	per05	per06	per07	per08	cc1	cc2	cc3	cc4	cc5	cc6	cc7	cc8	cc9	cc10	cc11	cc12	cc13	cc14	cc15	cc16	cc17	cc18	cc19	cc20	cc21	cc22	cc23	cc24	cc25	cc26	cc27	cc28	cc29	cc30	cc31	cc32	cc33	cc34	cc35	cc36	cc37	cc38	cc39	cc40	cc41	cc42	cc43
6	3	1998	29.880131	100	4	14.690979	17.209705	61.342094	6.6240325	58.870998	2.0014832	53.029591	35.887875	73.647102	8.0497398	12.669454	-3	6	1	.40000001	6	7.4153013	100	4	14.690979	17.118347	74.94075	6.5871291	54.432201	2.2242572	50.368752	36.735027	86.311401	7.6776681	29.398741	-5.1999998	3.2	1	1	6.1999998	7.4387007	0	0	0	0	0	1	0	0	1	0	0	0	0	0	0	0	0	0	0	0	0	0	0	0	0	0	0	0	0	0	0	0	0	0	0	0	0	0	0	0	0	0	0	0	0	0	0	0	0	0	0
7	3	2003	31.353262	100	3.2	14.690979	17.274702	48.927296	6.7844119	64.328201	1.2310606	63.789024	35.766525	47.548241	8.8046598	7.2033939	-1	6	1	0	6	7.7130532	100	4	14.690979	17.209705	61.342094	6.6240325	58.870998	2.0014832	53.029591	35.887875	73.647102	8.0497398	12.669454	-3	6	1	.40000001	6	7.4153013	0	0	0	0	0	0	1	0	1	0	0	0	0	0	0	0	0	0	0	0	0	0	0	0	0	0	0	0	0	0	0	0	0	0	0	0	0	0	0	0	0	0	0	0	0	0	0	0	0	0	0
7	6	2003	34.03574	100	2.4000001	13.997832	16.535578	95.644615	4.928041	51.960602	4.0119047	141.15469	59.220188	59.806541	9.5209789	80.059143	-2.2	7.5999999	1	0	6	6.9318309	100	6	13.997832	16.394094	95.538322	4.9884677	46.9874	3.2051282	154.09622	51.964218	135.23801	8.4992723	1300.8677	-2.8	6	1	0	6	6.2832885	0	0	0	0	0	0	1	0	0	1	0	0	0	0	0	0	0	0	0	0	0	0	0	0	0	0	0	0	0	0	0	0	0	0	0	0	0	0	0	0	0	0	0	0	0	0	0	0	0	0	0
3	10	1983	13.610382	72.296562	.2	14.808763	17.196367	50.636185	13.634814	84.177597	1.4039409	15.048242	41.172844	40.985859	8.3517094	385.7738	1.6	5	1	0	3.8	8.2158976	87.5	3	14.808763	17.118347	48.094734	12.591663	82.119797	1.5099715	13.97912	40.577187	14.48082	7.7063375	199.46796	-9	1	1	0	6	8.2727804	0	0	1	0	0	0	0	0	0	0	1	0	0	0	0	0	0	0	0	0	0	0	0	0	0	0	0	0	0	0	0	0	0	0	0	0	0	0	0	0	0	0	0	0	0	0	0	0	0	0	0
4	10	1988	11.949428	61.714081	0	14.808763	17.274702	51.133274	14.468559	86.205597	1.9368279	16.000284	43.631573	60.969524	8.8388939	1144.8917	7.5999999	7.4000001	1	0	1.6	8.14785	72.296562	.2	14.808763	17.196367	50.636185	13.634814	84.177597	1.4039409	15.048242	41.172844	40.985859	8.3517094	385.7738	1.6	5	1	0	3.8	8.2158976	0	0	0	1	0	0	0	0	0	0	1	0	0	0	0	0	0	0	0	0	0	0	0	0	0	0	0	0	0	0	0	0	0	0	0	0	0	0	0	0	0	0	0	0	0	0	0	0	0	0	0
5	10	1993	13.809123	56.823685	0	14.808763	17.341698	48.811382	15.171429	87.986	1.1942959	16.497944	44.474213	36.520119	9.827117	34.231953	7	9	1	0	1.8	8.8322802	61.714081	0	14.808763	17.274702	51.133274	14.468559	86.205597	1.9368279	16.000284	43.631573	60.969524	8.8388939	1144.8917	7.5999999	7.4000001	1	0	1.6	8.14785	0	0	0	0	1	0	0	0	0	0	1	0	0	0	0	0	0	0	0	0	0	0	0	0	0	0	0	0	0	0	0	0	0	0	0	0	0	0	0	0	0	0	0	0	0	0	0	0	0	0	0
6	10	1998	15.984253	58.222885	0	14.808763	17.404354	45.86274	15.690331	89.536598	1.1269841	22.420864	47.471855	39.122898	10.80127	-.604168	7.4000001	9	1	0	2	8.9781189	56.823685	0	14.808763	17.341698	48.811382	15.171429	87.986	1.1942959	16.497944	44.474213	36.520119	9.827117	34.231953	7	9	1	0	1.8	8.8322802	0	0	0	0	0	1	0	0	0	0	1	0	0	0	0	0	0	0	0	0	0	0	0	0	0	0	0	0	0	0	0	0	0	0	0	0	0	0	0	0	0	0	0	0	0	0	0	0	0	0	0
7	10	2003	18.929899	63.429813	0	14.808763	17.452959	42.830132	15.964285	90.879204	1.0668564	37.947021	48.536751	114.37478	10.905325	11.700214	8	9	1	0	2.4000001	8.3354874	58.222885	0	14.808763	17.404354	45.86274	15.690331	89.536598	1.1269841	22.420864	47.471855	39.122898	10.80127	-.604168	7.4000001	9	1	0	2	8.9781189	0	0	0	0	0	0	1	0	0	0	1	0	0	0	0	0	0	0	0	0	0	0	0	0	0	0	0	0	0	0	0	0	0	0	0	0	0	0	0	0	0	0	0	0	0	0	0	0	0	0	0
3	13	1983	22.41938	63.06282	0	15.85673	16.549376	36.837376	15.300754	85.580002	1.3333334	30.772429	40.300171	19.515881	10.329762	8.7782564	10	10	0	1	1	9.4490099	63.920673	0	15.85673	16.482164	40.501751	14.350421	85.824402	1.4285715	30.137421	33.97942	22.0805	9.7699699	10.459136	10	10	0	1	1	9.1619825	0	0	1	0	0	0	0	0	0	0	0	1	0	0	0	0	0	0	0	0	0	0	0	0	0	0	0	0	0	0	0	0	0	0	0	0	0	0	0	0	0	0	0	0	0	0	0	0	0	0	0
4	13	1988	21.879416	60.741421	0	15.85673	16.624474	33.918526	16.290024	85.424004	1.25	32.343185	42.624836	22.92864	10.98873	7.157136	10	10	0	1	1	9.6772041	63.06282	0	15.85673	16.549376	36.837376	15.300754	85.580002	1.3333334	30.772429	40.300171	19.515881	10.329762	8.7782564	10	10	0	1	1	9.4490099	0	0	0	1	0	0	0	0	0	0	0	1	0	0	0	0	0	0	0	0	0	0	0	0	0	0	0	0	0	0	0	0	0	0	0	0	0	0	0	0	0	0	0	0	0	0	0	0	0	0	0
5	13	1993	24.017452	57.83905	0	15.85673	16.69445	32.513485	17.619452	85.823601	1.1764706	36.097652	41.86216	28.545919	11.42436	1.710936	10	10	0	1	1	9.8759394	60.741421	0	15.85673	16.624474	33.918526	16.290024	85.424004	1.25	32.343185	42.624836	22.92864	10.98873	7.157136	10	10	0	1	1	9.6772041	0	0	0	0	1	0	0	0	0	0	0	1	0	0	0	0	0	0	0	0	0	0	0	0	0	0	0	0	0	0	0	0	0	0	0	0	0	0	0	0	0	0	0	0	0	0	0	0	0	0	0
6	13	1998	23.154505	62.635983	0	15.85673	16.749136	31.554794	18.48382	86.741402	1.1111112	40.28928	42.611542	24.117781	11.673552	1.615607	10	10	0	1	1	10.016976	57.83905	0	15.85673	16.69445	32.513485	17.619452	85.823601	1.1764706	36.097652	41.86216	28.545919	11.42436	1.710936	10	10	0	1	1	9.8759394	0	0	0	0	0	1	0	0	0	0	0	1	0	0	0	0	0	0	0	0	0	0	0	0	0	0	0	0	0	0	0	0	0	0	0	0	0	0	0	0	0	0	0	0	0	0	0	0	0	0	0
7	13	2003	24.186604	74.177383	0	15.85673	16.800983	29.985277	18.965754	87.7752	1.0526316	39.487141	43.311539	13.57278	12.17251	3.535048	10	10	0	1	1	10.222333	62.635983	0	15.85673	16.749136	31.554794	18.48382	86.741402	1.1111112	40.28928	42.611542	24.117781	11.673552	1.615607	10	10	0	1	1	10.016976	0	0	0	0	0	0	1	0	0	0	0	1	0	0	0	0	0	0	0	0	0	0	0	0	0	0	0	0	0	0	0	0	0	0	0	0	0	0	0	0	0	0	0	0	0	0	0	0	0	0	0
8	13	2008	24.3001	73.089119	0	15.85673	16.887945	28.462711	19.497152	88.700401	1.9523809	41.698956	44.982212	13.827392	12.843622	4.1043301	10	10	0	1	1	10.764782	74.177383	0	15.85673	16.800983	29.985277	18.965754	87.7752	1.0526316	39.487141	43.311539	13.57278	12.17251	3.535048	10	10	0	1	1	10.222333	0	0	0	0	0	0	0	1	0	0	0	1	0	0	0	0	0	0	0	0	0	0	0	0	0	0	0	0	0	0	0	0	0	0	0	0	0	0	0	0	0	0	0	0	0	0	0	0	0	0	0
8	18	2008	12.706159	100	0	11.776597	18.79855	51.600788	7.1018562	26.990801	1.4285715	45.838192	57.999744	44.384075	8.5475492	6.748498	.80000001	5.8000002	0	1	3.8	6.2868066	100	0	11.776597	18.72751	58.815281	6.9245358	24.8176	1.5384616	36.071941	48.409187	50.145119	7.9609995	3.72471	6	7	0	1	3.8	5.9313459	0	0	0	0	0	0	0	1	0	0	0	0	1	0	0	0	0	0	0	0	0	0	0	0	0	0	0	0	0	0	0	0	0	0	0	0	0	0	0	0	0	0	0	0	0	0	0	0	0	0	0
3	34	1983	20.75491	70.063515	0	15.955577	18.681858	63.569695	6.9673014	68.104401	3.2051282	18.603912	56.25238	42.221741	9.772543	159.3502	-1.2	3.4000001	0	1	3.4000001	7.3240199	70	0	15.955577	18.568197	67.810028	6.8901181	63.596401	1.8181819	15.845852	67.38414	31.122133	9.4588099	55.730782	-4	2	0	1	4	7.2449389	0	0	1	0	0	0	0	0	0	0	0	0	0	1	0	0	0	0	0	0	0	0	0	0	0	0	0	0	0	0	0	0	0	0	0	0	0	0	0	0	0	0	0	0	0	0	0	0	0	0	0
4	34	1988	31.941793	71.45591	0	15.955577	18.78475	60.1367	7.2025733	72.297997	1.4285715	14.93623	57.663349	69.030243	10.13413	989.01978	7.5999999	9	1	1	2	7.6124296	70.063515	0	15.955577	18.681858	63.569695	6.9673014	68.104401	3.2051282	18.603912	56.25238	42.221741	9.772543	159.3502	-1.2	3.4000001	0	1	3.4000001	7.3240199	0	0	0	1	0	0	0	0	0	0	0	0	0	1	0	0	0	0	0	0	0	0	0	0	0	0	0	0	0	0	0	0	0	0	0	0	0	0	0	0	0	0	0	0	0	0	0	0	0	0	0
5	34	1993	28.531116	62.290276	0	15.955577	18.864868	54.470577	7.7603483	76.134804	1.3333334	18.048422	57.157658	61.209278	10.576962	1145.7983	8	9	1	1	2.2	7.9414473	71.45591	0	15.955577	18.78475	60.1367	7.2025733	72.297997	1.4285715	14.93623	57.663349	69.030243	10.13413	989.01978	7.5999999	9	1	1	2	7.6124296	0	0	0	0	1	0	0	0	0	0	0	0	0	1	0	0	0	0	0	0	0	0	0	0	0	0	0	0	0	0	0	0	0	0	0	0	0	0	0	0	0	0	0	0	0	0	0	0	0	0	0
6	34	1998	23.876709	57.300529	0	15.955577	18.939184	47.83794	8.321559	79.759201	1.25	17.71715	57.124577	58.576881	11.384536	8.7240982	8	9	1	1	2.8	8.3927164	62.290276	0	15.955577	18.864868	54.470577	7.7603483	76.134804	1.3333334	18.048422	57.157658	61.209278	10.576962	1145.7983	8	9	1	1	2.2	7.9414473	0	0	0	0	0	1	0	0	0	0	0	0	0	1	0	0	0	0	0	0	0	0	0	0	0	0	0	0	0	0	0	0	0	0	0	0	0	0	0	0	0	0	0	0	0	0	0	0	0	0	0
7	34	2003	26.080004	100	0	15.955577	19.019281	43.014462	9.0853977	82.1772	2.2875817	27.008324	54.265957	72.895622	11.825706	9.6995401	8	9	1	1	2.2	8.1341782	57.300529	0	15.955577	18.939184	47.83794	8.321559	79.759201	1.25	17.71715	57.124577	58.576881	11.384536	8.7240982	8	9	1	1	2.8	8.3927164	0	0	0	0	0	0	1	0	0	0	0	0	0	1	0	0	0	0	0	0	0	0	0	0	0	0	0	0	0	0	0	0	0	0	0	0	0	0	0	0	0	0	0	0	0	0	0	0	0	0	0
8	34	2008	28.172859	94.399788	0	15.955577	19.062534	39.26189	9.9874439	83.734596	1.0526316	24.614389	51.958664	67.282822	12.77033	7.1529198	8	9	1	1	2	8.9898481	100	0	15.955577	19.019281	43.014462	9.0853977	82.1772	2.2875817	27.008324	54.265957	72.895622	11.825706	9.6995401	8	9	1	1	2.2	8.1341782	0	0	0	0	0	0	0	1	0	0	0	0	0	1	0	0	0	0	0	0	0	0	0	0	0	0	0	0	0	0	0	0	0	0	0	0	0	0	0	0	0	0	0	0	0	0	0	0	0	0	0
5	44	1993	15.934001	100	0	13.066237	16.410103	86.729904	6.8399706	41.406601	3.2051282	38.70483	46.536465	77.357162	7.1153316	8.4514303	-4.8000002	5	1	1	6.1999998	6.6334224	100	0	13.066237	16.248211	88.497032	6.9938054	38.286999	3.8181818	40.552845	47.806751	34.2369	7.1702914	-.31503099	-8	1	1	1	6	6.8537693	0	0	0	0	1	0	0	0	0	0	0	0	0	0	1	0	0	0	0	0	0	0	0	0	0	0	0	0	0	0	0	0	0	0	0	0	0	0	0	0	0	0	0	0	0	0	0	0	0	0	0
6	44	1998	13.672748	100	0	13.066237	16.522671	82.027176	6.6331134	44.354401	2.7619047	40.455803	45.073887	95.721321	7.1473613	2.976198	-4	6	1	1	7	6.4587426	100	0	13.066237	16.410103	86.729904	6.8399706	41.406601	3.2051282	38.70483	46.536465	77.357162	7.1153316	8.4514303	-4.8000002	5	1	1	6.1999998	6.6334224	0	0	0	0	0	1	0	0	0	0	0	0	0	0	1	0	0	0	0	0	0	0	0	0	0	0	0	0	0	0	0	0	0	0	0	0	0	0	0	0	0	0	0	0	0	0	0	0	0	0	0
2	45	1978	19.870735	77.149994	0	16.023785	16.993217	35.830948	13.459776	75.642197	1.7028985	49.75708	36.826576	45.548481	10.719354	8.5907078	10	10	0	1	1	9.1485271	100	0	16.023785	16.933224	43.366093	12.803397	75.628197	1.8614719	44.828785	37.034523	54.281139	10.426517	9.2623997	10	10	0	1	1	8.6593313	0	1	0	0	0	0	0	0	0	0	0	0	0	0	0	1	0	0	0	0	0	0	0	0	0	0	0	0	0	0	0	0	0	0	0	0	0	0	0	0	0	0	0	0	0	0	0	0	0	0	0
3	45	1983	23.160271	47.403988	0	16.023785	17.050076	31.822815	14.497365	76.077599	.80000001	51.25034	38.639256	57.30946	11.04132	6.4231858	10	10	0	1	1	9.4716177	77.149994	0	16.023785	16.993217	35.830948	13.459776	75.642197	1.7028985	49.75708	36.826576	45.548481	10.719354	8.5907078	10	10	0	1	1	9.1485271	0	0	1	0	0	0	0	0	0	0	0	0	0	0	0	1	0	0	0	0	0	0	0	0	0	0	0	0	0	0	0	0	0	0	0	0	0	0	0	0	0	0	0	0	0	0	0	0	0	0	0
4	45	1988	23.702297	44.607338	0	16.023785	17.111073	30.604544	15.927623	76.490799	1.5099715	52.541344	38.82811	72.193619	11.4784	4.0743361	10	10	0	1	1	9.784832	47.403988	0	16.023785	17.050076	31.822815	14.497365	76.077599	.80000001	51.25034	38.639256	57.30946	11.04132	6.4231858	10	10	0	1	1	9.4716177	0	0	0	1	0	0	0	0	0	0	0	0	0	0	0	1	0	0	0	0	0	0	0	0	0	0	0	0	0	0	0	0	0	0	0	0	0	0	0	0	0	0	0	0	0	0	0	0	0	0	0
5	45	1993	25.367357	49.365067	0	16.023785	17.16877	30.335236	17.290426	77.237801	.71428573	60.813988	40.320194	93.691544	12.071505	1.91399	10	10	0	1	1	9.912796	44.607338	0	16.023785	17.111073	30.604544	15.927623	76.490799	1.5099715	52.541344	38.82811	72.193619	11.4784	4.0743361	10	10	0	1	1	9.784832	0	0	0	0	1	0	0	0	0	0	0	0	0	0	0	1	0	0	0	0	0	0	0	0	0	0	0	0	0	0	0	0	0	0	0	0	0	0	0	0	0	0	0	0	0	0	0	0	0	0	0
6	45	1998	20.280117	46.49593	0	16.023785	17.223267	28.929882	18.151485	78.756798	1.3563218	79.752922	42.211491	93.3395	12.52867	1.764714	10	10	0	1	1	9.9790487	49.365067	0	16.023785	17.16877	30.335236	17.290426	77.237801	.71428573	60.813988	40.320194	93.691544	12.071505	1.91399	10	10	0	1	1	9.912796	0	0	0	0	0	1	0	0	0	0	0	0	0	0	0	1	0	0	0	0	0	0	0	0	0	0	0	0	0	0	0	0	0	0	0	0	0	0	0	0	0	0	0	0	0	0	0	0	0	0	0
7	45	2003	18.417442	45.068367	0	16.023785	17.268547	26.430641	18.661287	79.864403	.64516127	75.391846	43.236797	76.796761	12.963113	2.53476	10	10	0	1	1	10.228035	46.49593	0	16.023785	17.223267	28.929882	18.151485	78.756798	1.3563218	79.752922	42.211491	93.3395	12.52867	1.764714	10	10	0	1	1	9.9790487	0	0	0	0	0	0	1	0	0	0	0	0	0	0	0	1	0	0	0	0	0	0	0	0	0	0	0	0	0	0	0	0	0	0	0	0	0	0	0	0	0	0	0	0	0	0	0	0	0	0	0
8	45	2008	17.72159	44.560879	0	16.023785	17.323959	24.231792	19.619421	80.381203	1.2310606	65.272972	42.766453	75.028458	13.616703	2.0685439	10	10	0	1	1	10.659899	45.068367	0	16.023785	17.268547	26.430641	18.661287	79.864403	.64516127	75.391846	43.236797	76.796761	12.963113	2.53476	10	10	0	1	1	10.228035	0	0	0	0	0	0	0	1	0	0	0	0	0	0	0	1	0	0	0	0	0	0	0	0	0	0	0	0	0	0	0	0	0	0	0	0	0	0	0	0	0	0	0	0	0	0	0	0	0	0	0
5	51	1993	18.636505	93.921112	0	13.519167	16.439747	46.747044	10.078614	83.931602	1.5384616	54.418186	51.688087	48.274158	9.5733461	14.24602	8	9	1	1	2	8.2395601	95.462311	0	13.519167	16.36445	47.378899	9.4655542	83.012199	1.6666666	56.698441	52.523689	117.01622	8.6852694	21.316879	.60000002	6	1	1	4.5999999	7.6551046	0	0	0	0	1	0	0	0	0	0	0	0	0	0	0	0	1	0	0	0	0	0	0	0	0	0	0	0	0	0	0	0	0	0	0	0	0	0	0	0	0	0	0	0	0	0	0	0	0	0	0
6	51	1998	20.520634	91.503059	0	13.519167	16.523561	44.525269	10.900227	85.316399	1.4285715	55.735371	52.704826	22.986799	10.526471	4.3266821	8.1999998	9	1	1	2.2	8.5721731	93.921112	0	13.519167	16.439747	46.747044	10.078614	83.931602	1.5384616	54.418186	51.688087	48.274158	9.5733461	14.24602	8	9	1	1	2	8.2395601	0	0	0	0	0	1	0	0	0	0	0	0	0	0	0	0	1	0	0	0	0	0	0	0	0	0	0	0	0	0	0	0	0	0	0	0	0	0	0	0	0	0	0	0	0	0	0	0	0	0	0
7	51	2003	20.932817	95.100159	0	13.519167	16.588099	39.390438	11.711746	86.952202	1.3333334	67.291031	51.64732	12.3316	10.891338	5.7903061	9	9	1	1	1.4	8.585515	91.503059	0	13.519167	16.523561	44.525269	10.900227	85.316399	1.4285715	55.735371	52.704826	22.986799	10.526471	4.3266821	8.1999998	9	1	1	2.2	8.5721731	0	0	0	0	0	0	1	0	0	0	0	0	0	0	0	0	1	0	0	0	0	0	0	0	0	0	0	0	0	0	0	0	0	0	0	0	0	0	0	0	0	0	0	0	0	0	0	0	0	0	0
8	51	2008	21.28631	93.049133	0	13.519167	16.636599	34.01128	12.886475	88.414398	1.25	73.646446	50.484085	5.9930639	11.610178	6.159615	10	10	1	1	1	9.2695761	95.100159	0	13.519167	16.588099	39.390438	11.711746	86.952202	1.3333334	67.291031	51.64732	12.3316	10.891338	5.7903061	9	9	1	1	1.4	8.585515	0	0	0	0	0	0	0	1	0	0	0	0	0	0	0	0	1	0	0	0	0	0	0	0	0	0	0	0	0	0	0	0	0	0	0	0	0	0	0	0	0	0	0	0	0	0	0	0	0	0	0
2	56	1978	6.1564894	68.799767	0	13.910821	17.065466	77.122368	7.0776634	60.688202	2.402564	24.07279	60.448524	14.45686	7.1209006	24.65254	8	9	1	0	2	7.145164	83.462067	0	13.910821	16.941736	85.641739	6.9984279	57.051399	2.7310371	22.910376	54.996014	19.686226	6.8058457	18.44388	7.4000001	9	1	0	2	6.4501734	0	1	0	0	0	0	0	0	0	0	0	0	0	0	0	0	0	1	0	0	0	0	0	0	0	0	0	0	0	0	0	0	0	0	0	0	0	0	0	0	0	0	0	0	0	0	0	0	0	0	0
3	56	1983	8.5062027	71.080582	0	13.910821	17.168276	68.739525	7.0343781	64.192802	2.1446817	20.604313	56.087128	21.19388	7.5822334	23.00404	8	9	1	0	2	7.5182137	68.799767	0	13.910821	17.065466	77.122368	7.0776634	60.688202	2.402564	24.07279	60.448524	14.45686	7.1209006	24.65254	8	9	1	0	2	7.145164	0	0	1	0	0	0	0	0	0	0	0	0	0	0	0	0	0	1	0	0	0	0	0	0	0	0	0	0	0	0	0	0	0	0	0	0	0	0	0	0	0	0	0	0	0	0	0	0	0	0	0
4	56	1988	8.2339392	94.385124	0	13.910821	17.280855	63.260796	7.1657953	67.195198	1.9368279	25.17123	46.813065	35.350281	8.2876501	26.21356	8	9	1	0	2.4000001	7.4290061	71.080582	0	13.910821	17.168276	68.739525	7.0343781	64.192802	2.1446817	20.604313	56.087128	21.19388	7.5822334	23.00404	8	9	1	0	2	7.5182137	0	0	0	1	0	0	0	0	0	0	0	0	0	0	0	0	0	1	0	0	0	0	0	0	0	0	0	0	0	0	0	0	0	0	0	0	0	0	0	0	0	0	0	0	0	0	0	0	0	0	0
5	56	1993	9.7589941	100	0	13.910821	17.370531	59.1595	7.3447552	69.620003	2.32128	28.367094	50.346912	29.309919	8.7740879	28.11508	8.6000004	8.6000004	1	0	2.5999999	7.6962466	94.385124	0	13.910821	17.280855	63.260796	7.1657953	67.195198	1.9368279	25.17123	46.813065	35.350281	8.2876501	26.21356	8	9	1	0	2.4000001	7.4290061	0	0	0	0	1	0	0	0	0	0	0	0	0	0	0	0	0	1	0	0	0	0	0	0	0	0	0	0	0	0	0	0	0	0	0	0	0	0	0	0	0	0	0	0	0	0	0	0	0	0	0
6	56	1998	16.354797	85.886314	0	13.910821	17.463217	54.476925	7.4957538	71.451401	1.5796769	29.788164	53.329502	30.80625	9.5612211	18.573099	7	7	1	0	3.8	7.9792914	100	0	13.910821	17.370531	59.1595	7.3447552	69.620003	2.32128	28.367094	50.346912	29.309919	8.7740879	28.11508	8.6000004	8.6000004	1	0	2.5999999	7.6962466	0	0	0	0	0	1	0	0	0	0	0	0	0	0	0	0	0	1	0	0	0	0	0	0	0	0	0	0	0	0	0	0	0	0	0	0	0	0	0	0	0	0	0	0	0	0	0	0	0	0	0
7	56	2003	30.675293	83.090019	0	13.910821	17.543308	49.757042	7.7606831	72.9786	1.4639953	34.979523	51.935448	42.381882	10.000927	6.4312439	7	7	1	0	3.8	7.87117	85.886314	0	13.910821	17.463217	54.476925	7.4957538	71.451401	1.5796769	29.788164	53.329502	30.80625	9.5612211	18.573099	7	7	1	0	3.8	7.9792914	0	0	0	0	0	0	1	0	0	0	0	0	0	0	0	0	0	1	0	0	0	0	0	0	0	0	0	0	0	0	0	0	0	0	0	0	0	0	0	0	0	0	0	0	0	0	0	0	0	0	0
8	56	2008	32.230129	83.444626	0	13.910821	17.621975	45.379406	8.253397	74.444397	1.3641062	36.150848	52.51664	34.422798	11.064655	5.1269441	7	7	1	0	3	8.5082855	83.090019	0	13.910821	17.543308	49.757042	7.7606831	72.9786	1.4639953	34.979523	51.935448	42.381882	10.000927	6.4312439	7	7	1	0	3.8	7.87117	0	0	0	0	0	0	0	1	0	0	0	0	0	0	0	0	0	1	0	0	0	0	0	0	0	0	0	0	0	0	0	0	0	0	0	0	0	0	0	0	0	0	0	0	0	0	0	0	0	0	0
2	74	1978	45.354172	100	0	13.81095	17.57617	78.840248	6.3357196	43.695599	2.383657	55.131283	38.098724	101.2583	6.3638897	14.744474	-6	2	0	1	5	6.0604506	100	.60000002	13.81095	17.463217	80.336082	6.258502	42.9548	2.1352324	35.450111	38.796272	58.696419	4.0126696	7.6155481	-7	1	0	1	6	5.5806317	0	1	0	0	0	0	0	0	0	0	0	0	0	0	0	0	0	0	1	0	0	0	0	0	0	0	0	0	0	0	0	0	0	0	0	0	0	0	0	0	0	0	0	0	0	0	0	0	0	0	0
3	74	1983	37.50668	100	0	13.81095	17.690237	77.403397	6.4572334	43.905998	2.1295888	62.810207	36.095558	125.785	8.2983389	7.7692399	-6	2	0	1	4.5999999	6.7259469	100	0	13.81095	17.57617	78.840248	6.3357196	43.695599	2.383657	55.131283	38.098724	101.2583	6.3638897	14.744474	-6	2	0	1	5	6.0604506	0	0	1	0	0	0	0	0	0	0	0	0	0	0	0	0	0	0	1	0	0	0	0	0	0	0	0	0	0	0	0	0	0	0	0	0	0	0	0	0	0	0	0	0	0	0	0	0	0	0	0
4	74	1988	28.653294	100	0	13.81095	17.811295	75.359261	6.6551013	43.661999	2.2959807	48.190136	34.092392	99.278976	9.1010294	18.91028	-6	2	0	1	5	7.2813516	100	0	13.81095	17.690237	77.403397	6.4572334	43.905998	2.1295888	62.810207	36.095558	125.785	8.2983389	7.7692399	-6	2	0	1	4.5999999	6.7259469	0	0	0	1	0	0	0	0	0	0	0	0	0	0	0	0	0	0	1	0	0	0	0	0	0	0	0	0	0	0	0	0	0	0	0	0	0	0	0	0	0	0	0	0	0	0	0	0	0	0	0
5	74	1993	32.564877	100	0	13.81095	17.909576	70.662941	7.0015421	43.079601	1.7251641	56.072025	35.451836	118.54712	9.4406986	12.497936	-6	2	0	1	5.5999999	6.7410159	100	0	13.81095	17.811295	75.359261	6.6551013	43.661999	2.2959807	48.190136	34.092392	99.278976	9.1010294	18.91028	-6	2	0	1	5	7.2813516	0	0	0	0	1	0	0	0	0	0	0	0	0	0	0	0	0	0	1	0	0	0	0	0	0	0	0	0	0	0	0	0	0	0	0	0	0	0	0	0	0	0	0	0	0	0	0	0	0	0	0
6	74	1998	26.738932	100	0	13.81095	17.992624	63.561665	7.3127322	42.803799	1.5881021	41.703716	39.957375	72.459282	9.7264442	5.3360634	-6	2	0	1	6	7.1792297	100	0	13.81095	17.909576	70.662941	7.0015421	43.079601	1.7251641	56.072025	35.451836	118.54712	9.4406986	12.497936	-6	2	0	1	5.5999999	6.7410159	0	0	0	0	0	1	0	0	0	0	0	0	0	0	0	0	0	0	1	0	0	0	0	0	0	0	0	0	0	0	0	0	0	0	0	0	0	0	0	0	0	0	0	0	0	0	0	0	0	0	0
7	74	2003	30.027391	100	0	13.81095	18.083471	55.863888	7.5147772	42.935001	1.7570556	50.526585	34.817364	103.69205	9.982729	5.9426479	-5.4000001	2.8	0	1	6	7.0767527	100	0	13.81095	17.992624	63.561665	7.3127322	42.803799	1.5881021	41.703716	39.957375	72.459282	9.7264442	5.3360634	-6	2	0	1	6	7.1792297	0	0	0	0	0	0	1	0	0	0	0	0	0	0	0	0	0	0	1	0	0	0	0	0	0	0	0	0	0	0	0	0	0	0	0	0	0	0	0	0	0	0	0	0	0	0	0	0	0	0	0
8	74	2008	33.931358	100	0	13.81095	18.177055	50.862984	7.739068	43.235802	1.6150942	61.711807	32.645111	82.00692	10.908479	10.687876	-3	6	1	1	6	7.6018853	100	0	13.81095	18.083471	55.863888	7.5147772	42.935001	1.7570556	50.526585	34.817364	103.69205	9.982729	5.9426479	-5.4000001	2.8	0	1	6	7.0767527	0	0	0	0	0	0	0	1	0	0	0	0	0	0	0	0	0	0	1	0	0	0	0	0	0	0	0	0	0	0	0	0	0	0	0	0	0	0	0	0	0	0	0	0	0	0	0	0	0	0	0
4	79	1988	19.582628	100	6	13.910821	17.625484	85.668159	5.4682856	12.1538	3.2082376	17.917456	36.986095	86.878319	4.8516927	.113802	-8	1	1	1	6.5999999	5.4367819	100	6	13.910821	17.4676	84.611038	5.4342518	11.0358	3.2194815	22.695789	33.874454	55.440479	4.8274083	9.0069675	-7.4000001	1	1	1	7	5.2214484	0	0	0	1	0	0	0	0	0	0	0	0	0	0	0	0	0	0	0	1	0	0	0	0	0	0	0	0	0	0	0	0	0	0	0	0	0	0	0	0	0	0	0	0	0	0	0	0	0	0	0
5	79	1993	15.621809	100	1.2	13.853635	17.796038	88.446747	5.5722437	13.3446	3.4999385	19.837376	40.097729	126.52422	5.0425296	12.726044	.75	6	1	1	5.5999999	5.1121421	100	6	13.910821	17.625484	85.668159	5.4682856	12.1538	3.2082376	17.917456	36.986095	86.878319	4.8516927	.113802	-8	1	1	1	6.5999999	5.4367819	0	0	0	0	1	0	0	0	0	0	0	0	0	0	0	0	0	0	0	1	0	0	0	0	0	0	0	0	0	0	0	0	0	0	0	0	0	0	0	0	0	0	0	0	0	0	0	0	0	0	0
6	79	1998	19.097038	100	3.4000001	13.815511	17.945021	90.123344	5.7144761	14.3742	2.9777505	32.917534	39.869873	99.970459	6.3561478	2.3965297	1	6	0	1	4.4000001	4.8626719	100	1.2	13.853635	17.796038	88.446747	5.5722437	13.3446	3.4999385	19.837376	40.097729	126.52422	5.0425296	12.726044	.75	6	1	1	5.5999999	5.1121421	0	0	0	0	0	1	0	0	0	0	0	0	0	0	0	0	0	0	0	1	0	0	0	0	0	0	0	0	0	0	0	0	0	0	0	0	0	0	0	0	0	0	0	0	0	0	0	0	0	0	0
7	79	2003	21.905397	82.890648	0	13.815511	18.074711	87.322968	5.8483191	15.3156	2.8618205	42.530937	31.16567	103.05966	7.6105843	3.435586	1	6	0	1	5	4.8675466	100	3.4000001	13.815511	17.945021	90.123344	5.7144761	14.3742	2.9777505	32.917534	39.869873	99.970459	6.3561478	2.3965297	1	6	0	1	4.4000001	4.8626719	0	0	0	0	0	0	1	0	0	0	0	0	0	0	0	0	0	0	0	1	0	0	0	0	0	0	0	0	0	0	0	0	0	0	0	0	0	0	0	0	0	0	0	0	0	0	0	0	0	0	0
2	84	1978	35.457058	92.583549	0	13.213428	17.815504	36.437027	21.903543	73.139603	.37037036	41.33403	40.63385	16.945299	9.5854979	10.131396	8	10	0	1	1	9.1205683	100	0	13.213428	17.789469	38.967659	21.177118	72.177597	.76197386	35.58453	42.465721	17.02038	8.3210192	9.098052	8	10	0	1	1	8.4316339	0	1	0	0	0	0	0	0	0	0	0	0	0	0	0	0	0	0	0	0	1	0	0	0	0	0	0	0	0	0	0	0	0	0	0	0	0	0	0	0	0	0	0	0	0	0	0	0	0	0	0
3	84	1983	41.083328	87.453354	0	13.213428	17.840799	33.324215	20.422165	73.5028	.72077924	47.075829	35.319813	26.754499	10.198635	9.1984081	8	10	0	1	1	9.2075062	92.583549	0	13.213428	17.815504	36.437027	21.903543	73.139603	.37037036	41.33403	40.63385	16.945299	9.5854979	10.131396	8	10	0	1	1	9.1205683	0	0	1	0	0	0	0	0	0	0	0	0	0	0	0	0	0	0	0	0	1	0	0	0	0	0	0	0	0	0	0	0	0	0	0	0	0	0	0	0	0	0	0	0	0	0	0	0	0	0	0
4	84	1988	40.721077	85.602661	0	13.213428	17.868998	31.092379	20.406725	73.8936	.3508772	42.870323	39.051323	33.360958	11.779023	3.440352	9	10	0	1	1	9.7353401	87.453354	0	13.213428	17.840799	33.324215	20.422165	73.5028	.72077924	47.075829	35.319813	26.754499	10.198635	9.1984081	8	10	0	1	1	9.2075062	0	0	0	1	0	0	0	0	0	0	0	0	0	0	0	0	0	0	0	0	1	0	0	0	0	0	0	0	0	0	0	0	0	0	0	0	0	0	0	0	0	0	0	0	0	0	0	0	0	0	0
5	84	1993	44.357468	85.227058	0	13.213428	17.889629	30.096418	22.478512	74.569603	.68381065	42.98732	47.710949	45.382622	12.531362	1.737826	9	10	0	1	1	10.051267	85.602661	0	13.213428	17.868998	31.092379	20.406725	73.8936	.3508772	42.870323	39.051323	33.360958	11.779023	3.440352	9	10	0	1	1	9.7353401	0	0	0	0	1	0	0	0	0	0	0	0	0	0	0	0	0	0	0	0	1	0	0	0	0	0	0	0	0	0	0	0	0	0	0	0	0	0	0	0	0	0	0	0	0	0	0	0	0	0	0
6	84	1998	46.592155	87.642097	0	13.213428	17.91316	29.320581	24.151005	76.101799	.33333334	50.3484	45.161114	58.630718	13.016353	1.031626	9	10	0	1	1	10.087535	85.227058	0	13.213428	17.889629	30.096418	22.478512	74.569603	.68381065	42.98732	47.710949	45.382622	12.531362	1.737826	9	10	0	1	1	10.051267	0	0	0	0	0	1	0	0	0	0	0	0	0	0	0	0	0	0	0	0	1	0	0	0	0	0	0	0	0	0	0	0	0	0	0	0	0	0	0	0	0	0	0	0	0	0	0	0	0	0	0
7	84	2003	46.019859	86.856987	0	13.213425	17.942593	28.488239	25.056013	79.691002	.65044951	53.046005	49.222717	62.175179	13.323471	1.963202	9	10	0	1	1	10.234266	87.642097	0	13.213428	17.91316	29.320581	24.151005	76.101799	.33333334	50.3484	45.161114	58.630718	13.016353	1.031626	9	10	0	1	1	10.087535	0	0	0	0	0	0	1	0	0	0	0	0	0	0	0	0	0	0	0	0	1	0	0	0	0	0	0	0	0	0	0	0	0	0	0	0	0	0	0	0	0	0	0	0	0	0	0	0	0	0	0
8	84	2008	46.673023	85.734062	0	13.21341	17.974344	28.236656	25.473652	83.759399	.6299603	53.64563	51.289398	71.545517	13.870057	1.7894052	9	10	0	1	1	10.598432	86.856987	0	13.213425	17.942593	28.488239	25.056013	79.691002	.65044951	53.046005	49.222717	62.175179	13.323471	1.963202	9	10	0	1	1	10.234266	0	0	0	0	0	0	0	1	0	0	0	0	0	0	0	0	0	0	0	0	1	0	0	0	0	0	0	0	0	0	0	0	0	0	0	0	0	0	0	0	0	0	0	0	0	0	0	0	0	0	0
6	93	1998	31.731733	66.170311	0	12.762878	18.222229	23.464674	23.227537	73.154602	0	56.467026	47.276054	59.809879	12.35026	.20213559	10	10	0	1	1	10.170842	59.328384	0	12.763165	18.207445	23.571543	22.159008	73.218803	.75007814	47.58271	46.948601	46.20808	11.313795	3.394536	10	10	0	1	1	10.163696	0	0	0	0	0	1	0	0	0	0	0	0	0	0	0	0	0	0	0	0	0	1	0	0	0	0	0	0	0	0	0	0	0	0	0	0	0	0	0	0	0	0	0	0	0	0	0	0	0	0	0
7	93	2003	31.902987	66.560318	0	12.762311	18.227077	22.00152	26.687117	73.239799	.0029385835	70.287064	51.062397	63.384621	13.279296	1.0685964	10	10	0	1	1	10.249834	66.170311	0	12.762878	18.222229	23.464674	23.227537	73.154602	0	56.467026	47.276054	59.809879	12.35026	.20213559	10	10	0	1	1	10.170842	0	0	0	0	0	0	1	0	0	0	0	0	0	0	0	0	0	0	0	0	0	1	0	0	0	0	0	0	0	0	0	0	0	0	0	0	0	0	0	0	0	0	0	0	0	0	0	0	0	0	0
8	93	2008	30.339106	66.240379	0	12.761795	18.227077	20.681292	30.078335	73.630997	0	86.208755	54.40213	71.075478	13.746892	.98604178	10	10	0	1	1	10.592058	66.560318	0	12.762311	18.227077	22.00152	26.687117	73.239799	.0029385835	70.287064	51.062397	63.384621	13.279296	1.0685964	10	10	0	1	1	10.249834	0	0	0	0	0	0	0	1	0	0	0	0	0	0	0	0	0	0	0	0	0	1	0	0	0	0	0	0	0	0	0	0	0	0	0	0	0	0	0	0	0	0	0	0	0	0	0	0	0	0	0
5	94	1993	10.472551	100	0	12.335081	16.599442	80.566505	5.8409142	38.659801	2.5833333	30.696239	36.102367	59.719082	6.6460862	27.224581	-1.6	6	1	1	5	6.445785	100	0	12.335081	16.453545	84.397476	5.7228251	35.022999	2.9670329	26.206242	38.035137	40.28175	6.2943206	34.7542	-7	1	1	1	6.4000001	6.4322171	0	0	0	0	1	0	0	0	0	0	0	0	0	0	0	0	0	0	0	0	0	0	1	0	0	0	0	0	0	0	0	0	0	0	0	0	0	0	0	0	0	0	0	0	0	0	0	0	0	0	0
8	94	2008	24.719671	100	0	12.335081	16.959139	68.071098	6.4639297	49.806599	2.7310371	67.264374	42.402039	32.89156	8.717061	30.064819	8	9	1	1	1	7.0179329	100	0	12.335081	16.849821	71.380844	6.1593108	46.198002	2.0526316	63.624035	41.348106	75.312698	7.4477525	23.13096	6.8000002	8.3999996	1	1	1.8	6.3693619	0	0	0	0	0	0	0	1	0	0	0	0	0	0	0	0	0	0	0	0	0	0	1	0	0	0	0	0	0	0	0	0	0	0	0	0	0	0	0	0	0	0	0	0	0	0	0	0	0	0	0
8	101	2008	14.228437	100	0	11.582078	16.424925	78.789215	7.9804697	48.465599	1.5384616	63.603813	54.638	22.028561	8.5452757	6.0511599	8	9	1	1	3.4000001	7.8824654	100	0	11.582078	16.316425	83.140732	7.9157043	46.354	3.4848485	67.332565	55.303345	20.32226	7.8649292	3.7066121	8	9	1	1	3.8	7.5206213	0	0	0	0	0	0	0	1	0	0	0	0	0	0	0	0	0	0	0	0	0	0	0	1	0	0	0	0	0	0	0	0	0	0	0	0	0	0	0	0	0	0	0	0	0	0	0	0	0	0	0
2	112	1978	10.554816	59.264767	2	14.914123	20.319288	70.303299	6.1872182	22.3916	2.4597886	13.93119	37.386219	39.060822	7.5926213	8.263134	7.8000002	7	0	1	2.2	5.3089051	59.204079	2.5999999	14.914123	20.201904	72.270889	5.9737191	20.703199	2.0586827	9.6515045	36.500847	36.535301	7.6155472	9.8025923	8.6000004	8.6000004	0	1	2	4.9396038	0	1	0	0	0	0	0	0	0	0	0	0	0	0	0	0	0	0	0	0	0	0	0	0	1	0	0	0	0	0	0	0	0	0	0	0	0	0	0	0	0	0	0	0	0	0	0	0	0	0	0
3	112	1983	11.910649	58.05048	3.8	14.914123	20.435122	68.357605	6.3343496	23.848	2.190134	14.098086	33.558113	39.410069	7.6976137	8.5186682	8	7	0	1	2	5.6446967	59.264767	2	14.914123	20.319288	70.303299	6.1872182	22.3916	2.4597886	13.93119	37.386219	39.060822	7.5926213	8.263134	7.8000002	7	0	1	2.2	5.3089051	0	0	1	0	0	0	0	0	0	0	0	0	0	0	0	0	0	0	0	0	0	0	0	0	1	0	0	0	0	0	0	0	0	0	0	0	0	0	0	0	0	0	0	0	0	0	0	0	0	0	0
4	112	1988	15.005713	59.098579	5.5999999	14.914123	20.546059	66.158569	6.4520121	25.0674	2.209239	14.006076	33.30669	43.58392	7.8097854	8.6909838	8	7	0	1	2	5.8455997	58.05048	3.8	14.914123	20.435122	68.357605	6.3343496	23.848	2.190134	14.098086	33.558113	39.410069	7.6976137	8.5186682	8	7	0	1	2	5.6446967	0	0	0	1	0	0	0	0	0	0	0	0	0	0	0	0	0	0	0	0	0	0	0	0	1	0	0	0	0	0	0	0	0	0	0	0	0	0	0	0	0	0	0	0	0	0	0	0	0	0	0
5	112	1993	15.266452	54.330715	6.8000002	14.914123	20.648159	63.040661	6.5810051	26.183001	1.9892482	19.774784	34.392029	73.261734	8.3281622	10.324294	8.1999998	7.4000001	0	1	3.5999999	5.8122892	59.098579	5.5999999	14.914123	20.546059	66.158569	6.4520121	25.0674	2.209239	14.006076	33.30669	43.58392	7.8097854	8.6909838	8	7	0	1	2	5.8455997	0	0	0	0	1	0	0	0	0	0	0	0	0	0	0	0	0	0	0	0	0	0	0	0	1	0	0	0	0	0	0	0	0	0	0	0	0	0	0	0	0	0	0	0	0	0	0	0	0	0	0
6	112	1998	15.33735	53.606937	5	14.914123	20.738287	58.74641	6.805964	27.243	.82272464	24.311192	36.172855	68.890297	9.6323509	5.7549658	9	9	0	1	2	6.0476947	54.330715	6.8000002	14.914123	20.648159	63.040661	6.5810051	26.183001	1.9892482	19.774784	34.392029	73.261734	8.3281622	10.324294	8.1999998	7.4000001	0	1	3.5999999	5.8122892	0	0	0	0	0	1	0	0	0	0	0	0	0	0	0	0	0	0	0	0	0	0	0	0	1	0	0	0	0	0	0	0	0	0	0	0	0	0	0	0	0	0	0	0	0	0	0	0	0	0	0
7	112	2003	15.727359	53.744057	5	14.914123	20.818577	53.828255	7.1474881	28.6078	2	33.109886	34.988518	81.624481	10.507072	4.152288	9	9	0	1	2	6.3176994	53.606937	5	14.914123	20.738287	58.74641	6.805964	27.243	.82272464	24.311192	36.172855	68.890297	9.6323509	5.7549658	9	9	0	1	2	6.0476947	0	0	0	0	0	0	1	0	0	0	0	0	0	0	0	0	0	0	0	0	0	0	0	0	1	0	0	0	0	0	0	0	0	0	0	0	0	0	0	0	0	0	0	0	0	0	0	0	0	0	0
3	113	1983	10.797175	85.308632	7	14.403297	18.902027	70.723129	6.3608179	24.495001	1.3333334	45.123505	36.383095	21.927561	8.0106936	8.6171522	-7	2	0	0	5	6.4076815	83.711617	7	14.403297	18.78475	76.195618	6.4256425	20.989201	2.9670329	44.614315	42.82539	27.05648	7.564805	20.546713	-7	2	0	0	5	5.949194	0	0	1	0	0	0	0	0	0	0	0	0	0	0	0	0	0	0	0	0	0	0	0	0	0	1	0	0	0	0	0	0	0	0	0	0	0	0	0	0	0	0	0	0	0	0	0	0	0	0	0
4	113	1988	11.192059	87.458878	7	14.403297	19.007849	63.8783	6.2679768	28.785999	2.4264705	42.163944	35.471931	43.375759	8.4951267	9.1606569	-7	2	0	0	5.1999998	6.3283682	85.308632	7	14.403297	18.902027	70.723129	6.3608179	24.495001	1.3333334	45.123505	36.383095	21.927561	8.0106936	8.6171522	-7	2	0	0	5	6.4076815	0	0	0	1	0	0	0	0	0	0	0	0	0	0	0	0	0	0	0	0	0	0	0	0	0	1	0	0	0	0	0	0	0	0	0	0	0	0	0	0	0	0	0	0	0	0	0	0	0	0	0
5	113	1993	14.025331	87.414795	3.2	14.403297	19.083052	56.864204	6.4803433	33.566002	1.1111112	48.349945	39.067059	38.237862	9.3846426	8.110364	-7	2	0	0	6.5999999	6.7999163	87.458878	7	14.403297	19.007849	63.8783	6.2679768	28.785999	2.4264705	42.163944	35.471931	43.375759	8.4951267	9.1606569	-7	2	0	0	5.1999998	6.3283682	0	0	0	0	1	0	0	0	0	0	0	0	0	0	0	0	0	0	0	0	0	0	0	0	0	1	0	0	0	0	0	0	0	0	0	0	0	0	0	0	0	0	0	0	0	0	0	0	0	0	0
6	113	1998	15.737772	91.105431	0	14.403297	19.152861	50.029701	6.9282956	39.422798	2.0526316	64.42363	34.519135	63.493999	10.120823	26.260979	-1.4	4.5999999	0	0	5.4000001	6.7254386	87.414795	3.2	14.403297	19.083052	56.864204	6.4803433	33.566002	1.1111112	48.349945	39.067059	38.237862	9.3846426	8.110364	-7	2	0	0	6.5999999	6.7999163	0	0	0	0	0	1	0	0	0	0	0	0	0	0	0	0	0	0	0	0	0	0	0	0	0	1	0	0	0	0	0	0	0	0	0	0	0	0	0	0	0	0	0	0	0	0	0	0	0	0	0
7	113	2003	18.611511	100	0	14.403297	19.218029	44.971985	7.5149097	44.362999	.95238096	61.247677	35.897133	62.130699	9.6074886	9.7123423	6.8000002	8.3999996	.2	0	2.8	6.9095426	91.105431	0	14.403297	19.152861	50.029701	6.9282956	39.422798	2.0526316	64.42363	34.519135	63.493999	10.120823	26.260979	-1.4	4.5999999	0	0	5.4000001	6.7254386	0	0	0	0	0	0	1	0	0	0	0	0	0	0	0	0	0	0	0	0	0	0	0	0	0	1	0	0	0	0	0	0	0	0	0	0	0	0	0	0	0	0	0	0	0	0	0	0	0	0	0
8	113	2008	18.044405	100	0	14.403297	19.270615	41.420807	8.055542	48.329201	1.7786561	52.624615	37.288296	33.219959	11.396855	12.00555	8	9	1	0	2	7.6597638	100	0	14.403297	19.218029	44.971985	7.5149097	44.362999	.95238096	61.247677	35.897133	62.130699	9.6074886	9.7123423	6.8000002	8.3999996	.2	0	2.8	6.9095426	0	0	0	0	0	0	0	1	0	0	0	0	0	0	0	0	0	0	0	0	0	0	0	0	0	1	0	0	0	0	0	0	0	0	0	0	0	0	0	0	0	0	0	0	0	0	0	0	0	0	0
2	114	1978	32.407429	97.868752	4.8000002	14.285514	17.403452	80.098259	5.7519698	48.114601	3.4023612	58.993336	47.038937	17.851471	8.0519552	17.633394	-6.4000001	1	1	1	5.4000001	7.6674299	98.32428	0	14.285514	17.248455	82.033638	6.2098579	43.932999	2.6264832	69.416618	50.978256	12.281266	7.2934294	22.45796	-10	1	1	0	5.25	6.7103648	0	1	0	0	0	0	0	0	0	0	0	0	0	0	0	0	0	0	0	0	0	0	0	0	0	0	1	0	0	0	0	0	0	0	0	0	0	0	0	0	0	0	0	0	0	0	0	0	0	0	0
3	114	1983	24.060457	97.166435	13	14.285514	17.580122	85.048042	5.6155815	51.9142	4.2438574	29.826033	46.531178	29.227858	8.2106342	14.162004	-5.5999999	2	1	1	5.5999999	7.9106112	97.868752	4.8000002	14.285514	17.403452	80.098259	5.7519698	48.114601	3.4023612	58.993336	47.038937	17.851471	8.0519552	17.633394	-6.4000001	1	1	1	5.4000001	7.6674299	0	0	1	0	0	0	0	0	0	0	0	0	0	0	0	0	0	0	0	0	0	0	0	0	0	0	1	0	0	0	0	0	0	0	0	0	0	0	0	0	0	0	0	0	0	0	0	0	0	0	0
4	114	1988	18.837393	97.146309	7.5999999	14.285514	17.757929	90.085144	6.3262968	55.155998	3.1356602	22.437773	45.941513	49.757999	8.0735312	18.480261	-6	2	1	1	5.4000001	7.4267039	97.166435	13	14.285514	17.580122	85.048042	5.6155815	51.9142	4.2438574	29.826033	46.531178	29.227858	8.2106342	14.162004	-5.5999999	2	1	1	5.5999999	7.9106112	0	0	0	1	0	0	0	0	0	0	0	0	0	0	0	0	0	0	0	0	0	0	0	0	0	0	1	0	0	0	0	0	0	0	0	0	0	0	0	0	0	0	0	0	0	0	0	0	0	0	0
5	114	1993	22.54002	100	2.4000001	14.285514	17.875656	84.020706	7.125484	58.673599	1.3918307	42.096073	45.461758	32.80698	8.0163879	35.178341	-6	2	1	1	6	7.4991384	97.146309	7.5999999	14.285514	17.757929	90.085144	6.3262968	55.155998	3.1356602	22.437773	45.941513	49.757999	8.0735312	18.480261	-6	2	1	1	5.4000001	7.4267039	0	0	0	0	1	0	0	0	0	0	0	0	0	0	0	0	0	0	0	0	0	0	0	0	0	0	1	0	0	0	0	0	0	0	0	0	0	0	0	0	0	0	0	0	0	0	0	0	0	0	0
6	114	1998	23.146378	97.504715	0	14.285514	17.958393	66.402687	7.3632579	62.5196	1.9267237	33.925011	45.098007	23.76638	8.084837	20.94969	1.2	5.1999998	1	1	6	7.447082	100	2.4000001	14.285514	17.875656	84.020706	7.125484	58.673599	1.3918307	42.096073	45.461758	32.80698	8.0163879	35.178341	-6	2	1	1	6	7.4991384	0	0	0	0	0	1	0	0	0	0	0	0	0	0	0	0	0	0	0	0	0	0	0	0	0	0	1	0	0	0	0	0	0	0	0	0	0	0	0	0	0	0	0	0	0	0	0	0	0	0	0
7	114	2003	26.132647	94.21624	0	14.285514	18.034801	44.855328	7.4520316	66.151604	1.1855105	50.072487	42.997589	23.993719	9.1960649	17.862	-.60000002	4.8000002	1	1	6	7.6916595	97.504715	0	14.285514	17.958393	66.402687	7.3632579	62.5196	1.9267237	33.925011	45.098007	23.76638	8.084837	20.94969	1.2	5.1999998	1	1	6	7.447082	0	0	0	0	0	0	1	0	0	0	0	0	0	0	0	0	0	0	0	0	0	0	0	0	0	0	1	0	0	0	0	0	0	0	0	0	0	0	0	0	0	0	0	0	0	0	0	0	0	0	0
2	119	1978	33.736622	100	0	12.591709	17.837259	36.289635	20.333754	66.241203	.36363637	43.733734	44.808472	57.041901	9.0206919	17.228661	10	10	0	0	1.8	8.6257305	100	0	12.591709	17.811834	38.567966	18.425196	65.094597	.37037036	36.173248	50.16922	49.420238	8.893405	12.555982	10	10	0	0	1	8.017992	0	1	0	0	0	0	0	0	0	0	0	0	0	0	0	0	0	0	0	0	0	0	0	0	0	0	0	1	0	0	0	0	0	0	0	0	0	0	0	0	0	0	0	0	0	0	0	0	0	0	0
3	119	1983	27.021959	94.306259	0	12.591709	17.855022	30.988268	19.920109	66.751602	.35714287	44.3759	40.667606	69.361702	9.2711992	14.272268	10	10	0	0	1	8.9219522	100	0	12.591709	17.837259	36.289635	20.333754	66.241203	.36363637	43.733734	44.808472	57.041901	9.0206919	17.228661	10	10	0	0	1.8	8.6257305	0	0	1	0	0	0	0	0	0	0	0	0	0	0	0	0	0	0	0	0	0	0	0	0	0	0	0	1	0	0	0	0	0	0	0	0	0	0	0	0	0	0	0	0	0	0	0	0	0	0	0
4	119	1988	45.684254	84.085602	0	12.591709	17.858562	25.680552	20.648241	66.765999	0	37.444084	43.092712	90.720337	10.60067	7.0519099	10	10	0	0	1	9.6056147	94.306259	0	12.591709	17.855022	30.988268	19.920109	66.751602	.35714287	44.3759	40.667606	69.361702	9.2711992	14.272268	10	10	0	0	1	8.9219522	0	0	0	1	0	0	0	0	0	0	0	0	0	0	0	0	0	0	0	0	0	0	0	0	0	0	0	1	0	0	0	0	0	0	0	0	0	0	0	0	0	0	0	0	0	0	0	0	0	0	0
5	119	1993	48.730179	98.270828	0	12.591709	17.858562	22.533274	23.339108	66.843597	0	40.21085	45.625938	112.62706	10.97679	4.8606219	10	10	0	.40000001	1	9.8999329	84.085602	0	12.591709	17.858562	25.680552	20.648241	66.765999	0	37.444084	43.092712	90.720337	10.60067	7.0519099	10	10	0	0	1	9.6056147	0	0	0	0	1	0	0	0	0	0	0	0	0	0	0	0	0	0	0	0	0	0	0	0	0	0	0	1	0	0	0	0	0	0	0	0	0	0	0	0	0	0	0	0	0	0	0	0	0	0	0
6	119	1998	42.139866	85.919037	0	12.591709	17.858562	21.403664	25.994852	67.101997	0	47.489143	45.937073	115.353	11.507975	2.7522659	10	10	0	1	1	9.9556952	98.270828	0	12.591709	17.858562	22.533274	23.339108	66.843597	0	40.21085	45.625938	112.62706	10.97679	4.8606219	10	10	0	.40000001	1	9.8999329	0	0	0	0	0	1	0	0	0	0	0	0	0	0	0	0	0	0	0	0	0	0	0	0	0	0	0	1	0	0	0	0	0	0	0	0	0	0	0	0	0	0	0	0	0	0	0	0	0	0	0
7	119	2003	38.808456	81.38414	0	12.59177	17.872416	21.229797	28.672873	67.441597	.3508772	50.42683	45.008194	105.7468	12.030114	2.68277	10	10	0	1	1	10.130092	85.919037	0	12.591709	17.858562	21.403664	25.994852	67.101997	0	47.489143	45.937073	115.353	11.507975	2.7522659	10	10	0	1	1	9.9556952	0	0	0	0	0	0	1	0	0	0	0	0	0	0	0	0	0	0	0	0	0	0	0	0	0	0	0	1	0	0	0	0	0	0	0	0	0	0	0	0	0	0	0	0	0	0	0	0	0	0	0
8	119	2008	40.765419	82.845886	0	12.591811	17.906439	21.343733	30.437458	67.967201	.34482759	54.969227	44.215855	110.326	12.728108	1.8183622	10	10	0	1	1	10.46102	81.38414	0	12.59177	17.872416	21.229797	28.672873	67.441597	.3508772	50.42683	45.008194	105.7468	12.030114	2.68277	10	10	0	1	1	10.130092	0	0	0	0	0	0	0	1	0	0	0	0	0	0	0	0	0	0	0	0	0	0	0	0	0	0	0	1	0	0	0	0	0	0	0	0	0	0	0	0	0	0	0	0	0	0	0	0	0	0	0
6	120	1998	20.494514	100	.40000001	12.669806	16.574409	77.240349	5.4406266	42.608601	2.7619047	74.65564	43.991074	98.65284	7.4827771	2.9915423	-3	3	1	1	6	6.6234975	100	0	12.669806	16.438723	82.64817	5.1541634	40.464001	3.2051282	59.862957	38.188023	124.9748	6.8716908	12.844748	-6.5999999	2	1	1	6	6.656867	0	0	0	0	0	1	0	0	0	0	0	0	0	0	0	0	0	0	0	0	0	0	0	0	0	0	0	0	1	0	0	0	0	0	0	0	0	0	0	0	0	0	0	0	0	0	0	0	0	0	0
7	120	2003	20.00223	100	2	12.669806	16.671587	76.066956	6.0300283	45.518002	1.25	81.264236	46.206551	86.30452	8.1502571	3.0956423	.80000001	6	1	1	5.8000002	6.7086682	100	.40000001	12.669806	16.574409	77.240349	5.4406266	42.608601	2.7619047	74.65564	43.991074	98.65284	7.4827771	2.9915423	-3	3	1	1	6	6.6234975	0	0	0	0	0	0	1	0	0	0	0	0	0	0	0	0	0	0	0	0	0	0	0	0	0	0	0	0	1	0	0	0	0	0	0	0	0	0	0	0	0	0	0	0	0	0	0	0	0	0	0
2	122	1978	15.70731	100	0	12.811481	18.533394	35.542545	12.706928	75.991402	1.8181819	24.308762	35.791096	41.248901	7.9183178	5.5100741	10	10	0	1	1.8	8.923851	100	0	12.812027	18.515991	35.49992	11.026397	74.180397	2	22.22868	35.957485	18.68084	7.4313641	10.277742	10	10	0	1	2	8.1570807	0	1	0	0	0	0	0	0	0	0	0	0	0	0	0	0	0	0	0	0	0	0	0	0	0	0	0	0	0	1	0	0	0	0	0	0	0	0	0	0	0	0	0	0	0	0	0	0	0	0	0
3	122	1983	16.910448	100	0	12.809347	18.603003	33.232903	14.337527	76.4972	0	26.635551	33.502625	63.821362	8.3629637	1.6833806	10	10	0	1	1	9.2557926	100	0	12.811481	18.533394	35.542545	12.706928	75.991402	1.8181819	24.308762	35.791096	41.248901	7.9183178	5.5100741	10	10	0	1	1.8	8.923851	0	0	1	0	0	0	0	0	0	0	0	0	0	0	0	0	0	0	0	0	0	0	0	0	0	0	0	0	0	1	0	0	0	0	0	0	0	0	0	0	0	0	0	0	0	0	0	0	0	0	0
4	122	1988	15.426214	100	0	12.806611	18.603003	28.421913	16.173023	77.088203	0	18.351826	35.047356	71.020821	9.0915213	1.2987612	10	10	0	1	1	10.01014	100	0	12.809347	18.603003	33.232903	14.337527	76.4972	0	26.635551	33.502625	63.821362	8.3629637	1.6833806	10	10	0	1	1	9.2557926	0	0	0	1	0	0	0	0	0	0	0	0	0	0	0	0	0	0	0	0	0	0	0	0	0	0	0	0	0	1	0	0	0	0	0	0	0	0	0	0	0	0	0	0	0	0	0	0	0	0	0
5	122	1993	21.662729	100	0	12.806556	18.603003	24.154331	19.165594	77.745201	1.6666666	16.855499	37.796234	77.225861	9.8161917	.80420619	10	10	0	1	1.4	10.468313	100	0	12.806611	18.603003	28.421913	16.173023	77.088203	0	18.351826	35.047356	71.020821	9.0915213	1.2987612	10	10	0	1	1	10.01014	0	0	0	0	1	0	0	0	0	0	0	0	0	0	0	0	0	0	0	0	0	0	0	0	0	0	0	0	0	1	0	0	0	0	0	0	0	0	0	0	0	0	0	0	0	0	0	0	0	0	0
8	122	2008	16.848259	51.823223	0	12.806282	18.683044	20.812334	33.102547	88.715797	0	30.86532	37.131626	202.146	12.018189	-1.1964146	10	10	0	1	1	10.543341	51.572327	0	12.806282	18.683044	21.005255	28.007349	83.046402	0	23.038614	38.358185	169.9054	11.300238	-1.413304	10	10	0	1	1	10.442793	0	0	0	0	0	0	0	1	0	0	0	0	0	0	0	0	0	0	0	0	0	0	0	0	0	0	0	0	0	1	0	0	0	0	0	0	0	0	0	0	0	0	0	0	0	0	0	0	0	0	0
2	125	1978	14.20185	93.179474	0	13.251882	16.535578	106.02351	6.6427016	14.5154	4.3003664	50.914047	63.161606	21.707033	6.0206199	10.815272	-6.5999999	1.4	1	1	5	6.0862403	100	0	13.251882	16.348442	104.59311	7.0658746	11.8664	3.4848485	48.594276	70.998444	13.40548	5.4040275	6.0148578	-7	1	1	1	5	5.5475159	0	1	0	0	0	0	0	0	0	0	0	0	0	0	0	0	0	0	0	0	0	0	0	0	0	0	0	0	0	0	1	0	0	0	0	0	0	0	0	0	0	0	0	0	0	0	0	0	0	0	0
3	125	1983	17.12775	95.018745	0	13.251882	16.726336	106.24275	6.1866407	15.8806	4.5902133	42.224461	68.352135	34.745178	6.410388	10.556036	-6.8000002	1.2	1	1	5.4000001	6.099648	93.179474	0	13.251882	16.535578	106.02351	6.6427016	14.5154	4.3003664	50.914047	63.161606	21.707033	6.0206199	10.815272	-6.5999999	1.4	1	1	5	6.0862403	0	0	1	0	0	0	0	0	0	0	0	0	0	0	0	0	0	0	0	0	0	0	0	0	0	0	0	0	0	0	1	0	0	0	0	0	0	0	0	0	0	0	0	0	0	0	0	0	0	0	0
4	125	1988	18.022753	95.151093	0	13.251882	16.895967	103.70297	5.7542844	16.4804	2.8614719	40.515968	61.957531	45.929001	6.6188164	8.1950998	-7	1	1	1	6	6.1720243	95.018745	0	13.251882	16.726336	106.24275	6.1866407	15.8806	4.5902133	42.224461	68.352135	34.745178	6.410388	10.556036	-6.8000002	1.2	1	1	5.4000001	6.099648	0	0	0	1	0	0	0	0	0	0	0	0	0	0	0	0	0	0	0	0	0	0	0	0	0	0	0	0	0	0	1	0	0	0	0	0	0	0	0	0	0	0	0	0	0	0	0	0	0	0	0
5	125	1993	18.205807	95.835495	0	13.251882	17.06485	95.639442	5.4303184	17.657	3.2721293	51.911682	53.043282	67.894058	6.8681083	17.07304	-5	3	1	1	5.5999999	5.9176569	95.151093	0	13.251882	16.895967	103.70297	5.7542844	16.4804	2.8614719	40.515968	61.957531	45.929001	6.6188164	8.1950998	-7	1	1	1	6	6.1720243	0	0	0	0	1	0	0	0	0	0	0	0	0	0	0	0	0	0	0	0	0	0	0	0	0	0	0	0	0	0	1	0	0	0	0	0	0	0	0	0	0	0	0	0	0	0	0	0	0	0	0
6	125	1998	18.508636	100	0	13.251882	17.202686	86.686958	5.3234186	19.2404	2.8113482	50.914257	51.185928	54.576439	7.163578	14.125838	-2.5999999	7	1	1	6.1999998	6.0717134	95.835495	0	13.251882	17.06485	95.639442	5.4303184	17.657	3.2721293	51.911682	53.043282	67.894058	6.8681083	17.07304	-5	3	1	1	5.5999999	5.9176569	0	0	0	0	0	1	0	0	0	0	0	0	0	0	0	0	0	0	0	0	0	0	0	0	0	0	0	0	0	0	1	0	0	0	0	0	0	0	0	0	0	0	0	0	0	0	0	0	0	0	0
7	125	2003	19.944061	98.537704	0	13.251882	17.341005	80.19175	5.1635408	20.9618	3.0358858	57.84288	49.131241	55.569	7.4134712	4.1460252	6	8.8000002	1	1	3.8	6.0974269	100	0	13.251882	17.202686	86.686958	5.3234186	19.2404	2.8113482	50.914257	51.185928	54.576439	7.163578	14.125838	-2.5999999	7	1	1	6.1999998	6.0717134	0	0	0	0	0	0	1	0	0	0	0	0	0	0	0	0	0	0	0	0	0	0	0	0	0	0	0	0	0	0	1	0	0	0	0	0	0	0	0	0	0	0	0	0	0	0	0	0	0	0	0
6	143	1998	16.885897	100	0	13.273435	16.482164	86.739014	6.0355549	26.591	4.3003664	55.417686	41.49905	129.5032	5.3190956	10.103406	7.5999999	9	1	1	2	5.5662599	100	0	13.273435	16.332434	84.977768	6.0087118	24.903999	1.6666666	46.338387	44.747894	142.343	4.774682	25.231501	7.5999999	9	1	1	2.8	5.5017118	0	0	0	0	0	1	0	0	0	0	0	0	0	0	0	0	0	0	0	0	0	0	0	0	0	0	0	0	0	0	0	1	0	0	0	0	0	0	0	0	0	0	0	0	0	0	0	0	0	0	0
7	143	2003	19.341795	100	0	13.273435	16.635906	86.632149	6.0605497	28.136801	2.4264705	64.918411	46.223564	101.43416	6.192873	11.582916	7	9	1	1	2.8	5.6404862	100	0	13.273435	16.482164	86.739014	6.0355549	26.591	4.3003664	55.417686	41.49905	129.5032	5.3190956	10.103406	7.5999999	9	1	1	2	5.5662599	0	0	0	0	0	0	1	0	0	0	0	0	0	0	0	0	0	0	0	0	0	0	0	0	0	0	0	0	0	0	0	1	0	0	0	0	0	0	0	0	0	0	0	0	0	0	0	0	0	0	0
3	145	1983	25.626457	96.137764	0	12.702444	16.522671	66.54705	6.2339339	44.353401	2.7619047	100.0918	59.322937	71.365936	8.7479057	2.56304	4	6	0	1	3	7.6568656	100	0	12.702444	16.410103	71.646484	6.3412428	40.287201	3.2051282	91.485611	62.519802	43.648361	8.2870674	8.7372017	4	6	0	1	3	7.2102575	0	0	1	0	0	0	0	0	0	0	0	0	0	0	0	0	0	0	0	0	0	0	0	0	0	0	0	0	0	0	0	0	1	0	0	0	0	0	0	0	0	0	0	0	0	0	0	0	0	0	0
4	145	1988	25.937347	84.142181	0	12.702444	16.659462	64.045654	6.1357126	48.233601	2.4264705	116.23418	47.021152	97.671898	8.9291201	1.756318	4	6	0	1	4	7.694006	96.137764	0	12.702444	16.522671	66.54705	6.2339339	44.353401	2.7619047	100.0918	59.322937	71.365936	8.7479057	2.56304	4	6	0	1	3	7.6568656	0	0	0	1	0	0	0	0	0	0	0	0	0	0	0	0	0	0	0	0	0	0	0	0	0	0	0	0	0	0	0	0	1	0	0	0	0	0	0	0	0	0	0	0	0	0	0	0	0	0	0
5	145	1993	24.198528	82.55732	0	12.702444	16.800484	60.537128	6.0947676	53.330399	3.1637428	155.47279	46.101658	55.674721	9.8705845	3.51141	3.8	6	0	1	4.4000001	8.1997633	84.142181	0	12.702444	16.659462	64.045654	6.1357126	48.233601	2.4264705	116.23418	47.021152	97.671898	8.9291201	1.756318	4	6	0	1	4	7.694006	0	0	0	0	1	0	0	0	0	0	0	0	0	0	0	0	0	0	0	0	0	0	0	0	0	0	0	0	0	0	0	0	1	0	0	0	0	0	0	0	0	0	0	0	0	0	0	0	0	0	0
6	145	1998	21.196899	88.055107	0	12.702444	16.91503	55.228634	6.0514002	59.461399	1.8614719	189.43867	45.564854	35.04142	10.318417	4.9123716	3	6	0	1	4.5999999	8.3547678	82.55732	0	12.702444	16.800484	60.537128	6.0947676	53.330399	3.1637428	155.47279	46.101658	55.674721	9.8705845	3.51141	3.8	6	0	1	4.4000001	8.1997633	0	0	0	0	0	1	0	0	0	0	0	0	0	0	0	0	0	0	0	0	0	0	0	0	0	0	0	0	0	0	0	0	1	0	0	0	0	0	0	0	0	0	0	0	0	0	0	0	0	0	0
7	145	2003	26.481754	94.579735	0	12.702444	17.04191	51.582932	6.4762492	65.3358	2.5028985	195.95184	40.298409	43.925739	10.592957	3.9436159	3	6	0	1	4.5999999	8.4470263	88.055107	0	12.702444	16.91503	55.228634	6.0514002	59.461399	1.8614719	189.43867	45.564854	35.04142	10.318417	4.9123716	3	6	0	1	4.5999999	8.3547678	0	0	0	0	0	0	1	0	0	0	0	0	0	0	0	0	0	0	0	0	0	0	0	0	0	0	0	0	0	0	0	0	1	0	0	0	0	0	0	0	0	0	0	0	0	0	0	0	0	0	0
8	147	2008	24.139414	100	0	13.997832	16.482164	93.192261	4.3936615	33.003799	3.2051282	53.118153	38.842491	23.48172	7.7008371	4.9025278	7	9	1	1	2	6.3125968	100	0	13.997832	16.332434	93.292328	4.681756	29.8876	3.8181818	59.561047	39.33379	58.78928	6.8148532	3.7734311	6.8000002	8.6000004	1	1	2	5.7940016	0	0	0	0	0	0	0	1	0	0	0	0	0	0	0	0	0	0	0	0	0	0	0	0	0	0	0	0	0	0	0	0	0	1	0	0	0	0	0	0	0	0	0	0	0	0	0	0	0	0	0
2	154	1978	10.502436	82.349121	0	14.457364	17.995352	88.396904	7.4696326	64.906998	2.4597559	21.909664	51.708771	35.79594	8.5068579	23.773621	-3.5999999	5.1999998	1	.60000002	3.5999999	7.6587324	76.531548	0	14.457364	17.850603	93.109665	7.5223804	61.263802	3.1889608	17.302086	53.94183	20.192381	7.9398069	12.988662	-6	2	1	0	4.25	7.118475	0	1	0	0	0	0	0	0	0	0	0	0	0	0	0	0	0	0	0	0	0	0	0	0	0	0	0	0	0	0	0	0	0	0	1	0	0	0	0	0	0	0	0	0	0	0	0	0	0	0	0
3	154	1983	17.367098	87.168167	0	14.457364	18.108278	80.904564	7.3574963	67.905602	2.190134	28.408022	48.050426	52.712524	9.1848383	58.64732	-3	6	1	1	3.2	7.9840746	82.349121	0	14.457364	17.995352	88.396904	7.4696326	64.906998	2.4597559	21.909664	51.708771	35.79594	8.5068579	23.773621	-3.5999999	5.1999998	1	.60000002	3.5999999	7.6587324	0	0	1	0	0	0	0	0	0	0	0	0	0	0	0	0	0	0	0	0	0	0	0	0	0	0	0	0	0	0	0	0	0	0	1	0	0	0	0	0	0	0	0	0	0	0	0	0	0	0	0
4	154	1988	20.604136	88.888794	0	14.457364	18.209562	71.157684	7.4387221	70.431396	1.9737209	34.829628	48.372726	68.463676	9.7611046	76.128639	-1.2	6.5999999	1	1	3.8	7.8301554	87.168167	0	14.457364	18.108278	80.904564	7.3574963	67.905602	2.190134	28.408022	48.050426	52.712524	9.1848383	58.64732	-3	6	1	1	3.2	7.9840746	0	0	0	1	0	0	0	0	0	0	0	0	0	0	0	0	0	0	0	0	0	0	0	0	0	0	0	0	0	0	0	0	0	0	1	0	0	0	0	0	0	0	0	0	0	0	0	0	0	0	0
5	154	1993	13.648726	73.22422	0	14.457364	18.306105	62.87664	7.8408737	72.588402	2.0116549	36.844753	50.940063	39.5033	10.516129	22.311213	1.6	7	1	1	4	8.37922	88.888794	0	14.457364	18.209562	71.157684	7.4387221	70.431396	1.9737209	34.829628	48.372726	68.463676	9.7611046	76.128639	-1.2	6.5999999	1	1	3.8	7.8301554	0	0	0	0	1	0	0	0	0	0	0	0	0	0	0	0	0	0	0	0	0	0	0	0	0	0	0	0	0	0	0	0	0	0	1	0	0	0	0	0	0	0	0	0	0	0	0	0	0	0	0
6	154	1998	14.115083	68.271866	0	14.457364	18.389946	56.318523	8.3840084	74.180397	1.035444	57.134876	50.220074	45.630402	11.278131	18.126341	6	8.1999998	1	1	3	8.5020857	73.22422	0	14.457364	18.306105	62.87664	7.8408737	72.588402	2.0116549	36.844753	50.940063	39.5033	10.516129	22.311213	1.6	7	1	1	4	8.37922	0	0	0	0	0	1	0	0	0	0	0	0	0	0	0	0	0	0	0	0	0	0	0	0	0	0	0	0	0	0	0	0	0	0	1	0	0	0	0	0	0	0	0	0	0	0	0	0	0	0	0
2	161	1978	19.09059	100	3	13.008747	16.748581	85.760368	7.6326928	39.8116	2.1637428	51.741394	62.847996	54.577721	6.1433206	9.3460217	-8.1999998	2	1	1	3.8	6.6843019	100	.60000002	13.008782	16.612349	98.423759	7.9561124	36.419201	2.4264705	48.321114	65.669937	31.89978	5.7983694	7.7036653	-9	2	1	1	5	6.0427756	0	1	0	0	0	0	0	0	0	0	0	0	0	0	0	0	0	0	0	0	0	0	0	0	0	0	0	0	0	0	0	0	0	0	0	1	0	0	0	0	0	0	0	0	0	0	0	0	0	0	0
3	161	1983	22.060642	100	3	13.008747	16.868883	77.26265	7.6005535	43.351398	1.9523809	57.286133	46.134834	94.67028	6.3116231	8.255806	-8	2	1	1	4	6.6054544	100	3	13.008747	16.748581	85.760368	7.6326928	39.8116	2.1637428	51.741394	62.847996	54.577721	6.1433206	9.3460217	-8.1999998	2	1	1	3.8	6.6843019	0	0	1	0	0	0	0	0	0	0	0	0	0	0	0	0	0	0	0	0	0	0	0	0	0	0	0	0	0	0	0	0	0	0	0	1	0	0	0	0	0	0	0	0	0	0	0	0	0	0	0
4	161	1988	20.858759	100	2.4000001	13.008747	16.984705	72.909851	6.9236054	46.946201	2.6119895	52.963001	37.80571	105.1272	6.8393469	5.8015318	-8	2	1	1	4	6.8956056	100	3	13.008747	16.868883	77.26265	7.6005535	43.351398	1.9523809	57.286133	46.134834	94.67028	6.3116231	8.255806	-8	2	1	1	4	6.6054544	0	0	0	1	0	0	0	0	0	0	0	0	0	0	0	0	0	0	0	0	0	0	0	0	0	0	0	0	0	0	0	0	0	0	0	1	0	0	0	0	0	0	0	0	0	0	0	0	0	0	0
5	161	1993	28.117607	100	0	13.008747	17.080858	66.680183	7.1661444	50.371601	1.5692308	53.139187	39.107727	86.291344	7.954772	4.8255038	-7.1999998	2	1	1	5.1999998	7.1316276	100	2.4000001	13.008747	16.984705	72.909851	6.9236054	46.946201	2.6119895	52.963001	37.80571	105.1272	6.8393469	5.8015318	-8	2	1	1	4	6.8956056	0	0	0	0	1	0	0	0	0	0	0	0	0	0	0	0	0	0	0	0	0	0	0	0	0	0	0	0	0	0	0	0	0	0	0	1	0	0	0	0	0	0	0	0	0	0	0	0	0	0	0
6	161	1998	28.029905	100	0	13.008747	17.147459	58.179211	7.5591631	52.677799	1.4550265	54.535892	40.113487	74.303596	8.7262678	3.0695641	-6.4000001	2.5999999	1	1	5	7.2362485	100	0	13.008747	17.080858	66.680183	7.1661444	50.371601	1.5692308	53.139187	39.107727	86.291344	7.954772	4.8255038	-7.1999998	2	1	1	5.1999998	7.1316276	0	0	0	0	0	1	0	0	0	0	0	0	0	0	0	0	0	0	0	0	0	0	0	0	0	0	0	0	0	0	0	0	0	0	0	1	0	0	0	0	0	0	0	0	0	0	0	0	0	0	0
7	161	2003	32.851727	97.467918	0	13.008747	17.203148	49.737247	7.9544897	54.316002	.68965518	63.56942	40.853062	65.234138	9.6439915	1.021059	-6	3	1	1	5	7.3878269	100	0	13.008747	17.147459	58.179211	7.5591631	52.677799	1.4550265	54.535892	40.113487	74.303596	8.7262678	3.0695641	-6.4000001	2.5999999	1	1	5	7.2362485	0	0	0	0	0	0	1	0	0	0	0	0	0	0	0	0	0	0	0	0	0	0	0	0	0	0	0	0	0	0	0	0	0	0	0	1	0	0	0	0	0	0	0	0	0	0	0	0	0	0	0
8	161	2008	32.953499	97.596741	0	13.008747	17.262197	43.902161	8.2223845	55.993599	1.3118279	77.430534	41.389084	51.956402	10.564976	2.6941781	-6	3	1	1	5	7.8655572	97.467918	0	13.008747	17.203148	49.737247	7.9544897	54.316002	.68965518	63.56942	40.853062	65.234138	9.6439915	1.021059	-6	3	1	1	5	7.3878269	0	0	0	0	0	0	0	1	0	0	0	0	0	0	0	0	0	0	0	0	0	0	0	0	0	0	0	0	0	0	0	0	0	0	0	1	0	0	0	0	0	0	0	0	0	0	0	0	0	0	0
5	166	1993	15.731486	100	0	11.8706	16.849821	77.317131	6.1173434	10.0786	3.1637428	49.323521	39.800346	63.91164	3.1424267	10.58509	5	5	0	1	2.5999999	5.2602701	100	0	11.8706	16.716078	77.968781	6.003664	8.2667999	2.4264705	33.542427	34.06134	49.633018	2.7175558	12.1758	-.60000002	2.5999999	0	1	3.4000001	5.2142982	0	0	0	0	1	0	0	0	0	0	0	0	0	0	0	0	0	0	0	0	0	0	0	0	0	0	0	0	0	0	0	0	0	0	0	0	1	0	0	0	0	0	0	0	0	0	0	0	0	0	0
6	166	1998	15.747686	100	2	11.871089	16.959139	75.352196	6.2919903	12.4166	1.8614719	59.64994	45.621174	62.006161	4.2075615	6.5138922	5.4000001	6.1999998	0	1	3	5.4043818	100	0	11.8706	16.849821	77.317131	6.1173434	10.0786	3.1637428	49.323521	39.800346	63.91164	3.1424267	10.58509	5	5	0	1	2.5999999	5.2602701	0	0	0	0	0	1	0	0	0	0	0	0	0	0	0	0	0	0	0	0	0	0	0	0	0	0	0	0	0	0	0	0	0	0	0	0	1	0	0	0	0	0	0	0	0	0	0	0	0	0	0
7	166	2003	15.490344	100	2	11.873044	17.080858	71.313721	6.5590444	14.4408	1.7028985	47.297729	47.564949	58.853958	4.6403394	5.6616278	-3.5999999	6.4000001	.60000002	1	4.5999999	5.5472455	100	2	11.871089	16.959139	75.352196	6.2919903	12.4166	1.8614719	59.64994	45.621174	62.006161	4.2075615	6.5138922	5.4000001	6.1999998	0	1	3	5.4043818	0	0	0	0	0	0	1	0	0	0	0	0	0	0	0	0	0	0	0	0	0	0	0	0	0	0	0	0	0	0	0	0	0	0	0	0	1	0	0	0	0	0	0	0	0	0	0	0	0	0	0
5	167	1993	49.841808	77.254364	0	10.427032	16.523561	26.594475	18.988779	71.160202	0	108.38414	41.539242	76.800003	11.346703	2.2675481	10	10	0	0	1	10.030482	77.349098	0	10.427032	16.523561	27.132849	18.103155	67.898003	1.4285715	105.47824	38.984543	74.32	10.80644	.57829762	10	10	0	0	1	9.6807966	0	0	0	0	1	0	0	0	0	0	0	0	0	0	0	0	0	0	0	0	0	0	0	0	0	0	0	0	0	0	0	0	0	0	0	0	0	1	0	0	0	0	0	0	0	0	0	0	0	0	0
6	167	1998	41.511566	88.742836	0	10.427032	16.588099	27.212521	19.692844	75.203796	1.3333334	122.37512	40.523407	64.580002	12.008492	2.3499601	10	10	0	0	1	10.147489	77.254364	0	10.427032	16.523561	26.594475	18.988779	71.160202	0	108.38414	41.539242	76.800003	11.346703	2.2675481	10	10	0	0	1	10.030482	0	0	0	0	0	1	0	0	0	0	0	0	0	0	0	0	0	0	0	0	0	0	0	0	0	0	0	0	0	0	0	0	0	0	0	0	0	1	0	0	0	0	0	0	0	0	0	0	0	0	0
7	167	2003	40.4828	88.181664	0	10.427032	16.588099	27.410679	20.420481	78.8228	0	125.28268	47.305305	51.484482	12.918883	2.8527882	10	10	0	0	1	10.37402	88.742836	0	10.427032	16.588099	27.212521	19.692844	75.203796	1.3333334	122.37512	40.523407	64.580002	12.008492	2.3499601	10	10	0	0	1	10.147489	0	0	0	0	0	0	1	0	0	0	0	0	0	0	0	0	0	0	0	0	0	0	0	0	0	0	0	0	0	0	0	0	0	0	0	0	0	1	0	0	0	0	0	0	0	0	0	0	0	0	0
8	167	2008	42.627632	89.190117	0	10.426677	16.624474	26.795153	21.851635	81.717003	1.25	140.15427	49.336761	55.065361	13.361228	1.3333036	10	10	0	0	1	10.76238	88.181664	0	10.427032	16.588099	27.410679	20.420481	78.8228	0	125.28268	47.305305	51.484482	12.918883	2.8527882	10	10	0	0	1	10.37402	0	0	0	0	0	0	0	1	0	0	0	0	0	0	0	0	0	0	0	0	0	0	0	0	0	0	0	0	0	0	0	0	0	0	0	0	0	1	0	0	0	0	0	0	0	0	0	0	0	0	0
2	174	1978	8.814785	100	0	13.722046	18.080046	82.565041	5.8780556	27.3624	2.9503911	46.401043	52.931351	15.706268	8.2648668	12.57804	0	3.5	1	0	4	6.8070865	100	0	13.722046	17.938818	80.572563	5.9396253	24.402201	2.7097082	37.434254	61.074135	12.01676	7.7466488	15.406988	-7	1	1	0	6	5.9210162	0	1	0	0	0	0	0	0	0	0	0	0	0	0	0	0	0	0	0	0	0	0	0	0	0	0	0	0	0	0	0	0	0	0	0	0	0	0	1	0	0	0	0	0	0	0	0	0	0	0	0
3	174	1983	8.9298506	100	0	13.722046	18.221634	85.500397	5.9706602	30.535	2.5674818	32.517586	44.869007	51.40258	8.5009155	11.173116	1.4	4	1	.40000001	4	6.9112186	100	0	13.722046	18.080046	82.565041	5.8780556	27.3624	2.9503911	46.401043	52.931351	15.706268	8.2648668	12.57804	0	3.5	1	0	4	6.8070865	0	0	1	0	0	0	0	0	0	0	0	0	0	0	0	0	0	0	0	0	0	0	0	0	0	0	0	0	0	0	0	0	0	0	0	0	0	0	1	0	0	0	0	0	0	0	0	0	0	0	0
4	174	1988	13.49258	100	0	13.722046	18.345228	86.684235	6.0787816	33.903999	2.7078466	42.819477	44.577126	131.6468	8.901166	31.25625	-6.1999998	1.8	1	1	5.8000002	5.8896666	100	0	13.722046	18.221634	85.500397	5.9706602	30.535	2.5674818	32.517586	44.869007	51.40258	8.5009155	11.173116	1.4	4	1	.40000001	4	6.9112186	0	0	0	1	0	0	0	0	0	0	0	0	0	0	0	0	0	0	0	0	0	0	0	0	0	0	0	0	0	0	0	0	0	0	0	0	0	0	1	0	0	0	0	0	0	0	0	0	0	0	0
2	180	1978	11.296136	100	.80000001	13.555288	18.137383	81.927177	7.0544991	27.375999	3.3058774	25.045074	42.254715	56.757462	6.051568	9.1271477	-4	2.2	.60000002	1	5.8000002	5.6444507	100	3	13.555288	17.983023	80.840775	6.9981461	25.7314	2.8822248	20.695259	40.15715	66.862938	5.7045465	15.293406	5.5999999	7	0	1	3.5	5.0792317	0	1	0	0	0	0	0	0	0	0	0	0	0	0	0	0	0	0	0	0	0	0	0	0	0	0	0	0	0	0	0	0	0	0	0	0	0	0	0	1	0	0	0	0	0	0	0	0	0	0	0
3	180	1983	13.171482	100	0	13.555288	18.303009	81.95266	7.094131	28.8328	3.4968972	27.484259	42.711308	54.41412	6.4104381	7.7495499	-6.4000001	1.2	1	1	6.4000001	5.9635758	100	.80000001	13.555288	18.137383	81.927177	7.0544991	27.375999	3.3058774	25.045074	42.254715	56.757462	6.051568	9.1271477	-4	2.2	.60000002	1	5.8000002	5.6444507	0	0	1	0	0	0	0	0	0	0	0	0	0	0	0	0	0	0	0	0	0	0	0	0	0	0	0	0	0	0	0	0	0	0	0	0	0	0	0	1	0	0	0	0	0	0	0	0	0	0	0
4	180	1988	17.133932	100	0	13.555288	18.475857	82.856972	7.1607924	30.0832	3.0397422	27.548647	40.246319	73.845016	6.9506693	6.4929638	3.2	5	.60000002	1	3.5999999	6.0167174	100	0	13.555288	18.303009	81.95266	7.094131	28.8328	3.4968972	27.484259	42.711308	54.41412	6.4104381	7.7495499	-6.4000001	1.2	1	1	6.4000001	5.9635758	0	0	0	1	0	0	0	0	0	0	0	0	0	0	0	0	0	0	0	0	0	0	0	0	0	0	0	0	0	0	0	0	0	0	0	0	0	0	0	1	0	0	0	0	0	0	0	0	0	0	0
5	180	1993	19.482727	100	0	13.555288	18.601608	82.839264	7.2534919	31.332001	3.4848485	30.115591	39.479137	75.884903	7.7581058	11.715774	8	7	0	1	3.4000001	6.2063956	100	0	13.555288	18.475857	82.856972	7.1607924	30.0832	3.0397422	27.548647	40.246319	73.845016	6.9506693	6.4929638	3.2	5	.60000002	1	3.5999999	6.0167174	0	0	0	0	1	0	0	0	0	0	0	0	0	0	0	0	0	0	0	0	0	0	0	0	0	0	0	0	0	0	0	0	0	0	0	0	0	0	0	1	0	0	0	0	0	0	0	0	0	0	0
6	180	1998	18.563818	100	0	13.555288	18.72751	78.534378	7.2205911	32.617199	1.5384616	28.831533	32.059261	77.541039	8.4847145	12.007328	2	5	.2	1	5	6.2570624	100	0	13.555288	18.601608	82.839264	7.2534919	31.332001	3.4848485	30.115591	39.479137	75.884903	7.7581058	11.715774	8	7	0	1	3.4000001	6.2063956	0	0	0	0	0	1	0	0	0	0	0	0	0	0	0	0	0	0	0	0	0	0	0	0	0	0	0	0	0	0	0	0	0	0	0	0	0	0	0	1	0	0	0	0	0	0	0	0	0	0	0
7	180	2003	17.473734	100	1.6	13.555288	18.851961	69.732147	7.1191592	33.943802	2.7619047	31.861414	32.020378	75.19236	8.8697824	5.9136739	-5.1999998	2	1	1	6	6.3234	100	0	13.555288	18.72751	78.534378	7.2205911	32.617199	1.5384616	28.831533	32.059261	77.541039	8.4847145	12.007328	2	5	.2	1	5	6.2570624	0	0	0	0	0	0	1	0	0	0	0	0	0	0	0	0	0	0	0	0	0	0	0	0	0	0	0	0	0	0	0	0	0	0	0	0	0	0	0	1	0	0	0	0	0	0	0	0	0	0	0
4	187	1988	15.576631	98.15657	0	14.077875	16.849821	68.065079	6.9273734	68.086197	1.9523809	29.917561	45.69379	44.32972	7.1213713	1871.911	7.1999998	7	1	0	2.2	7.2769699	100	0	14.077875	16.738323	73.333656	6.7849274	65.947998	3.3402133	45.587265	58.72047	48.229939	7.2254586	102.064	7	7	1	0	2	6.8547201	0	0	0	1	0	0	0	0	0	0	0	0	0	0	0	0	0	0	0	0	0	0	0	0	0	0	0	0	0	0	0	0	0	0	0	0	0	0	0	0	1	0	0	0	0	0	0	0	0	0	0
5	187	1993	17.985008	83.043549	0	14.077875	16.950626	62.722904	7.2689767	70.130997	1.7786561	28.612711	46.740871	44.754921	7.7914758	107.03634	1.6	5.4000001	1	0	4.8000002	7.4668088	98.15657	0	14.077875	16.849821	68.065079	6.9273734	68.086197	1.9523809	29.917561	45.69379	44.32972	7.1213713	1871.911	7.1999998	7	1	0	2.2	7.2769699	0	0	0	0	1	0	0	0	0	0	0	0	0	0	0	0	0	0	0	0	0	0	0	0	0	0	0	0	0	0	0	0	0	0	0	0	0	0	0	0	1	0	0	0	0	0	0	0	0	0	0
6	187	1998	18.32769	94.475006	0	14.077875	17.034065	57.588898	7.81565	72.205597	1.6333333	32.352161	50.38908	37.833302	9.0585728	6.3938718	1.8	6	1	0	4.4000001	7.6986136	83.043549	0	14.077875	16.950626	62.722904	7.2689767	70.130997	1.7786561	28.612711	46.740871	44.754921	7.7914758	107.03634	1.6	5.4000001	1	0	4.8000002	7.4668088	0	0	0	0	0	1	0	0	0	0	0	0	0	0	0	0	0	0	0	0	0	0	0	0	0	0	0	0	0	0	0	0	0	0	0	0	0	0	0	0	1	0	0	0	0	0	0	0	0	0	0
7	187	2003	18.249115	95.777824	0	14.077875	17.111073	52.962399	8.4886522	74.237198	1.5099715	37.101574	49.548828	39.716824	9.4897957	2.2791929	9	9	1	0	1.8	7.7681031	94.475006	0	14.077875	17.034065	57.588898	7.81565	72.205597	1.6333333	32.352161	50.38908	37.833302	9.0585728	6.3938718	1.8	6	1	0	4.4000001	7.6986136	0	0	0	0	0	0	1	0	0	0	0	0	0	0	0	0	0	0	0	0	0	0	0	0	0	0	0	0	0	0	0	0	0	0	0	0	0	0	0	0	1	0	0	0	0	0	0	0	0	0	0
8	187	2008	18.102591	95.855911	0	14.077875	17.161751	48.581364	9.2182846	76.160202	.71428573	48.757771	47.430161	28.161501	10.325131	4.2699881	9	9	1	0	2	8.3575392	95.777824	0	14.077875	17.111073	52.962399	8.4886522	74.237198	1.5099715	37.101574	49.548828	39.716824	9.4897957	2.2791929	9	9	1	0	1.8	7.7681031	0	0	0	0	0	0	0	1	0	0	0	0	0	0	0	0	0	0	0	0	0	0	0	0	0	0	0	0	0	0	0	0	0	0	0	0	0	0	0	0	1	0	0	0	0	0	0	0	0	0	0
2	188	1978	10.031141	92.030273	6	12.605419	17.60788	82.427162	5.9916401	36.712601	2.7739584	41.961311	56.945316	21.397261	6.7580681	10.999712	-9	1	1	1	5	6.3615928	100	4.8000002	12.605594	17.472935	86.862915	5.9131784	34.527599	2.6352324	39.992485	57.357307	14.67438	6.1109247	15.939554	-6.8000002	2	1	1	4.75	5.7001314	0	1	0	0	0	0	0	0	0	0	0	0	0	0	0	0	0	0	0	0	0	0	0	0	0	0	0	0	0	0	0	0	0	0	0	0	0	0	0	0	0	1	0	0	0	0	0	0	0	0	0
3	188	1983	8.6208134	86.415977	6	12.605419	17.750376	78.516022	5.8398314	40.82	2.8208992	43.030277	56.018131	40.489262	6.7635622	21.119024	-6.5999999	2.4000001	1	1	4.5999999	6.5881066	92.030273	6	12.605419	17.60788	82.427162	5.9916401	36.712601	2.7739584	41.961311	56.945316	21.397261	6.7580681	10.999712	-9	1	1	1	5	6.3615928	0	0	1	0	0	0	0	0	0	0	0	0	0	0	0	0	0	0	0	0	0	0	0	0	0	0	0	0	0	0	0	0	0	0	0	0	0	0	0	0	0	1	0	0	0	0	0	0	0	0	0
4	188	1988	13.842512	92.062759	6	12.605419	17.888994	75.178802	5.6552935	46.372398	2.8052876	49.02293	56.070614	67.589142	7.3897629	8.4204903	6.5999999	7	1	1	2.5999999	6.5558629	86.415977	6	12.605419	17.750376	78.516022	5.8398314	40.82	2.8208992	43.030277	56.018131	40.489262	6.7635622	21.119024	-6.5999999	2.4000001	1	1	4.5999999	6.5881066	0	0	0	1	0	0	0	0	0	0	0	0	0	0	0	0	0	0	0	0	0	0	0	0	0	0	0	0	0	0	0	0	0	0	0	0	0	0	0	0	0	1	0	0	0	0	0	0	0	0	0
5	188	1993	16.64991	96.540443	6	12.605419	18.007669	71.563026	5.4285154	48.41	2.4596286	62.490658	57.95462	56.518661	8.4916801	9.7667799	8	8.6000004	1	1	2.8	6.8677893	92.062759	6	12.605419	17.888994	75.178802	5.6552935	46.372398	2.8052876	49.02293	56.070614	67.589142	7.3897629	8.4204903	6.5999999	7	1	1	2.5999999	6.5558629	0	0	0	0	1	0	0	0	0	0	0	0	0	0	0	0	0	0	0	0	0	0	0	0	0	0	0	0	0	0	0	0	0	0	0	0	0	0	0	0	0	1	0	0	0	0	0	0	0	0	0
6	188	1998	17.459705	100	6	12.605419	18.119101	67.568306	5.3985195	48.110001	2.1899235	94.930969	55.136765	51.152618	9.1313772	9.7123957	8	9	1	1	2	7.0286193	96.540443	6	12.605419	18.007669	71.563026	5.4285154	48.41	2.4596286	62.490658	57.95462	56.518661	8.4916801	9.7667799	8	8.6000004	1	1	2.8	6.8677893	0	0	0	0	0	1	0	0	0	0	0	0	0	0	0	0	0	0	0	0	0	0	0	0	0	0	0	0	0	0	0	0	0	0	0	0	0	0	0	0	0	1	0	0	0	0	0	0	0	0	0
7	188	2003	18.091158	100	3	12.605419	18.226667	63.936096	5.5716724	48.0158	1.9737209	100.74288	45.208099	63.144718	9.4025583	4.8515878	8	9	1	1	2.2	6.9607182	100	6	12.605419	18.119101	67.568306	5.3985195	48.110001	2.1899235	94.930969	55.136765	51.152618	9.1313772	9.7123957	8	9	1	1	2	7.0286193	0	0	0	0	0	0	1	0	0	0	0	0	0	0	0	0	0	0	0	0	0	0	0	0	0	0	0	0	0	0	0	0	0	0	0	0	0	0	0	0	0	1	0	0	0	0	0	0	0	0	0
8	188	2008	16.782595	100	3	12.605419	18.317259	59.947975	5.8331294	48.402	1.5788831	78.970474	43.706661	47.572239	9.9703093	4.5168099	8	9	1	1	3.5999999	7.4851251	100	3	12.605419	18.226667	63.936096	5.5716724	48.0158	1.9737209	100.74288	45.208099	63.144718	9.4025583	4.8515878	8	9	1	1	2.2	6.9607182	0	0	0	0	0	0	0	1	0	0	0	0	0	0	0	0	0	0	0	0	0	0	0	0	0	0	0	0	0	0	0	0	0	0	0	0	0	0	0	0	0	1	0	0	0	0	0	0	0	0	0
2	225	1978	20.788836	79.561287	0	13.997832	17.132639	75.661606	5.7010508	48.298599	2.3099716	58.776249	66.369865	41.535599	9.3713055	14.66204	4	2	0	0	4.8000002	7.4810109	100	0	13.997832	17.009226	76.67527	6.0273228	47.988998	2.6119895	51.726444	66.516701	37.380939	8.9562578	12.379402	4	2	0	0	4.25	7.0241632	0	1	0	0	0	0	0	0	0	0	0	0	0	0	0	0	0	0	0	0	0	0	0	0	0	0	0	0	0	0	0	0	0	0	0	0	0	0	0	0	0	0	1	0	0	0	0	0	0	0	0
3	225	1983	24.332918	76.935448	1.8	13.997832	17.261793	73.193695	5.5417476	48.993198	2.0706077	52.17775	65.889565	27.400261	9.4322472	13.750552	4	2	0	0	5	7.7712717	79.561287	0	13.997832	17.132639	75.661606	5.7010508	48.298599	2.3099716	58.776249	66.369865	41.535599	9.3713055	14.66204	4	2	0	0	4.8000002	7.4810109	0	0	1	0	0	0	0	0	0	0	0	0	0	0	0	0	0	0	0	0	0	0	0	0	0	0	0	0	0	0	0	0	0	0	0	0	0	0	0	0	0	0	1	0	0	0	0	0	0	0	0
4	225	1988	27.867214	82.492805	3	13.997832	17.376011	69.341652	5.5130944	50.971001	2.4644573	49.14782	65.409271	32.342281	9.0963945	15.90454	4.1999998	2.2	0	0	5.1999998	7.8339944	76.935448	1.8	13.997832	17.261793	73.193695	5.5417476	48.993198	2.0706077	52.17775	65.889565	27.400261	9.4322472	13.750552	4	2	0	0	5	7.7712717	0	0	0	1	0	0	0	0	0	0	0	0	0	0	0	0	0	0	0	0	0	0	0	0	0	0	0	0	0	0	0	0	0	0	0	0	0	0	0	0	0	0	1	0	0	0	0	0	0	0	0
5	225	1993	30.798834	74.309692	3	13.997832	17.498945	62.583954	5.5541649	53.506401	2.1938405	40.998978	63.858246	40.551041	9.3684702	12.646022	7.4000001	7	0	0	3.5999999	8.1221638	82.492805	3	13.997832	17.376011	69.341652	5.5130944	50.971001	2.4644573	49.14782	65.409271	32.342281	9.0963945	15.90454	4.1999998	2.2	0	0	5.1999998	7.8339944	0	0	0	0	1	0	0	0	0	0	0	0	0	0	0	0	0	0	0	0	0	0	0	0	0	0	0	0	0	0	0	0	0	0	0	0	0	0	0	0	0	0	1	0	0	0	0	0	0	0	0
6	225	1998	29.334782	82.03833	.60000002	13.997832	17.590292	55.897095	5.7488475	55.929001	2.4419322	49.396671	65.862312	45.028141	10.081976	7.9578638	9	9	0	0	1	8.065753	74.309692	3	13.997832	17.498945	62.583954	5.5541649	53.506401	2.1938405	40.998978	63.858246	40.551041	9.3684702	12.646022	7.4000001	7	0	0	3.5999999	8.1221638	0	0	0	0	0	1	0	0	0	0	0	0	0	0	0	0	0	0	0	0	0	0	0	0	0	0	0	0	0	0	0	0	0	0	0	0	0	0	0	0	0	0	1	0	0	0	0	0	0	0	0
7	225	2003	29.200588	82.732819	0	13.997832	17.65687	51.046528	6.1660695	58.310001	1.7593044	56.002754	69.550903	37.570919	10.752483	7.1566439	9	9	0	0	1	8.1679897	82.03833	.60000002	13.997832	17.590292	55.897095	5.7488475	55.929001	2.4419322	49.396671	65.862312	45.028141	10.081976	7.9578638	9	9	0	0	1	8.065753	0	0	0	0	0	0	1	0	0	0	0	0	0	0	0	0	0	0	0	0	0	0	0	0	0	0	0	0	0	0	0	0	0	0	0	0	0	0	0	0	0	0	1	0	0	0	0	0	0	0	0
2	227	1978	21.777937	93.336594	0	13.121423	17.420948	42.553699	17.331779	71.501404	.55555558	29.229918	39.85622	15.05266	9.0407658	18.158079	6.5999999	9	.40000001	1	2.5999999	8.3836193	100	0	13.121851	17.370695	44.376289	16.189651	68.157204	1.1596639	28.347075	40.542217	9.3667936	8.3194523	12.188088	-6.1999998	1	1	1	5	7.6459169	0	1	0	0	0	0	0	0	0	0	0	0	0	0	0	0	0	0	0	0	0	0	0	0	0	0	0	0	0	0	0	0	0	0	0	0	0	0	0	0	0	0	0	1	0	0	0	0	0	0	0
3	227	1983	27.442844	84.182129	0	13.121255	17.453096	38.291008	18.199759	73.643402	.54054052	38.808056	34.322918	31.332541	9.3818693	11.455576	9.8000002	9.8000002	0	1	1.4	8.452301	93.336594	0	13.121423	17.420948	42.553699	17.331779	71.501404	.55555558	29.229918	39.85622	15.05266	9.0407658	18.158079	6.5999999	9	.40000001	1	2.5999999	8.3836193	0	0	1	0	0	0	0	0	0	0	0	0	0	0	0	0	0	0	0	0	0	0	0	0	0	0	0	0	0	0	0	0	0	0	0	0	0	0	0	0	0	0	0	1	0	0	0	0	0	0	0
4	227	1988	30.627741	77.679565	0	13.121243	17.479073	32.36869	19.714756	74.895798	.52631581	36.238995	34.884785	41.865082	10.553315	7.3963141	10	10	0	1	1	9.1281528	84.182129	0	13.121255	17.453096	38.291008	18.199759	73.643402	.54054052	38.808056	34.322918	31.332541	9.3818693	11.455576	9.8000002	9.8000002	0	1	1.4	8.452301	0	0	0	1	0	0	0	0	0	0	0	0	0	0	0	0	0	0	0	0	0	0	0	0	0	0	0	0	0	0	0	0	0	0	0	0	0	0	0	0	0	0	0	1	0	0	0	0	0	0	0
5	227	1993	35.477058	72.728798	0	13.121243	17.479073	26.467257	21.809082	75.653999	0	38.925385	43.306057	53.2747	11.403737	5.3992238	10	10	0	1	1	9.5622835	77.679565	0	13.121243	17.479073	32.36869	19.714756	74.895798	.52631581	36.238995	34.884785	41.865082	10.553315	7.3963141	10	10	0	1	1	9.1281528	0	0	0	0	1	0	0	0	0	0	0	0	0	0	0	0	0	0	0	0	0	0	0	0	0	0	0	0	0	0	0	0	0	0	0	0	0	0	0	0	0	0	0	1	0	0	0	0	0	0	0
6	227	1998	33.642345	82.24437	0	13.121066	17.504391	22.530853	23.989828	76.099602	.51282054	53.68708	41.911037	63.8591	11.696032	2.8818021	10	10	0	1	1	9.617856	72.728798	0	13.121243	17.479073	26.467257	21.809082	75.653999	0	38.925385	43.306057	53.2747	11.403737	5.3992238	10	10	0	1	1	9.5622835	0	0	0	0	0	1	0	0	0	0	0	0	0	0	0	0	0	0	0	0	0	0	0	0	0	0	0	0	0	0	0	0	0	0	0	0	0	0	0	0	0	0	0	1	0	0	0	0	0	0	0
7	227	2003	27.198368	70.555687	0	13.120378	17.552954	21.139563	24.57781	76.525398	1.9291116	56.769028	37.203991	49.206699	12.611157	4.2188978	10	10	0	1	1	9.9107599	82.24437	0	13.121066	17.504391	22.530853	23.989828	76.099602	.51282054	53.68708	41.911037	63.8591	11.696032	2.8818021	10	10	0	1	1	9.617856	0	0	0	0	0	0	1	0	0	0	0	0	0	0	0	0	0	0	0	0	0	0	0	0	0	0	0	0	0	0	0	0	0	0	0	0	0	0	0	0	0	0	0	1	0	0	0	0	0	0	0
8	227	2008	28.142229	67.095589	0	13.120157	17.626471	21.538452	24.581209	77.050797	1.3337725	56.907059	38.162067	45.781898	13.263403	1.987766	10	10	0	1	1	10.356441	70.555687	0	13.120378	17.552954	21.139563	24.57781	76.525398	1.9291116	56.769028	37.203991	49.206699	12.611157	4.2188978	10	10	0	1	1	9.9107599	0	0	0	0	0	0	0	1	0	0	0	0	0	0	0	0	0	0	0	0	0	0	0	0	0	0	0	0	0	0	0	0	0	0	0	0	0	0	0	0	0	0	0	1	0	0	0	0	0	0	0
2	228	1978	26.917282	100	0	11.046276	16.495964	60.99749	7.1775374	19.0606	2.9670329	69.376328	52.084904	65.637939	4.4107814	14.191874	6.8000002	7	0	.60000002	2	5.5389819	100	0	11.046276	16.410103	66.237709	6.7419143	19.495399	0	50.748402	44.130199	43.348801	4.863802	10.588586	8	7	0	1	2	5.4763775	0	1	0	0	0	0	0	0	0	0	0	0	0	0	0	0	0	0	0	0	0	0	0	0	0	0	0	0	0	0	0	0	0	0	0	0	0	0	0	0	0	0	0	0	1	0	0	0	0	0	0
3	228	1983	26.938793	100	3	11.046276	16.575191	57.387768	7.8579969	18.302	1.3333334	68.651917	48.160938	75.106079	5.5735126	14.155503	5.1999998	6.1999998	.60000002	0	2.5999999	5.8160982	100	0	11.046276	16.495964	60.99749	7.1775374	19.0606	2.9670329	69.376328	52.084904	65.637939	4.4107814	14.191874	6.8000002	7	0	.60000002	2	5.5389819	0	0	1	0	0	0	0	0	0	0	0	0	0	0	0	0	0	0	0	0	0	0	0	0	0	0	0	0	0	0	0	0	0	0	0	0	0	0	0	0	0	0	0	0	1	0	0	0	0	0	0
4	228	1988	26.581858	100	8.1999998	11.046276	16.636599	53.122208	8.6392918	17.513	1.25	62.647282	41.240929	95.058723	6.0879693	10.954454	5	6	1	0	3.4000001	6.0352983	100	3	11.046276	16.575191	57.387768	7.8579969	18.302	1.3333334	68.651917	48.160938	75.106079	5.5735126	14.155503	5.1999998	6.1999998	.60000002	0	2.5999999	5.8160982	0	0	0	1	0	0	0	0	0	0	0	0	0	0	0	0	0	0	0	0	0	0	0	0	0	0	0	0	0	0	0	0	0	0	0	0	0	0	0	0	0	0	0	0	1	0	0	0	0	0	0
5	228	1993	26.827017	100	5	11.046276	16.705883	47.77816	9.382679	16.743601	1.1764706	73.413979	45.40612	93.057259	6.7641816	9.7972383	5	6	1	0	4	6.4182587	100	8.1999998	11.046276	16.636599	53.122208	8.6392918	17.513	1.25	62.647282	41.240929	95.058723	6.0879693	10.954454	5	6	1	0	3.4000001	6.0352983	0	0	0	0	1	0	0	0	0	0	0	0	0	0	0	0	0	0	0	0	0	0	0	0	0	0	0	0	0	0	0	0	0	0	0	0	0	0	0	0	0	0	0	0	1	0	0	0	0	0	0
6	228	1998	24.830832	100	5	11.046276	16.738323	41.613766	9.5499849	16.0014	1.1111112	78.679321	47.713917	89.320099	7.4852104	8.0792255	5	6	1	0	3	6.7486296	100	5	11.046276	16.705883	47.77816	9.382679	16.743601	1.1764706	73.413979	45.40612	93.057259	6.7641816	9.7972383	5	6	1	0	4	6.4182587	0	0	0	0	0	1	0	0	0	0	0	0	0	0	0	0	0	0	0	0	0	0	0	0	0	0	0	0	0	0	0	0	0	0	0	0	0	0	0	0	0	0	0	0	1	0	0	0	0	0	0
7	228	2003	23.811678	100	5	11.046276	16.780466	37.670876	10.179674	15.3598	1.0526316	77.538902	57.702599	99.42112	7.8897691	9.969326	5.4000001	6	1	0	3	6.8990722	100	5	11.046276	16.738323	41.613766	9.5499849	16.0014	1.1111112	78.679321	47.713917	89.320099	7.4852104	8.0792255	5	6	1	0	3	6.7486296	0	0	0	0	0	0	1	0	0	0	0	0	0	0	0	0	0	0	0	0	0	0	0	0	0	0	0	0	0	0	0	0	0	0	0	0	0	0	0	0	0	0	0	0	1	0	0	0	0	0	0
2	240	1978	13.367743	85.423073	2	13.143909	17.621679	73.278633	6.420095	25.577801	2.2750793	46.189686	48.864494	23.929359	7.0004015	8.31141	-.60000002	5.5	.60000002	1	4.8000002	6.2859297	86.33815	2	13.143909	17.503765	81.144638	6.4777422	22.610399	2.5674818	38.21283	55.537029	22.58572	6.3424878	9.5637846	-2	4	0	1	5	5.6143517	0	1	0	0	0	0	0	0	0	0	0	0	0	0	0	0	0	0	0	0	0	0	0	0	0	0	0	0	0	0	0	0	0	0	0	0	0	0	0	0	0	0	0	0	0	1	0	0	0	0	0
3	240	1983	16.037968	94.180618	1.2	13.143909	17.727133	61.631367	6.4242864	27.5734	2.0425186	47.862877	46.731953	39.557281	7.5475016	4.1408982	2	7	0	1	3	6.6691256	85.423073	2	13.143909	17.621679	73.278633	6.420095	25.577801	2.2750793	46.189686	48.864494	23.929359	7.0004015	8.31141	-.60000002	5.5	.60000002	1	4.8000002	6.2859297	0	0	1	0	0	0	0	0	0	0	0	0	0	0	0	0	0	0	0	0	0	0	0	0	0	0	0	0	0	0	0	0	0	0	0	0	0	0	0	0	0	0	0	0	0	1	0	0	0	0	0
4	240	1988	14.244245	94.284836	0	13.143909	17.822514	49.881573	6.7783399	28.892401	1.8531234	62.592243	50.682034	40.671581	8.3609819	4.8369398	2.5999999	7	0	1	2.5999999	7.0363302	94.180618	1.2	13.143909	17.727133	61.631367	6.4242864	27.5734	2.0425186	47.862877	46.731953	39.557281	7.5475016	4.1408982	2	7	0	1	3	6.6691256	0	0	0	1	0	0	0	0	0	0	0	0	0	0	0	0	0	0	0	0	0	0	0	0	0	0	0	0	0	0	0	0	0	0	0	0	0	0	0	0	0	0	0	0	0	1	0	0	0	0	0
5	240	1993	15.546838	92.538414	0	13.143909	17.889572	42.593811	7.9373417	29.9352	.69570476	80.39949	52.91188	17.57666	9.5489187	4.8643022	7	8.3999996	0	1	3.5999999	7.7032537	94.284836	0	13.143909	17.822514	49.881573	6.7783399	28.892401	1.8531234	62.592243	50.682034	40.671581	8.3609819	4.8369398	2.5999999	7	0	1	2.5999999	7.0363302	0	0	0	0	1	0	0	0	0	0	0	0	0	0	0	0	0	0	0	0	0	0	0	0	0	0	0	0	0	0	0	0	0	0	0	0	0	0	0	0	0	0	0	0	0	1	0	0	0	0	0
6	240	1998	20.450314	94.175354	0	13.143909	17.936035	36.855152	9.4070311	30.7962	1.0001853	100.49267	46.995468	24.517275	10.121359	2.9238839	9	9	0	1	2.4000001	7.7112832	92.538414	0	13.143909	17.889572	42.593811	7.9373417	29.9352	.69570476	80.39949	52.91188	17.57666	9.5489187	4.8643022	7	8.3999996	0	1	3.5999999	7.7032537	0	0	0	0	0	1	0	0	0	0	0	0	0	0	0	0	0	0	0	0	0	0	0	0	0	0	0	0	0	0	0	0	0	0	0	0	0	0	0	0	0	0	0	0	0	1	0	0	0	0	0
7	240	2003	20.000893	95.196579	0	13.143909	17.995911	33.058006	10.942774	31.8018	1.2602333	123.70484	45.288502	51.00864	10.768716	2.3654535	9	9	0	1	2.2	7.7485638	94.175354	0	13.143909	17.936035	36.855152	9.4070311	30.7962	1.0001853	100.49267	46.995468	24.517275	10.121359	2.9238839	9	9	0	1	2.4000001	7.7112832	0	0	0	0	0	0	1	0	0	0	0	0	0	0	0	0	0	0	0	0	0	0	0	0	0	0	0	0	0	0	0	0	0	0	0	0	0	0	0	0	0	0	0	0	0	1	0	0	0	0	0
2	248	1978	12.556685	100	0	13.553665	17.552612	73.252213	7.5134263	42.902401	2.4419322	10.827079	50.482906	23.219879	7.2892656	51.393379	6.1999998	7.4000001	0	0	2.5999999	7.6695242	100	0	13.553665	17.452404	76.839951	7.2417049	40.245201	2.1938405	11.806482	59.296509	25.35914	6.7249784	20.0219	4.5999999	6.1999998	0	0	2.25	6.903945	0	1	0	0	0	0	0	0	0	0	0	0	0	0	0	0	0	0	0	0	0	0	0	0	0	0	0	0	0	0	0	0	0	0	0	0	0	0	0	0	0	0	0	0	0	0	1	0	0	0	0
3	248	1983	12.725666	100	1.2	13.553665	17.665205	68.625671	6.7362008	48.980801	2.175971	23.383272	50.100521	36.993099	7.0930157	39.966679	2.2	5.8000002	.60000002	0	4	7.5191054	100	0	13.553665	17.552612	73.252213	7.5134263	42.902401	2.4419322	10.827079	50.482906	23.219879	7.2892656	51.393379	6.1999998	7.4000001	0	0	2.5999999	7.6695242	0	0	1	0	0	0	0	0	0	0	0	0	0	0	0	0	0	0	0	0	0	0	0	0	0	0	0	0	0	0	0	0	0	0	0	0	0	0	0	0	0	0	0	0	0	0	1	0	0	0	0
4	248	1988	11.607251	100	3	13.553665	17.766384	63.202782	6.2630835	56.500999	1.962294	26.102312	45.170586	35.283958	7.9412804	54.457279	7.8000002	9	0	0	2.4000001	7.8461804	100	1.2	13.553665	17.665205	68.625671	6.7362008	48.980801	2.175971	23.383272	50.100521	36.993099	7.0930157	39.966679	2.2	5.8000002	.60000002	0	4	7.5191054	0	0	0	1	0	0	0	0	0	0	0	0	0	0	0	0	0	0	0	0	0	0	0	0	0	0	0	0	0	0	0	0	0	0	0	0	0	0	0	0	0	0	0	0	0	0	1	0	0	0	0
5	248	1993	16.686108	100	3	13.553665	17.858253	56.929127	6.7204351	60.955002	1.7868544	28.76144	44.079079	32.09642	9.0518036	76.699883	8.3999996	8.3999996	0	0	3.5999999	8.2187929	100	3	13.553665	17.766384	63.202782	6.2630835	56.500999	1.962294	26.102312	45.170586	35.283958	7.9412804	54.457279	7.8000002	9	0	0	2.4000001	7.8461804	0	0	0	0	1	0	0	0	0	0	0	0	0	0	0	0	0	0	0	0	0	0	0	0	0	0	0	0	0	0	0	0	0	0	0	0	0	0	0	0	0	0	0	0	0	0	1	0	0	0	0
6	248	1998	25.033674	100	2.4000001	13.553665	17.942385	50.422924	7.6515903	63.693802	1.3227658	41.193169	41.114395	41.570961	9.6078081	80.009659	7.1999998	6.4000001	0	0	4	8.3333445	100	3	13.553665	17.858253	56.929127	6.7204351	60.955002	1.7868544	28.76144	44.079079	32.09642	9.0518036	76.699883	8.3999996	8.3999996	0	0	3.5999999	8.2187929	0	0	0	0	0	1	0	0	0	0	0	0	0	0	0	0	0	0	0	0	0	0	0	0	0	0	0	0	0	0	0	0	0	0	0	0	0	0	0	0	0	0	0	0	0	0	1	0	0	0	0
7	248	2003	36.800232	100	0	13.553665	18.008036	44.883347	8.4031363	66.000999	1.5391904	48.706619	41.44838	66.025383	10.374927	26.605978	7	6	0	0	3.2	8.431633	100	2.4000001	13.553665	17.942385	50.422924	7.6515903	63.693802	1.3227658	41.193169	41.114395	41.570961	9.6078081	80.009659	7.1999998	6.4000001	0	0	4	8.3333445	0	0	0	0	0	0	1	0	0	0	0	0	0	0	0	0	0	0	0	0	0	0	0	0	0	0	0	0	0	0	0	0	0	0	0	0	0	0	0	0	0	0	0	0	0	0	1	0	0	0	0
8	248	2008	29.877783	94.772896	0	13.553665	18.077991	40.530876	8.7146063	69.028603	1.1513772	49.602764	45.24567	42.52092	11.744848	7.7032561	7	6	0	0	3	9.117671	100	0	13.553665	18.008036	44.883347	8.4031363	66.000999	1.5391904	48.706619	41.44838	66.025383	10.374927	26.605978	7	6	0	0	3.2	8.431633	0	0	0	0	0	0	0	1	0	0	0	0	0	0	0	0	0	0	0	0	0	0	0	0	0	0	0	0	0	0	0	0	0	0	0	0	0	0	0	0	0	0	0	0	0	0	1	0	0	0	0
7	252	2003	21.635592	80.214165	0	12.205122	17.102955	100.31138	5.3606033	12.7816	3.8575907	36.670429	43.233154	79.32222	7.2557001	4.6036139	-3.4000001	2.8	1	1	5.4000001	5.6524124	81.896133	0	12.205122	16.932432	100.09387	5.5969405	11.9144	2.7310371	33.50647	40.152245	76.787323	6.5017886	5.4915257	-4	2	1	1	4.5999999	5.6604705	0	0	0	0	0	0	1	0	0	0	0	0	0	0	0	0	0	0	0	0	0	0	0	0	0	0	0	0	0	0	0	0	0	0	0	0	0	0	0	0	0	0	0	0	0	0	0	1	0	0	0
8	252	2008	16.661098	79.900375	0	12.205122	17.248455	99.392555	5.1377091	14.394	3.2325437	50.262447	41.194221	30.642099	8.431922	8.0415277	-1	6	1	1	5	6.1596498	80.214165	0	12.205122	17.102955	100.31138	5.3606033	12.7816	3.8575907	36.670429	43.233154	79.32222	7.2557001	4.6036139	-3.4000001	2.8	1	1	5.4000001	5.6524124	0	0	0	0	0	0	0	1	0	0	0	0	0	0	0	0	0	0	0	0	0	0	0	0	0	0	0	0	0	0	0	0	0	0	0	0	0	0	0	0	0	0	0	0	0	0	0	1	0	0	0
2	256	1978	35.876926	76.443222	0	12.396403	17.840862	34.692451	23.055315	78.161797	0	55.46666	39.44408	49.17334	10.545628	14.89234	10	10	0	1	1	8.6970558	80.372955	0	12.396403	17.840862	37.991673	21.78277	77.456596	0	49.063042	38.828495	56.087502	9.8380356	13.334664	10	10	0	1	1	8.0824652	0	1	0	0	0	0	0	0	0	0	0	0	0	0	0	0	0	0	0	0	0	0	0	0	0	0	0	0	0	0	0	0	0	0	0	0	0	0	0	0	0	0	0	0	0	0	0	0	1	0	0
3	256	1983	38.769569	77.140617	.2	12.396403	17.844402	30.476444	23.112309	78.426399	.35714287	52.992786	42.365887	48.84848	10.905161	6.9439158	10	10	0	1	1	9.0369921	76.443222	0	12.396403	17.840862	34.692451	23.055315	78.161797	0	55.46666	39.44408	49.17334	10.545628	14.89234	10	10	0	1	1	8.6970558	0	0	1	0	0	0	0	0	0	0	0	0	0	0	0	0	0	0	0	0	0	0	0	0	0	0	0	0	0	0	0	0	0	0	0	0	0	0	0	0	0	0	0	0	0	0	0	0	1	0	0
4	256	1988	34.767181	75.991165	0	12.396403	17.858562	28.998875	23.599421	78.239998	0	50.593597	46.276215	45.648701	11.858323	6.1639681	10	10	0	1	1	9.5305729	77.140617	.2	12.396403	17.844402	30.476444	23.112309	78.426399	.35714287	52.992786	42.365887	48.84848	10.905161	6.9439158	10	10	0	1	1	9.0369921	0	0	0	1	0	0	0	0	0	0	0	0	0	0	0	0	0	0	0	0	0	0	0	0	0	0	0	0	0	0	0	0	0	0	0	0	0	0	0	0	0	0	0	0	0	0	0	0	1	0	0
5	256	1993	40.947681	80.276947	0	12.396403	17.872475	29.754063	24.369497	78.267799	.3508772	51.238743	47.908585	45.261799	12.270146	3.015518	10	10	0	1	1	9.8261414	75.991165	0	12.396403	17.858562	28.998875	23.599421	78.239998	0	50.593597	46.276215	45.648701	11.858323	6.1639681	10	10	0	1	1	9.5305729	0	0	0	0	1	0	0	0	0	0	0	0	0	0	0	0	0	0	0	0	0	0	0	0	0	0	0	0	0	0	0	0	0	0	0	0	0	0	0	0	0	0	0	0	0	0	0	0	1	0	0
6	256	1998	36.982899	92.356277	0	12.396403	17.882792	29.698578	24.366323	78.531799	.34482759	55.999596	47.795647	54.416241	12.754113	1.8903116	10	10	0	1	1	10.084211	80.276947	0	12.396403	17.872475	29.754063	24.369497	78.267799	.3508772	51.238743	47.908585	45.261799	12.270146	3.015518	10	10	0	1	1	9.8261414	0	0	0	0	0	1	0	0	0	0	0	0	0	0	0	0	0	0	0	0	0	0	0	0	0	0	0	0	0	0	0	0	0	0	0	0	0	0	0	0	0	0	0	0	0	0	0	0	1	0	0
7	256	2003	38.52544	91.670937	0	12.396403	17.903131	27.952549	24.165903	78.864601	.33898306	55.31414	47.571381	46.39542	13.384159	2.2479801	10	10	0	1	1	10.345696	92.356277	0	12.396403	17.882792	29.698578	24.366323	78.531799	.34482759	55.999596	47.795647	54.416241	12.754113	1.8903116	10	10	0	1	1	10.084211	0	0	0	0	0	0	1	0	0	0	0	0	0	0	0	0	0	0	0	0	0	0	0	0	0	0	0	0	0	0	0	0	0	0	0	0	0	0	0	0	0	0	0	0	0	0	0	0	1	0	0
8	256	2008	43.61512	92.031906	0	12.396403	17.932888	26.510263	24.603649	79.307602	.98378283	60.327717	49.37112	56.586342	13.921408	2.7374179	10	10	0	1	1	10.60198	91.670937	0	12.396403	17.903131	27.952549	24.165903	78.864601	.33898306	55.31414	47.571381	46.39542	13.384159	2.2479801	10	10	0	1	1	10.345696	0	0	0	0	0	0	0	1	0	0	0	0	0	0	0	0	0	0	0	0	0	0	0	0	0	0	0	0	0	0	0	0	0	0	0	0	0	0	0	0	0	0	0	0	0	0	0	0	1	0	0
2	257	1978	20.241285	91.736633	0	16.034714	19.235809	35.879456	16.718824	73.704002	.90909094	18.172979	40.532978	36.340225	11.195516	7.1976519	10	10	1	1	1	9.2107725	100	0	16.034714	19.190531	41.821613	16.083158	73.632599	.95238096	13.984634	40.876785	34.069141	10.328597	6.62181	10	10	1	1	1	8.7450171	0	1	0	0	0	0	0	0	0	0	0	0	0	0	0	0	0	0	0	0	0	0	0	0	0	0	0	0	0	0	0	0	0	0	0	0	0	0	0	0	0	0	0	0	0	0	0	0	0	1	0
3	257	1983	22.788088	60.172878	0	16.034714	19.279125	33.158051	17.556871	74.191597	.86956519	18.16678	40.946095	48.711021	12.209632	5.2468061	10	10	1	1	1	9.6198006	91.736633	0	16.034714	19.235809	35.879456	16.718824	73.704002	.90909094	18.172979	40.532978	36.340225	11.195516	7.1976519	10	10	1	1	1	9.2107725	0	0	1	0	0	0	0	0	0	0	0	0	0	0	0	0	0	0	0	0	0	0	0	0	0	0	0	0	0	0	0	0	0	0	0	0	0	0	0	0	0	0	0	0	0	0	0	0	0	1	0
4	257	1988	22.233704	57.950474	0	16.034714	19.328808	32.858849	18.57766	74.9776	.83333331	19.281872	42.875755	61.639938	12.874469	3.1317439	10	10	1	1	1	9.9205456	60.172878	0	16.034714	19.279125	33.158051	17.556871	74.191597	.86956519	18.16678	40.946095	48.711021	12.209632	5.2468061	10	10	1	1	1	9.6198006	0	0	0	1	0	0	0	0	0	0	0	0	0	0	0	0	0	0	0	0	0	0	0	0	0	0	0	0	0	0	0	0	0	0	0	0	0	0	0	0	0	0	0	0	0	0	0	0	0	1	0
5	257	1993	22.605186	54.197662	0	16.034714	19.383739	33.324951	19.219519	76.470001	1.5692308	21.430338	45.008877	70.847038	13.288899	2.4402261	10	10	1	1	1	10.142717	57.950474	0	16.034714	19.328808	32.858849	18.57766	74.9776	.83333331	19.281872	42.875755	61.639938	12.874469	3.1317439	10	10	1	1	1	9.9205456	0	0	0	0	1	0	0	0	0	0	0	0	0	0	0	0	0	0	0	0	0	0	0	0	0	0	0	0	0	0	0	0	0	0	0	0	0	0	0	0	0	0	0	0	0	0	0	0	0	1	0
6	257	1998	19.916435	53.188396	0	16.034714	19.435753	32.841305	18.941545	78.353401	.74074072	24.305677	46.96859	63.668839	13.787808	1.664482	10	10	1	1	1	10.366648	54.197662	0	16.034714	19.383739	33.324951	19.219519	76.470001	1.5692308	21.430338	45.008877	70.847038	13.288899	2.4402261	10	10	1	1	1	10.142717	0	0	0	0	0	1	0	0	0	0	0	0	0	0	0	0	0	0	0	0	0	0	0	0	0	0	0	0	0	0	0	0	0	0	0	0	0	0	0	0	0	0	0	0	0	0	0	0	0	1	0
7	257	2003	20.698208	57.178261	1.2	16.034714	19.492172	31.196672	18.420424	80.074203	1.4039409	24.356831	47.58532	59.072941	14.344405	2.3549581	10	10	1	1	1	10.559544	53.188396	0	16.034714	19.435753	32.841305	18.941545	78.353401	.74074072	24.305677	46.96859	63.668839	13.787808	1.664482	10	10	1	1	1	10.366648	0	0	0	0	0	0	1	0	0	0	0	0	0	0	0	0	0	0	0	0	0	0	0	0	0	0	0	0	0	0	0	0	0	0	0	0	0	0	0	0	0	0	0	0	0	0	0	0	0	1	0
8	257	2008	23.936964	68.06311	2	16.028156	19.53241	30.116501	18.936142	81.578201	.66666669	28.504732	46.161671	74.4207	14.897784	1.9323291	10	10	1	1	1	10.731361	57.178261	1.2	16.034714	19.492172	31.196672	18.420424	80.074203	1.4039409	24.356831	47.58532	59.072941	14.344405	2.3549581	10	10	1	1	1	10.559544	0	0	0	0	0	0	0	1	0	0	0	0	0	0	0	0	0	0	0	0	0	0	0	0	0	0	0	0	0	0	0	0	0	0	0	0	0	0	0	0	0	0	0	0	0	0	0	0	0	1	0
3	262	1983	20.560974	100	0	13.690004	16.599442	69.342522	5.7484384	80.829002	2.5833333	45.692043	44.409485	23.76074	7.0630517	9.6517296	9	10	1	0	1	8.3619938	100	0	13.690004	16.467344	75.582092	5.6282444	77.825401	2.9670329	56.792603	42.101692	13.741734	6.1970797	13.898988	9	10	1	0	1	8.153471	0	0	1	0	0	0	0	0	0	0	0	0	0	0	0	0	0	0	0	0	0	0	0	0	0	0	0	0	0	0	0	0	0	0	0	0	0	0	0	0	0	0	0	0	0	0	0	0	0	0	1
4	262	1988	19.684895	100	0	13.690004	16.748581	66.249519	6.1106825	83.340401	3.3402133	50.611729	42.063255	52.001362	7.3716922	37.675896	9	10	1	0	1	7.8891401	100	0	13.690004	16.599442	69.342522	5.7484384	80.829002	2.5833333	45.692043	44.409485	23.76074	7.0630517	9.6517296	9	10	1	0	1	8.3619938	0	0	0	1	0	0	0	0	0	0	0	0	0	0	0	0	0	0	0	0	0	0	0	0	0	0	0	0	0	0	0	0	0	0	0	0	0	0	0	0	0	0	0	0	0	0	0	0	0	0	1
5	262	1993	20.180536	100	0	13.690004	16.868883	62.27269	6.6619506	86.105598	1.9523809	54.957973	42.191032	62.718834	8.5576839	39.198021	8.1999998	9.1999998	1	0	2.5999999	7.9465995	100	0	13.690004	16.748581	66.249519	6.1106825	83.340401	3.3402133	50.611729	42.063255	52.001362	7.3716922	37.675896	9	10	1	0	1	7.8891401	0	0	0	0	1	0	0	0	0	0	0	0	0	0	0	0	0	0	0	0	0	0	0	0	0	0	0	0	0	0	0	0	0	0	0	0	0	0	0	0	0	0	0	0	0	0	0	0	0	0	1
6	262	1998	20.742666	100	0	13.690004	16.959139	56.825775	7.1867685	88.861397	1.7786561	48.790451	45.858925	41.399738	10.204988	45.696178	7.5999999	9	1	0	2.5999999	8.2620583	100	0	13.690004	16.868883	62.27269	6.6619506	86.105598	1.9523809	54.957973	42.191032	62.718834	8.5576839	39.198021	8.1999998	9.1999998	1	0	2.5999999	7.9465995	0	0	0	0	0	1	0	0	0	0	0	0	0	0	0	0	0	0	0	0	0	0	0	0	0	0	0	0	0	0	0	0	0	0	0	0	0	0	0	0	0	0	0	0	0	0	0	0	0	0	1
7	262	2003	26.397299	100	0	13.690004	17.065466	51.215034	7.5885062	91.102203	2.402564	51.357758	44.966774	41.378738	10.626535	27.902281	6	7	1	0	3.2	8.3543253	100	0	13.690004	16.959139	56.825775	7.1867685	88.861397	1.7786561	48.790451	45.858925	41.399738	10.204988	45.696178	7.5999999	9	1	0	2.5999999	8.2620583	0	0	0	0	0	0	1	0	0	0	0	0	0	0	0	0	0	0	0	0	0	0	0	0	0	0	0	0	0	0	0	0	0	0	0	0	0	0	0	0	0	0	0	0	0	0	0	0	0	0	1
