period	cc	year	GG_7_GDP	centralization	warfare	area	population	depend15	depend64	urban	pop_growth	trade	gini_gross	debt	fdi_liab	inflation	democracy	pol_comp	presidential	plurality	pol_rights	gdp_pc	lcentralization	lwarfare	larea	lpopulation	ldepend15	ldepend64	lurban	lpop_growth	ltrade	lgini_gross	ldebt	lfdi_liab	linflation	ldemocracy	lpol_comp	lpresidential	lplurality	lpol_rights	lgdp_pc	per01	per02	per03	per04	per05	per06	per07	per08	cc1	cc2	cc3	cc4	cc5	cc6	cc7	cc8	cc9	cc10	cc11	cc12	cc13	cc14	cc15	cc16	cc17	cc18	cc19	cc20	cc21	cc22	cc23	cc24	cc25	cc26	cc27	cc28	cc29	cc30	cc31	cc32	cc33	cc34	cc35	cc36	cc37	cc38	cc39	cc40	cc41	cc42	cc43	cc44	cc45	cc46	cc47	cc48	cc49	cc50	cc51	cc52	cc53	cc54	cc55	cc56	cc57	cc58
6	3	1998	29.880131	100	4	14.690979	17.209705	61.342094	6.6240325	58.870998	2.0014832	53.029591	35.887875	73.647102	8.0497398	12.669454	-3	6	1	.40000001	6	7.4153013	100	4	14.690979	17.118347	74.94075	6.5871291	54.432201	2.2242572	50.368752	36.735027	86.311401	7.6776681	29.398741	-5.1999998	3.2	1	1	6.1999998	7.4387007	0	0	0	0	0	1	0	0	1	0	0	0	0	0	0	0	0	0	0	0	0	0	0	0	0	0	0	0	0	0	0	0	0	0	0	0	0	0	0	0	0	0	0	0	0	0	0	0	0	0	0	0	0	0	0	0	0	0	0	0	0	0	0	0	0	0
7	3	2003	31.353262	100	3.2	14.690979	17.274702	48.927296	6.7844119	64.328201	1.2310606	63.789024	35.766525	47.548241	8.8046598	7.2033939	-1	6	1	0	6	7.7130532	100	4	14.690979	17.209705	61.342094	6.6240325	58.870998	2.0014832	53.029591	35.887875	73.647102	8.0497398	12.669454	-3	6	1	.40000001	6	7.4153013	0	0	0	0	0	0	1	0	1	0	0	0	0	0	0	0	0	0	0	0	0	0	0	0	0	0	0	0	0	0	0	0	0	0	0	0	0	0	0	0	0	0	0	0	0	0	0	0	0	0	0	0	0	0	0	0	0	0	0	0	0	0	0	0	0	0
7	6	2003	34.03574	100	2.4000001	13.997832	16.535578	95.644615	4.928041	51.960602	4.0119047	141.15469	59.220188	59.806541	9.5209789	80.059143	-2.2	7.5999999	1	0	6	6.9318309	100	6	13.997832	16.394094	95.538322	4.9884677	46.9874	3.2051282	154.09622	51.964218	135.23801	8.4992723	1300.8677	-2.8	6	1	0	6	6.2832885	0	0	0	0	0	0	1	0	0	1	0	0	0	0	0	0	0	0	0	0	0	0	0	0	0	0	0	0	0	0	0	0	0	0	0	0	0	0	0	0	0	0	0	0	0	0	0	0	0	0	0	0	0	0	0	0	0	0	0	0	0	0	0	0	0	0
3	10	1983	18.783407	72.296562	.2	14.808763	17.196367	50.636185	13.634814	84.177597	1.4039409	15.048242	41.172844	40.985859	8.3517094	385.7738	1.6	5	1	0	3.8	8.2158976	87.5	3	14.808763	17.118347	48.094734	12.591663	82.119797	1.5099715	13.97912	40.577187	14.48082	7.7063375	199.46796	-9	1	1	0	6	8.2727804	0	0	1	0	0	0	0	0	0	0	1	0	0	0	0	0	0	0	0	0	0	0	0	0	0	0	0	0	0	0	0	0	0	0	0	0	0	0	0	0	0	0	0	0	0	0	0	0	0	0	0	0	0	0	0	0	0	0	0	0	0	0	0	0	0	0
4	10	1988	19.166832	61.714081	0	14.808763	17.274702	51.133274	14.468559	86.205597	1.9368279	16.000284	43.631573	60.969524	8.8388939	1144.8917	7.5999999	7.4000001	1	0	1.6	8.14785	72.296562	.2	14.808763	17.196367	50.636185	13.634814	84.177597	1.4039409	15.048242	41.172844	40.985859	8.3517094	385.7738	1.6	5	1	0	3.8	8.2158976	0	0	0	1	0	0	0	0	0	0	1	0	0	0	0	0	0	0	0	0	0	0	0	0	0	0	0	0	0	0	0	0	0	0	0	0	0	0	0	0	0	0	0	0	0	0	0	0	0	0	0	0	0	0	0	0	0	0	0	0	0	0	0	0	0	0
8	18	2008	12.706159	100	0	11.776597	18.79855	51.600788	7.1018562	26.990801	1.4285715	45.838192	57.999744	44.384075	8.5475492	6.748498	.80000001	5.8000002	0	1	3.8	6.2868066	100	0	11.776597	18.72751	58.815281	6.9245358	24.8176	1.5384616	36.071941	48.409187	50.145119	7.9609995	3.72471	6	7	0	1	3.8	5.9313459	0	0	0	0	0	0	0	1	0	0	0	1	0	0	0	0	0	0	0	0	0	0	0	0	0	0	0	0	0	0	0	0	0	0	0	0	0	0	0	0	0	0	0	0	0	0	0	0	0	0	0	0	0	0	0	0	0	0	0	0	0	0	0	0	0	0
8	21	2008	50.616398	84.174591	0	10.318243	16.194344	25.618084	26.30629	97.390404	2	157.66937	37.969681	90.986038	13.623202	2.019598	8.3999996	7.5999999	0	0	1	10.680591	85.217979	0	10.318243	16.118095	25.735348	26.086	97.222397	0	148.50986	39.566898	99.019142	12.720386	2.110522	10	10	0	0	1	10.284338	0	0	0	0	0	0	0	1	0	0	0	0	1	0	0	0	0	0	0	0	0	0	0	0	0	0	0	0	0	0	0	0	0	0	0	0	0	0	0	0	0	0	0	0	0	0	0	0	0	0	0	0	0	0	0	0	0	0	0	0	0	0	0	0	0	0
8	24	2008	21.260931	100	0	11.633017	15.938205	83.204903	5.6911502	42.956001	2.9883642	44.400684	36.366428	25.651924	7.3964434	3.3367319	7	9	1	0	2	6.5679984	100	0	11.633017	15.782978	86.620316	5.7293682	39.935001	3.5149057	51.446087	37.093201	53.848042	6.7247791	2.290904	6	9	1	0	2.4000001	6.156353	0	0	0	0	0	0	0	1	0	0	0	0	0	1	0	0	0	0	0	0	0	0	0	0	0	0	0	0	0	0	0	0	0	0	0	0	0	0	0	0	0	0	0	0	0	0	0	0	0	0	0	0	0	0	0	0	0	0	0	0	0	0	0	0	0	0
7	27	2003	34.245697	85.772705	0	13.910821	15.989926	68.520531	7.5950732	63.247002	2.0342457	54.330425	55.653168	65.834358	8.5844431	4.9858699	8.3999996	7.8000002	1	1	2.4000001	6.8682756	74.666931	0	13.910821	15.889477	71.895103	7.3285933	60.860401	2.2649665	48.474628	56.60281	64.085899	8.0079565	6.3886681	9	9	1	1	1.2	6.9229569	0	0	0	0	0	0	1	0	0	0	0	0	0	0	1	0	0	0	0	0	0	0	0	0	0	0	0	0	0	0	0	0	0	0	0	0	0	0	0	0	0	0	0	0	0	0	0	0	0	0	0	0	0	0	0	0	0	0	0	0	0	0	0	0	0	0
8	27	2008	34.528366	74.675201	0	13.910821	16.079107	63.271107	7.8112149	65.514999	1.2481674	75.521057	55.35965	42.326	8.6909609	7.5551739	7.5999999	7	1	1	3	7.3757901	85.772705	0	13.910821	15.989926	68.520531	7.5950732	63.247002	2.0342457	54.330425	55.653168	65.834358	8.5844431	4.9858699	8.3999996	7.8000002	1	1	2.4000001	6.8682756	0	0	0	0	0	0	0	1	0	0	0	0	0	0	1	0	0	0	0	0	0	0	0	0	0	0	0	0	0	0	0	0	0	0	0	0	0	0	0	0	0	0	0	0	0	0	0	0	0	0	0	0	0	0	0	0	0	0	0	0	0	0	0	0	0	0
3	34	1983	29.605993	70.063515	0	15.955577	18.681858	63.569695	6.9673014	68.104401	3.2051282	18.603912	56.25238	42.221741	9.772543	159.3502	-1.2	3.4000001	0	1	3.4000001	7.3240199	70	0	15.955577	18.568197	67.810028	6.8901181	63.596401	1.8181819	15.845852	67.38414	31.122133	9.4588099	55.730782	-4	2	0	1	4	7.2449389	0	0	1	0	0	0	0	0	0	0	0	0	0	0	0	1	0	0	0	0	0	0	0	0	0	0	0	0	0	0	0	0	0	0	0	0	0	0	0	0	0	0	0	0	0	0	0	0	0	0	0	0	0	0	0	0	0	0	0	0	0	0	0	0	0	0
8	34	2008	31.354816	94.399788	0	15.955577	19.062534	39.26189	9.9874439	83.734596	1.0526316	24.614389	51.958664	67.282822	12.77033	7.1529198	8	9	1	1	2	8.9898481	100	0	15.955577	19.019281	43.014462	9.0853977	82.1772	2.2875817	27.008324	54.265957	72.895622	11.825706	9.6995401	8	9	1	1	2.2	8.1341782	0	0	0	0	0	0	0	1	0	0	0	0	0	0	0	1	0	0	0	0	0	0	0	0	0	0	0	0	0	0	0	0	0	0	0	0	0	0	0	0	0	0	0	0	0	0	0	0	0	0	0	0	0	0	0	0	0	0	0	0	0	0	0	0	0	0
6	42	1998	17.980362	100	4	10.153468	15.646358	91.649895	5.8302016	7.8319998	1.5679256	16.558777	39.223038	143.78259	3.9751821	22.4401	-2.5999999	4.4000001	.80000001	0	6.5999999	5.248076	100	2.4000001	10.153468	15.590176	88.205566	5.9273367	6.835	2.0590825	23.796877	35.457264	105.13392	3.8941386	7.9957399	-2	1	.60000002	.60000002	6.4000001	5.5235023	0	0	0	0	0	1	0	0	0	0	0	0	0	0	0	0	1	0	0	0	0	0	0	0	0	0	0	0	0	0	0	0	0	0	0	0	0	0	0	0	0	0	0	0	0	0	0	0	0	0	0	0	0	0	0	0	0	0	0	0	0	0	0	0	0	0
4	44	1988	16.608713	100	0	13.066237	16.248211	88.497032	6.9938054	38.286999	3.8181818	40.552845	47.806751	34.2369	7.1702914	-.31503099	-8	1	1	1	6	6.8537693	100	0	13.066237	16.11668	87.646324	7.0433764	34.507599	2.3660734	46.589783	48.822975	27.208679	6.8063464	11.756918	-7.8000002	1	1	1	6	6.7498116	0	0	0	1	0	0	0	0	0	0	0	0	0	0	0	0	0	1	0	0	0	0	0	0	0	0	0	0	0	0	0	0	0	0	0	0	0	0	0	0	0	0	0	0	0	0	0	0	0	0	0	0	0	0	0	0	0	0	0	0	0	0	0	0	0	0
5	44	1993	15.934001	100	0	13.066237	16.410103	86.729904	6.8399706	41.406601	3.2051282	38.70483	46.536465	77.357162	7.1153316	8.4514303	-4.8000002	5	1	1	6.1999998	6.6334224	100	0	13.066237	16.248211	88.497032	6.9938054	38.286999	3.8181818	40.552845	47.806751	34.2369	7.1702914	-.31503099	-8	1	1	1	6	6.8537693	0	0	0	0	1	0	0	0	0	0	0	0	0	0	0	0	0	1	0	0	0	0	0	0	0	0	0	0	0	0	0	0	0	0	0	0	0	0	0	0	0	0	0	0	0	0	0	0	0	0	0	0	0	0	0	0	0	0	0	0	0	0	0	0	0	0
6	44	1998	13.672748	100	0	13.066237	16.522671	82.027176	6.6331134	44.354401	2.7619047	40.455803	45.073887	95.721321	7.1473613	2.976198	-4	6	1	1	7	6.4587426	100	0	13.066237	16.410103	86.729904	6.8399706	41.406601	3.2051282	38.70483	46.536465	77.357162	7.1153316	8.4514303	-4.8000002	5	1	1	6.1999998	6.6334224	0	0	0	0	0	1	0	0	0	0	0	0	0	0	0	0	0	1	0	0	0	0	0	0	0	0	0	0	0	0	0	0	0	0	0	0	0	0	0	0	0	0	0	0	0	0	0	0	0	0	0	0	0	0	0	0	0	0	0	0	0	0	0	0	0	0
2	51	1978	25.77883	96.499435	.60000002	13.519167	16.213406	57.647247	9.281847	80.100197	2	44.659912	52.885593	48.51226	8.3972092	97.711723	-7	1	1	1	6.4000001	7.4098945	98.52832	1.2	13.519167	16.112045	67.47258	9.3999414	77.122398	.82276851	32.715309	52.799259	79.8181	7.9176102	303.5675	-1.8	3.4000001	1	1	5.5	7.1422496	0	1	0	0	0	0	0	0	0	0	0	0	0	0	0	0	0	0	1	0	0	0	0	0	0	0	0	0	0	0	0	0	0	0	0	0	0	0	0	0	0	0	0	0	0	0	0	0	0	0	0	0	0	0	0	0	0	0	0	0	0	0	0	0	0	0
3	51	1983	29.337038	92.829506	0	13.519167	16.283014	50.403168	9.2445889	82.071602	1.8181819	44.047009	52.139523	81.4888	8.4901543	19.110701	-6.4000001	1.6	1	1	6	7.6275043	96.499435	.60000002	13.519167	16.213406	57.647247	9.281847	80.100197	2	44.659912	52.885593	48.51226	8.3972092	97.711723	-7	1	1	1	6.4000001	7.4098945	0	0	1	0	0	0	0	0	0	0	0	0	0	0	0	0	0	0	1	0	0	0	0	0	0	0	0	0	0	0	0	0	0	0	0	0	0	0	0	0	0	0	0	0	0	0	0	0	0	0	0	0	0	0	0	0	0	0	0	0	0	0	0	0	0	0
4	51	1988	20.525665	95.462311	0	13.519167	16.36445	47.378899	9.4655542	83.012199	1.6666666	56.698441	52.523689	117.01622	8.6852694	21.316879	.60000002	6	1	1	4.5999999	7.6551046	92.829506	0	13.519167	16.283014	50.403168	9.2445889	82.071602	1.8181819	44.047009	52.139523	81.4888	8.4901543	19.110701	-6.4000001	1.6	1	1	6	7.6275043	0	0	0	1	0	0	0	0	0	0	0	0	0	0	0	0	0	0	1	0	0	0	0	0	0	0	0	0	0	0	0	0	0	0	0	0	0	0	0	0	0	0	0	0	0	0	0	0	0	0	0	0	0	0	0	0	0	0	0	0	0	0	0	0	0	0
5	56	1993	9.7589941	100	0	13.910821	17.370531	59.1595	7.3447552	69.620003	2.32128	28.367094	50.346912	29.309919	8.7740879	28.11508	8.6000004	8.6000004	1	0	2.5999999	7.6962466	94.385124	0	13.910821	17.280855	63.260796	7.1657953	67.195198	1.9368279	25.17123	46.813065	35.350281	8.2876501	26.21356	8	9	1	0	2.4000001	7.4290061	0	0	0	0	1	0	0	0	0	0	0	0	0	0	0	0	0	0	0	1	0	0	0	0	0	0	0	0	0	0	0	0	0	0	0	0	0	0	0	0	0	0	0	0	0	0	0	0	0	0	0	0	0	0	0	0	0	0	0	0	0	0	0	0	0	0
6	56	1998	19.818377	85.886314	0	13.910821	17.463217	54.476925	7.4957538	71.451401	1.5796769	29.788164	53.329502	30.80625	9.5612211	18.573099	7	7	1	0	3.8	7.9792914	100	0	13.910821	17.370531	59.1595	7.3447552	69.620003	2.32128	28.367094	50.346912	29.309919	8.7740879	28.11508	8.6000004	8.6000004	1	0	2.5999999	7.6962466	0	0	0	0	0	1	0	0	0	0	0	0	0	0	0	0	0	0	0	1	0	0	0	0	0	0	0	0	0	0	0	0	0	0	0	0	0	0	0	0	0	0	0	0	0	0	0	0	0	0	0	0	0	0	0	0	0	0	0	0	0	0	0	0	0	0
7	56	2003	37.226379	83.090019	0	13.910821	17.543308	49.757042	7.7606831	72.9786	1.4639953	34.979523	51.935448	42.381882	10.000927	6.4312439	7	7	1	0	3.8	7.87117	85.886314	0	13.910821	17.463217	54.476925	7.4957538	71.451401	1.5796769	29.788164	53.329502	30.80625	9.5612211	18.573099	7	7	1	0	3.8	7.9792914	0	0	0	0	0	0	1	0	0	0	0	0	0	0	0	0	0	0	0	1	0	0	0	0	0	0	0	0	0	0	0	0	0	0	0	0	0	0	0	0	0	0	0	0	0	0	0	0	0	0	0	0	0	0	0	0	0	0	0	0	0	0	0	0	0	0
8	56	2008	39.057854	83.444626	0	13.910821	17.621975	45.379406	8.253397	74.444397	1.3641062	36.150848	52.51664	34.422798	11.064655	5.1269441	7	7	1	0	3	8.5082855	83.090019	0	13.910821	17.543308	49.757042	7.7606831	72.9786	1.4639953	34.979523	51.935448	42.381882	10.000927	6.4312439	7	7	1	0	3.8	7.87117	0	0	0	0	0	0	0	1	0	0	0	0	0	0	0	0	0	0	0	1	0	0	0	0	0	0	0	0	0	0	0	0	0	0	0	0	0	0	0	0	0	0	0	0	0	0	0	0	0	0	0	0	0	0	0	0	0	0	0	0	0	0	0	0	0	0
5	71	1993	11.622279	97.710739	0	10.785601	15.845893	64.46386	7.4821639	56.647999	2.1317198	79.277397	48.003468	40.35994	6.8434792	26.593723	5.5999999	7	1	1	3	7.4001141	99.679161	0	10.785601	15.749449	68.270752	6.4975958	54.6828	2.0695319	103.28991	46.383621	56.448879	6.1331239	28.282854	6	7	1	1	1.2	6.9416504	0	0	0	0	1	0	0	0	0	0	0	0	0	0	0	0	0	0	0	0	1	0	0	0	0	0	0	0	0	0	0	0	0	0	0	0	0	0	0	0	0	0	0	0	0	0	0	0	0	0	0	0	0	0	0	0	0	0	0	0	0	0	0	0	0	0
8	71	2008	18.465969	100	0	10.785601	16.083319	51.157894	9.8718863	67.716202	1.4634024	61.724884	47.674301	32.028999	9.6230106	5.7926741	8	9	1	1	2	8.4137726	100	0	10.785601	16.012487	55.55698	9.3839474	64.107002	1.3437675	76.689743	49.234882	30.956301	8.4509993	18.419861	8	9	1	1	2.2	7.9100471	0	0	0	0	0	0	0	1	0	0	0	0	0	0	0	0	0	0	0	0	1	0	0	0	0	0	0	0	0	0	0	0	0	0	0	0	0	0	0	0	0	0	0	0	0	0	0	0	0	0	0	0	0	0	0	0	0	0	0	0	0	0	0	0	0	0
2	74	1978	45.354172	100	0	13.81095	17.57617	78.840248	6.3357196	43.695599	2.383657	55.131283	38.098724	101.2583	6.3638897	14.744474	-6	2	0	1	5	6.0604506	100	.60000002	13.81095	17.463217	80.336082	6.258502	42.9548	2.1352324	35.450111	38.796272	58.696419	4.0126696	7.6155481	-7	1	0	1	6	5.5806317	0	1	0	0	0	0	0	0	0	0	0	0	0	0	0	0	0	0	0	0	0	1	0	0	0	0	0	0	0	0	0	0	0	0	0	0	0	0	0	0	0	0	0	0	0	0	0	0	0	0	0	0	0	0	0	0	0	0	0	0	0	0	0	0	0	0
3	74	1983	37.50668	100	0	13.81095	17.690237	77.403397	6.4572334	43.905998	2.1295888	62.810207	36.095558	125.785	8.2983389	7.7692399	-6	2	0	1	4.5999999	6.7259469	100	0	13.81095	17.57617	78.840248	6.3357196	43.695599	2.383657	55.131283	38.098724	101.2583	6.3638897	14.744474	-6	2	0	1	5	6.0604506	0	0	1	0	0	0	0	0	0	0	0	0	0	0	0	0	0	0	0	0	0	1	0	0	0	0	0	0	0	0	0	0	0	0	0	0	0	0	0	0	0	0	0	0	0	0	0	0	0	0	0	0	0	0	0	0	0	0	0	0	0	0	0	0	0	0
4	74	1988	28.653294	100	0	13.81095	17.811295	75.359261	6.6551013	43.661999	2.2959807	48.190136	34.092392	99.278976	9.1010294	18.91028	-6	2	0	1	5	7.2813516	100	0	13.81095	17.690237	77.403397	6.4572334	43.905998	2.1295888	62.810207	36.095558	125.785	8.2983389	7.7692399	-6	2	0	1	4.5999999	6.7259469	0	0	0	1	0	0	0	0	0	0	0	0	0	0	0	0	0	0	0	0	0	1	0	0	0	0	0	0	0	0	0	0	0	0	0	0	0	0	0	0	0	0	0	0	0	0	0	0	0	0	0	0	0	0	0	0	0	0	0	0	0	0	0	0	0	0
5	74	1993	32.564877	100	0	13.81095	17.909576	70.662941	7.0015421	43.079601	1.7251641	56.072025	35.451836	118.54712	9.4406986	12.497936	-6	2	0	1	5.5999999	6.7410159	100	0	13.81095	17.811295	75.359261	6.6551013	43.661999	2.2959807	48.190136	34.092392	99.278976	9.1010294	18.91028	-6	2	0	1	5	7.2813516	0	0	0	0	1	0	0	0	0	0	0	0	0	0	0	0	0	0	0	0	0	1	0	0	0	0	0	0	0	0	0	0	0	0	0	0	0	0	0	0	0	0	0	0	0	0	0	0	0	0	0	0	0	0	0	0	0	0	0	0	0	0	0	0	0	0
6	74	1998	26.738932	100	0	13.81095	17.992624	63.561665	7.3127322	42.803799	1.5881021	41.703716	39.957375	72.459282	9.7264442	5.3360634	-6	2	0	1	6	7.1792297	100	0	13.81095	17.909576	70.662941	7.0015421	43.079601	1.7251641	56.072025	35.451836	118.54712	9.4406986	12.497936	-6	2	0	1	5.5999999	6.7410159	0	0	0	0	0	1	0	0	0	0	0	0	0	0	0	0	0	0	0	0	0	1	0	0	0	0	0	0	0	0	0	0	0	0	0	0	0	0	0	0	0	0	0	0	0	0	0	0	0	0	0	0	0	0	0	0	0	0	0	0	0	0	0	0	0	0
7	74	2003	30.027391	100	0	13.81095	18.083471	55.863888	7.5147772	42.935001	1.7570556	50.526585	34.817364	103.69205	9.982729	5.9426479	-5.4000001	2.8	0	1	6	7.0767527	100	0	13.81095	17.992624	63.561665	7.3127322	42.803799	1.5881021	41.703716	39.957375	72.459282	9.7264442	5.3360634	-6	2	0	1	6	7.1792297	0	0	0	0	0	0	1	0	0	0	0	0	0	0	0	0	0	0	0	0	0	1	0	0	0	0	0	0	0	0	0	0	0	0	0	0	0	0	0	0	0	0	0	0	0	0	0	0	0	0	0	0	0	0	0	0	0	0	0	0	0	0	0	0	0	0
8	74	2008	33.931358	100	0	13.81095	18.177055	50.862984	7.739068	43.235802	1.6150942	61.711807	32.645111	82.00692	10.908479	10.687876	-3	6	1	1	6	7.6018853	100	0	13.81095	18.083471	55.863888	7.5147772	42.935001	1.7570556	50.526585	34.817364	103.69205	9.982729	5.9426479	-5.4000001	2.8	0	1	6	7.0767527	0	0	0	0	0	0	0	1	0	0	0	0	0	0	0	0	0	0	0	0	0	1	0	0	0	0	0	0	0	0	0	0	0	0	0	0	0	0	0	0	0	0	0	0	0	0	0	0	0	0	0	0	0	0	0	0	0	0	0	0	0	0	0	0	0	0
2	75	1978	34.962173	100	2.4000001	9.9388552	15.319094	89.238632	7.6170855	43.038799	2.2750793	71.86203	47.53138	17.083179	5.3547516	13.886023	-3.8	3.3333333	1	1	4.4000001	5.3956218	100	0	9.9451094	15.20118	91.296608	7.4137259	40.666801	2.5674818	63.178226	52.897736	12.35575	4.7312031	5.9170527	-.80000001	6.4000001	1	1	2	4.710577	0	1	0	0	0	0	0	0	0	0	0	0	0	0	0	0	0	0	0	0	0	0	1	0	0	0	0	0	0	0	0	0	0	0	0	0	0	0	0	0	0	0	0	0	0	0	0	0	0	0	0	0	0	0	0	0	0	0	0	0	0	0	0	0	0	0
4	75	1988	15.67424	100	6	9.9388552	15.464022	80.41568	8.5020981	48.194199	1.1767722	44.723431	47.474121	80.277496	6.0164943	2.6866739	6	7	1	1	3	6.5333533	100	6	9.9388552	15.396328	86.611649	8.0022097	45.604801	1.2503618	53.681568	47.363087	72.571983	5.764184	4.1488361	3.5999999	7	1	1	3.4000001	5.6552277	0	0	0	1	0	0	0	0	0	0	0	0	0	0	0	0	0	0	0	0	0	0	1	0	0	0	0	0	0	0	0	0	0	0	0	0	0	0	0	0	0	0	0	0	0	0	0	0	0	0	0	0	0	0	0	0	0	0	0	0	0	0	0	0	0	0
8	75	2008	21.917925	96.536751	0	9.9388552	15.630303	55.967453	11.248648	63.2272	.32786885	70.719826	45.234196	44.495159	8.7690964	3.1715071	7.4000001	9	1	0	2	8.1101599	97.372742	0	9.9388552	15.610576	64.309494	10.573374	60.5536	.33333334	69.201538	48.020187	38.491241	8.0679684	2.996026	7	9	1	0	2	7.8338242	0	0	0	0	0	0	0	1	0	0	0	0	0	0	0	0	0	0	0	0	0	0	1	0	0	0	0	0	0	0	0	0	0	0	0	0	0	0	0	0	0	0	0	0	0	0	0	0	0	0	0	0	0	0	0	0	0	0	0	0	0	0	0	0	0	0
4	79	1988	19.582628	100	6	13.910821	17.625484	85.668159	5.4682856	12.1538	3.2082376	17.917456	36.986095	86.878319	4.8516927	.113802	-8	1	1	1	6.5999999	5.4367819	100	6	13.910821	17.4676	84.611038	5.4342518	11.0358	3.2194815	22.695789	33.874454	55.440479	4.8274083	9.0069675	-7.4000001	1	1	1	7	5.2214484	0	0	0	1	0	0	0	0	0	0	0	0	0	0	0	0	0	0	0	0	0	0	0	1	0	0	0	0	0	0	0	0	0	0	0	0	0	0	0	0	0	0	0	0	0	0	0	0	0	0	0	0	0	0	0	0	0	0	0	0	0	0	0	0	0	0
5	79	1993	15.621809	100	1.2	13.853635	17.796038	88.446747	5.5722437	13.3446	3.4999385	19.837376	40.097729	126.52422	5.0425296	12.726044	.75	6	1	1	5.5999999	5.1121421	100	6	13.910821	17.625484	85.668159	5.4682856	12.1538	3.2082376	17.917456	36.986095	86.878319	4.8516927	.113802	-8	1	1	1	6.5999999	5.4367819	0	0	0	0	1	0	0	0	0	0	0	0	0	0	0	0	0	0	0	0	0	0	0	1	0	0	0	0	0	0	0	0	0	0	0	0	0	0	0	0	0	0	0	0	0	0	0	0	0	0	0	0	0	0	0	0	0	0	0	0	0	0	0	0	0	0
6	79	1998	19.097038	100	3.4000001	13.815511	17.945021	90.123344	5.7144761	14.3742	2.9777505	32.917534	39.869873	99.970459	6.3561478	2.3965297	1	6	0	1	4.4000001	4.8626719	100	1.2	13.853635	17.796038	88.446747	5.5722437	13.3446	3.4999385	19.837376	40.097729	126.52422	5.0425296	12.726044	.75	6	1	1	5.5999999	5.1121421	0	0	0	0	0	1	0	0	0	0	0	0	0	0	0	0	0	0	0	0	0	0	0	1	0	0	0	0	0	0	0	0	0	0	0	0	0	0	0	0	0	0	0	0	0	0	0	0	0	0	0	0	0	0	0	0	0	0	0	0	0	0	0	0	0	0
7	79	2003	27.13983	82.890648	0	13.815511	18.074711	87.322968	5.8483191	15.3156	2.8618205	42.530937	31.16567	103.05966	7.6105843	3.435586	1	6	0	1	5	4.8675466	100	3.4000001	13.815511	17.945021	90.123344	5.7144761	14.3742	2.9777505	32.917534	39.869873	99.970459	6.3561478	2.3965297	1	6	0	1	4.4000001	4.8626719	0	0	0	0	0	0	1	0	0	0	0	0	0	0	0	0	0	0	0	0	0	0	0	1	0	0	0	0	0	0	0	0	0	0	0	0	0	0	0	0	0	0	0	0	0	0	0	0	0	0	0	0	0	0	0	0	0	0	0	0	0	0	0	0	0	0
4	82	1988	23.973919	99.154709	0	9.8130159	13.491353	66.408707	4.9166808	40.375801	.46472034	102.59335	53.596931	33.798698	5.7629499	5.4478521	1	4.8000002	.60000002	1	5	7.4502468	100	0	9.8130159	13.434285	67.276657	4.5899096	38.221401	2.2982285	90.87133	52.12468	28.37538	5.8268099	6.228828	9	9	0	1	2	7.4591637	0	0	0	1	0	0	0	0	0	0	0	0	0	0	0	0	0	0	0	0	0	0	0	0	1	0	0	0	0	0	0	0	0	0	0	0	0	0	0	0	0	0	0	0	0	0	0	0	0	0	0	0	0	0	0	0	0	0	0	0	0	0	0	0	0	0
5	82	1993	29.215366	97.763092	0	9.8130159	13.534559	62.499428	4.9848256	43.942001	1.2651583	111.19298	54.421906	36.200878	6.0292473	4.2987022	5	6	.40000001	1	4.4000001	7.7059689	99.154709	0	9.8130159	13.491353	66.408707	4.9166808	40.375801	.46472034	102.59335	53.596931	33.798698	5.7629499	5.4478521	1	4.8000002	.60000002	1	5	7.4502468	0	0	0	0	1	0	0	0	0	0	0	0	0	0	0	0	0	0	0	0	0	0	0	0	1	0	0	0	0	0	0	0	0	0	0	0	0	0	0	0	0	0	0	0	0	0	0	0	0	0	0	0	0	0	0	0	0	0	0	0	0	0	0	0	0	0
6	82	1998	29.452343	100	0	9.8130159	13.591596	58.746265	5.3173895	46.943199	.91326135	115.87732	53.47403	44.53968	6.1755738	3.19575	5.1999998	6.5	0	1	4	7.7870903	97.763092	0	9.8130159	13.534559	62.499428	4.9848256	43.942001	1.2651583	111.19298	54.421906	36.200878	6.0292473	4.2987022	5	6	.40000001	1	4.4000001	7.7059689	0	0	0	0	0	1	0	0	0	0	0	0	0	0	0	0	0	0	0	0	0	0	0	0	1	0	0	0	0	0	0	0	0	0	0	0	0	0	0	0	0	0	0	0	0	0	0	0	0	0	0	0	0	0	0	0	0	0	0	0	0	0	0	0	0	0
5	94	1993	10.472551	100	0	12.335081	16.599442	80.566505	5.8409142	38.659801	2.5833333	30.696239	36.102367	59.719082	6.6460862	27.224581	-1.6	6	1	1	5	6.445785	100	0	12.335081	16.453545	84.397476	5.7228251	35.022999	2.9670329	26.206242	38.035137	40.28175	6.2943206	34.7542	-7	1	1	1	6.4000001	6.4322171	0	0	0	0	1	0	0	0	0	0	0	0	0	0	0	0	0	0	0	0	0	0	0	0	0	1	0	0	0	0	0	0	0	0	0	0	0	0	0	0	0	0	0	0	0	0	0	0	0	0	0	0	0	0	0	0	0	0	0	0	0	0	0	0	0	0
8	94	2008	24.719671	100	0	12.335081	16.959139	68.071098	6.4639297	49.806599	2.7310371	67.264374	42.402039	32.89156	8.717061	30.064819	8	9	1	1	1	7.0179329	100	0	12.335081	16.849821	71.380844	6.1593108	46.198002	2.0526316	63.624035	41.348106	75.312698	7.4477525	23.13096	6.8000002	8.3999996	1	1	1.8	6.3693619	0	0	0	0	0	0	0	1	0	0	0	0	0	0	0	0	0	0	0	0	0	0	0	0	0	1	0	0	0	0	0	0	0	0	0	0	0	0	0	0	0	0	0	0	0	0	0	0	0	0	0	0	0	0	0	0	0	0	0	0	0	0	0	0	0	0
2	101	1978	10.86622	97.949013	5	11.582078	15.717038	86.64505	5.8671017	37.1278	2.4597886	70.938141	43.20158	12.60176	6.0137973	10.40725	-4.1999998	4.1999998	1	1	4	6.6851101	100	5	11.582078	15.593194	85.082832	5.6519823	36.248798	2.8052876	60.783112	51.229935	11.55692	5.1933732	8.1327105	-.60000002	6	1	1	3	5.9799876	0	1	0	0	0	0	0	0	0	0	0	0	0	0	0	0	0	0	0	0	0	0	0	0	0	0	1	0	0	0	0	0	0	0	0	0	0	0	0	0	0	0	0	0	0	0	0	0	0	0	0	0	0	0	0	0	0	0	0	0	0	0	0	0	0	0
3	101	1983	10.725756	97.931465	5	11.582078	15.842965	88.601685	6.1609035	38.451599	2.4500682	49.353813	49.72628	36.651981	6.5469909	8.5980883	-5.1999998	1.75	1	1	5.4000001	7.0044456	97.949013	5	11.582078	15.717038	86.64505	5.8671017	37.1278	2.4597886	70.938141	43.20158	12.60176	6.0137973	10.40725	-4.1999998	4.1999998	1	1	4	6.6851101	0	0	1	0	0	0	0	0	0	0	0	0	0	0	0	0	0	0	0	0	0	0	0	0	0	0	1	0	0	0	0	0	0	0	0	0	0	0	0	0	0	0	0	0	0	0	0	0	0	0	0	0	0	0	0	0	0	0	0	0	0	0	0	0	0	0
4	101	1988	11.729915	98.078606	5	11.582078	15.955023	88.7033	6.5372701	40.331001	2.4124424	55.485748	56.882786	49.630138	6.5144811	22.511326	3	7	1	1	3	6.7129998	97.931465	5	11.582078	15.842965	88.601685	6.1609035	38.451599	2.4500682	49.353813	49.72628	36.651981	6.5469909	8.5980883	-5.1999998	1.75	1	1	5.4000001	7.0044456	0	0	0	1	0	0	0	0	0	0	0	0	0	0	0	0	0	0	0	0	0	0	0	0	0	0	1	0	0	0	0	0	0	0	0	0	0	0	0	0	0	0	0	0	0	0	0	0	0	0	0	0	0	0	0	0	0	0	0	0	0	0	0	0	0	0
5	101	1993	11.1686	94.64959	5	11.582078	16.072514	87.5756	7.0063829	42.312801	2.3588483	62.826996	56.53577	39.571018	6.9615502	15.346202	3	7	.60000002	1	3.8	6.9887333	98.078606	5	11.582078	15.955023	88.7033	6.5372701	40.331001	2.4124424	55.485748	56.882786	49.630138	6.5144811	22.511326	3	7	1	1	3	6.7129998	0	0	0	0	1	0	0	0	0	0	0	0	0	0	0	0	0	0	0	0	0	0	0	0	0	0	1	0	0	0	0	0	0	0	0	0	0	0	0	0	0	0	0	0	0	0	0	0	0	0	0	0	0	0	0	0	0	0	0	0	0	0	0	0	0	0
8	101	2008	14.228437	100	0	11.582078	16.424925	78.789215	7.9804697	48.465599	1.5384616	63.603813	54.638	22.028561	8.5452757	6.0511599	8	9	1	1	3.4000001	7.8824654	100	0	11.582078	16.316425	83.140732	7.9157043	46.354	3.4848485	67.332565	55.303345	20.32226	7.8649292	3.7066121	8	9	1	1	3.8	7.5206213	0	0	0	0	0	0	0	1	0	0	0	0	0	0	0	0	0	0	0	0	0	0	0	0	0	0	1	0	0	0	0	0	0	0	0	0	0	0	0	0	0	0	0	0	0	0	0	0	0	0	0	0	0	0	0	0	0	0	0	0	0	0	0	0	0	0
6	102	1998	18.425936	100	0	12.411948	15.904675	84.945717	6.3293667	30.403799	2.2128379	38.160858	43.086567	107.78696	5.3646512	3.366508	-1	6	1	1	6	6.1236491	100	0	12.411948	15.738279	85.449318	6.3311009	28.895399	5.391624	39.480541	45.696259	94.495422	4.8312154	12.018399	-4.1999998	2.8	1	1	6	6.214108	0	0	0	0	0	1	0	0	0	0	0	0	0	0	0	0	0	0	0	0	0	0	0	0	0	0	0	1	0	0	0	0	0	0	0	0	0	0	0	0	0	0	0	0	0	0	0	0	0	0	0	0	0	0	0	0	0	0	0	0	0	0	0	0	0	0
8	108	2008	26.283945	95.019768	0	11.625272	15.803009	65.734192	7.3390222	50.4058	1.9536732	122.57636	54.021606	24.35364	8.8745985	6.4189739	7	9	1	1	3.4000001	7.5037479	94.946968	0	11.625272	15.702121	74.231392	7.3533163	47.372601	2.1655319	125.62782	53.149841	60.594521	8.001606	6.5413661	7	9	1	1	3	7.1525559	0	0	0	0	0	0	0	1	0	0	0	0	0	0	0	0	0	0	0	0	0	0	0	0	0	0	0	0	1	0	0	0	0	0	0	0	0	0	0	0	0	0	0	0	0	0	0	0	0	0	0	0	0	0	0	0	0	0	0	0	0	0	0	0	0	0
2	112	1978	17.811655	59.264767	2	14.914123	20.319288	70.303299	6.1872182	22.3916	2.4597886	13.93119	37.386219	39.060822	7.5926213	8.263134	7.8000002	7	0	1	2.2	5.3089051	59.204079	2.5999999	14.914123	20.201904	72.270889	5.9737191	20.703199	2.0586827	9.6515045	36.500847	36.535301	7.6155472	9.8025923	8.6000004	8.6000004	0	1	2	4.9396038	0	1	0	0	0	0	0	0	0	0	0	0	0	0	0	0	0	0	0	0	0	0	0	0	0	0	0	0	0	1	0	0	0	0	0	0	0	0	0	0	0	0	0	0	0	0	0	0	0	0	0	0	0	0	0	0	0	0	0	0	0	0	0	0	0	0
4	112	1988	25.431395	59.098579	5.5999999	14.914123	20.546059	66.158569	6.4520121	25.0674	2.209239	14.006076	33.30669	43.58392	7.8097854	8.6909838	8	7	0	1	2	5.8455997	58.05048	3.8	14.914123	20.435122	68.357605	6.3343496	23.848	2.190134	14.098086	33.558113	39.410069	7.6976137	8.5186682	8	7	0	1	2	5.6446967	0	0	0	1	0	0	0	0	0	0	0	0	0	0	0	0	0	0	0	0	0	0	0	0	0	0	0	0	0	1	0	0	0	0	0	0	0	0	0	0	0	0	0	0	0	0	0	0	0	0	0	0	0	0	0	0	0	0	0	0	0	0	0	0	0	0
5	112	1993	28.096752	54.330715	6.8000002	14.914123	20.648159	63.040661	6.5810051	26.183001	1.9892482	19.774784	34.392029	73.261734	8.3281622	10.324294	8.1999998	7.4000001	0	1	3.5999999	5.8122892	59.098579	5.5999999	14.914123	20.546059	66.158569	6.4520121	25.0674	2.209239	14.006076	33.30669	43.58392	7.8097854	8.6909838	8	7	0	1	2	5.8455997	0	0	0	0	1	0	0	0	0	0	0	0	0	0	0	0	0	0	0	0	0	0	0	0	0	0	0	0	0	1	0	0	0	0	0	0	0	0	0	0	0	0	0	0	0	0	0	0	0	0	0	0	0	0	0	0	0	0	0	0	0	0	0	0	0	0
3	113	1983	12.657835	85.308632	7	14.403297	18.902027	70.723129	6.3608179	24.495001	1.3333334	45.123505	36.383095	21.927561	8.0106936	8.6171522	-7	2	0	0	5	6.4076815	83.711617	7	14.403297	18.78475	76.195618	6.4256425	20.989201	2.9670329	44.614315	42.82539	27.05648	7.564805	20.546713	-7	2	0	0	5	5.949194	0	0	1	0	0	0	0	0	0	0	0	0	0	0	0	0	0	0	0	0	0	0	0	0	0	0	0	0	0	0	1	0	0	0	0	0	0	0	0	0	0	0	0	0	0	0	0	0	0	0	0	0	0	0	0	0	0	0	0	0	0	0	0	0	0	0
4	113	1988	12.77196	87.458878	7	14.403297	19.007849	63.8783	6.2679768	28.785999	2.4264705	42.163944	35.471931	43.375759	8.4951267	9.1606569	-7	2	0	0	5.1999998	6.3283682	85.308632	7	14.403297	18.902027	70.723129	6.3608179	24.495001	1.3333334	45.123505	36.383095	21.927561	8.0106936	8.6171522	-7	2	0	0	5	6.4076815	0	0	0	1	0	0	0	0	0	0	0	0	0	0	0	0	0	0	0	0	0	0	0	0	0	0	0	0	0	0	1	0	0	0	0	0	0	0	0	0	0	0	0	0	0	0	0	0	0	0	0	0	0	0	0	0	0	0	0	0	0	0	0	0	0	0
5	113	1993	16.035568	87.414795	3.2	14.403297	19.083052	56.864204	6.4803433	33.566002	1.1111112	48.349945	39.067059	38.237862	9.3846426	8.110364	-7	2	0	0	6.5999999	6.7999163	87.458878	7	14.403297	19.007849	63.8783	6.2679768	28.785999	2.4264705	42.163944	35.471931	43.375759	8.4951267	9.1606569	-7	2	0	0	5.1999998	6.3283682	0	0	0	0	1	0	0	0	0	0	0	0	0	0	0	0	0	0	0	0	0	0	0	0	0	0	0	0	0	0	1	0	0	0	0	0	0	0	0	0	0	0	0	0	0	0	0	0	0	0	0	0	0	0	0	0	0	0	0	0	0	0	0	0	0	0
6	113	1998	17.197527	91.105431	0	14.403297	19.152861	50.029701	6.9282956	39.422798	2.0526316	64.42363	34.519135	63.493999	10.120823	26.260979	-1.4	4.5999999	0	0	5.4000001	6.7254386	87.414795	3.2	14.403297	19.083052	56.864204	6.4803433	33.566002	1.1111112	48.349945	39.067059	38.237862	9.3846426	8.110364	-7	2	0	0	6.5999999	6.7999163	0	0	0	0	0	1	0	0	0	0	0	0	0	0	0	0	0	0	0	0	0	0	0	0	0	0	0	0	0	0	1	0	0	0	0	0	0	0	0	0	0	0	0	0	0	0	0	0	0	0	0	0	0	0	0	0	0	0	0	0	0	0	0	0	0	0
7	113	2003	18.611511	100	0	14.403297	19.218029	44.971985	7.5149097	44.362999	.95238096	61.247677	35.897133	62.130699	9.6074886	9.7123423	6.8000002	8.3999996	.2	0	2.8	6.9095426	91.105431	0	14.403297	19.152861	50.029701	6.9282956	39.422798	2.0526316	64.42363	34.519135	63.493999	10.120823	26.260979	-1.4	4.5999999	0	0	5.4000001	6.7254386	0	0	0	0	0	0	1	0	0	0	0	0	0	0	0	0	0	0	0	0	0	0	0	0	0	0	0	0	0	0	1	0	0	0	0	0	0	0	0	0	0	0	0	0	0	0	0	0	0	0	0	0	0	0	0	0	0	0	0	0	0	0	0	0	0	0
8	113	2008	18.044405	100	0	14.403297	19.270615	41.420807	8.055542	48.329201	1.7786561	52.624615	37.288296	33.219959	11.396855	12.00555	8	9	1	0	2	7.6597638	100	0	14.403297	19.218029	44.971985	7.5149097	44.362999	.95238096	61.247677	35.897133	62.130699	9.6074886	9.7123423	6.8000002	8.3999996	.2	0	2.8	6.9095426	0	0	0	0	0	0	0	1	0	0	0	0	0	0	0	0	0	0	0	0	0	0	0	0	0	0	0	0	0	0	1	0	0	0	0	0	0	0	0	0	0	0	0	0	0	0	0	0	0	0	0	0	0	0	0	0	0	0	0	0	0	0	0	0	0	0
2	114	1978	33.099831	97.868752	4.8000002	14.285514	17.403452	80.098259	5.7519698	48.114601	3.4023612	58.993336	47.038937	17.851471	8.0519552	17.633394	-6.4000001	1	1	1	5.4000001	7.6674299	98.32428	0	14.285514	17.248455	82.033638	6.2098579	43.932999	2.6264832	69.416618	50.978256	12.281266	7.2934294	22.45796	-10	1	1	0	5.25	6.7103648	0	1	0	0	0	0	0	0	0	0	0	0	0	0	0	0	0	0	0	0	0	0	0	0	0	0	0	0	0	0	0	1	0	0	0	0	0	0	0	0	0	0	0	0	0	0	0	0	0	0	0	0	0	0	0	0	0	0	0	0	0	0	0	0	0	0
3	114	1983	24.744314	97.166435	13	14.285514	17.580122	85.048042	5.6155815	51.9142	4.2438574	29.826033	46.531178	29.227858	8.2106342	14.162004	-5.5999999	2	1	1	5.5999999	7.9106112	97.868752	4.8000002	14.285514	17.403452	80.098259	5.7519698	48.114601	3.4023612	58.993336	47.038937	17.851471	8.0519552	17.633394	-6.4000001	1	1	1	5.4000001	7.6674299	0	0	1	0	0	0	0	0	0	0	0	0	0	0	0	0	0	0	0	0	0	0	0	0	0	0	0	0	0	0	0	1	0	0	0	0	0	0	0	0	0	0	0	0	0	0	0	0	0	0	0	0	0	0	0	0	0	0	0	0	0	0	0	0	0	0
4	114	1988	19.367065	97.146309	7.5999999	14.285514	17.757929	90.085144	6.3262968	55.155998	3.1356602	22.437773	45.941513	49.757999	8.0735312	18.480261	-6	2	1	1	5.4000001	7.4267039	97.166435	13	14.285514	17.580122	85.048042	5.6155815	51.9142	4.2438574	29.826033	46.531178	29.227858	8.2106342	14.162004	-5.5999999	2	1	1	5.5999999	7.9106112	0	0	0	1	0	0	0	0	0	0	0	0	0	0	0	0	0	0	0	0	0	0	0	0	0	0	0	0	0	0	0	1	0	0	0	0	0	0	0	0	0	0	0	0	0	0	0	0	0	0	0	0	0	0	0	0	0	0	0	0	0	0	0	0	0	0
5	114	1993	22.54002	100	2.4000001	14.285514	17.875656	84.020706	7.125484	58.673599	1.3918307	42.096073	45.461758	32.80698	8.0163879	35.178341	-6	2	1	1	6	7.4991384	97.146309	7.5999999	14.285514	17.757929	90.085144	6.3262968	55.155998	3.1356602	22.437773	45.941513	49.757999	8.0735312	18.480261	-6	2	1	1	5.4000001	7.4267039	0	0	0	0	1	0	0	0	0	0	0	0	0	0	0	0	0	0	0	0	0	0	0	0	0	0	0	0	0	0	0	1	0	0	0	0	0	0	0	0	0	0	0	0	0	0	0	0	0	0	0	0	0	0	0	0	0	0	0	0	0	0	0	0	0	0
6	114	1998	23.740044	97.504715	0	14.285514	17.958393	66.402687	7.3632579	62.5196	1.9267237	33.925011	45.098007	23.76638	8.084837	20.94969	1.2	5.1999998	1	1	6	7.447082	100	2.4000001	14.285514	17.875656	84.020706	7.125484	58.673599	1.3918307	42.096073	45.461758	32.80698	8.0163879	35.178341	-6	2	1	1	6	7.4991384	0	0	0	0	0	1	0	0	0	0	0	0	0	0	0	0	0	0	0	0	0	0	0	0	0	0	0	0	0	0	0	1	0	0	0	0	0	0	0	0	0	0	0	0	0	0	0	0	0	0	0	0	0	0	0	0	0	0	0	0	0	0	0	0	0	0
7	114	2003	27.723566	94.21624	0	14.285514	18.034801	44.855328	7.4520316	66.151604	1.1855105	50.072487	42.997589	23.993719	9.1960649	17.862	-.60000002	4.8000002	1	1	6	7.6916595	97.504715	0	14.285514	17.958393	66.402687	7.3632579	62.5196	1.9267237	33.925011	45.098007	23.76638	8.084837	20.94969	1.2	5.1999998	1	1	6	7.447082	0	0	0	0	0	0	1	0	0	0	0	0	0	0	0	0	0	0	0	0	0	0	0	0	0	0	0	0	0	0	0	1	0	0	0	0	0	0	0	0	0	0	0	0	0	0	0	0	0	0	0	0	0	0	0	0	0	0	0	0	0	0	0	0	0	0
6	120	1998	20.494514	100	.40000001	12.669806	16.574409	77.240349	5.4406266	42.608601	2.7619047	74.65564	43.991074	98.65284	7.4827771	2.9915423	-3	3	1	1	6	6.6234975	100	0	12.669806	16.438723	82.64817	5.1541634	40.464001	3.2051282	59.862957	38.188023	124.9748	6.8716908	12.844748	-6.5999999	2	1	1	6	6.656867	0	0	0	0	0	1	0	0	0	0	0	0	0	0	0	0	0	0	0	0	0	0	0	0	0	0	0	0	0	0	0	0	1	0	0	0	0	0	0	0	0	0	0	0	0	0	0	0	0	0	0	0	0	0	0	0	0	0	0	0	0	0	0	0	0	0
7	120	2003	20.00223	100	2	12.669806	16.671587	76.066956	6.0300283	45.518002	1.25	81.264236	46.206551	86.30452	8.1502571	3.0956423	.80000001	6	1	1	5.8000002	6.7086682	100	.40000001	12.669806	16.574409	77.240349	5.4406266	42.608601	2.7619047	74.65564	43.991074	98.65284	7.4827771	2.9915423	-3	3	1	1	6	6.6234975	0	0	0	0	0	0	1	0	0	0	0	0	0	0	0	0	0	0	0	0	0	0	0	0	0	0	0	0	0	0	0	0	1	0	0	0	0	0	0	0	0	0	0	0	0	0	0	0	0	0	0	0	0	0	0	0	0	0	0	0	0	0	0	0	0	0
3	123	1983	26.870132	100	0	11.387815	14.769539	98.270859	7.8079281	63.730999	3.4119895	125.99454	36.724289	38.074799	6.3584733	5.8276548	-9.6000004	1	1	1	5.5999999	7.5068054	100	0	11.387815	14.594251	100.11525	7.1138353	59.023399	4.1161237	118.72676	38.23571	38.178082	5.0618186	5.3960438	-10	1	1	1	6	7.0490937	0	0	1	0	0	0	0	0	0	0	0	0	0	0	0	0	0	0	0	0	0	0	0	0	0	0	0	0	0	0	0	0	0	1	0	0	0	0	0	0	0	0	0	0	0	0	0	0	0	0	0	0	0	0	0	0	0	0	0	0	0	0	0	0	0	0
4	123	1988	29.251131	100	0	11.387815	14.957995	95.690178	7.5676208	69.841003	4.2487288	115.78963	38.819405	219.73399	6.5687742	8.427	-7	3	1	1	5.1999998	7.4243841	100	0	11.387815	14.769539	98.270859	7.8079281	63.730999	3.4119895	125.99454	36.724289	38.074799	6.3584733	5.8276548	-9.6000004	1	1	1	5.5999999	7.5068054	0	0	0	1	0	0	0	0	0	0	0	0	0	0	0	0	0	0	0	0	0	0	0	0	0	0	0	0	0	0	0	0	0	1	0	0	0	0	0	0	0	0	0	0	0	0	0	0	0	0	0	0	0	0	0	0	0	0	0	0	0	0	0	0	0	0
5	123	1993	32.000359	100	0	11.387815	15.199294	81.065903	6.2251506	75.910599	5.6123843	130.07671	45.526192	145.6976	6.5200448	3.9289939	-2.4000001	8.3999996	1	1	3.8	7.2359366	100	0	11.387815	14.957995	95.690178	7.5676208	69.841003	4.2487288	115.78963	38.819405	219.73399	6.5687742	8.427	-7	3	1	1	5.1999998	7.4243841	0	0	0	0	1	0	0	0	0	0	0	0	0	0	0	0	0	0	0	0	0	0	0	0	0	0	0	0	0	0	0	0	0	1	0	0	0	0	0	0	0	0	0	0	0	0	0	0	0	0	0	0	0	0	0	0	0	0	0	0	0	0	0	0	0	0
8	123	2008	36.167862	96.73671	0	11.390256	15.579387	63.518909	6.4817977	81.954597	2.1323309	132.27498	39.367809	68.331779	9.8323708	9.364974	-2.8	8.1999998	1	1	5.4000001	8.1603222	100	0	11.387815	15.444366	64.692993	5.9861312	80.629402	2.3868039	124.11362	40.371578	94.393661	8.691781	1.7867264	-2	9	1	1	5.1999998	7.625474	0	0	0	0	0	0	0	1	0	0	0	0	0	0	0	0	0	0	0	0	0	0	0	0	0	0	0	0	0	0	0	0	0	1	0	0	0	0	0	0	0	0	0	0	0	0	0	0	0	0	0	0	0	0	0	0	0	0	0	0	0	0	0	0	0	0
2	125	1978	15.269529	93.179474	0	13.251882	16.535578	106.02351	6.6427016	14.5154	4.3003664	50.914047	63.161606	21.707033	6.0206199	10.815272	-6.5999999	1.4	1	1	5	6.0862403	100	0	13.251882	16.348442	104.59311	7.0658746	11.8664	3.4848485	48.594276	70.998444	13.40548	5.4040275	6.0148578	-7	1	1	1	5	5.5475159	0	1	0	0	0	0	0	0	0	0	0	0	0	0	0	0	0	0	0	0	0	0	0	0	0	0	0	0	0	0	0	0	0	0	1	0	0	0	0	0	0	0	0	0	0	0	0	0	0	0	0	0	0	0	0	0	0	0	0	0	0	0	0	0	0	0
3	125	1983	18.041224	95.018745	0	13.251882	16.726336	106.24275	6.1866407	15.8806	4.5902133	42.224461	68.352135	34.745178	6.410388	10.556036	-6.8000002	1.2	1	1	5.4000001	6.099648	93.179474	0	13.251882	16.535578	106.02351	6.6427016	14.5154	4.3003664	50.914047	63.161606	21.707033	6.0206199	10.815272	-6.5999999	1.4	1	1	5	6.0862403	0	0	1	0	0	0	0	0	0	0	0	0	0	0	0	0	0	0	0	0	0	0	0	0	0	0	0	0	0	0	0	0	0	0	1	0	0	0	0	0	0	0	0	0	0	0	0	0	0	0	0	0	0	0	0	0	0	0	0	0	0	0	0	0	0	0
4	125	1988	18.936176	95.151093	0	13.251882	16.895967	103.70297	5.7542844	16.4804	2.8614719	40.515968	61.957531	45.929001	6.6188164	8.1950998	-7	1	1	1	6	6.1720243	95.018745	0	13.251882	16.726336	106.24275	6.1866407	15.8806	4.5902133	42.224461	68.352135	34.745178	6.410388	10.556036	-6.8000002	1.2	1	1	5.4000001	6.099648	0	0	0	1	0	0	0	0	0	0	0	0	0	0	0	0	0	0	0	0	0	0	0	0	0	0	0	0	0	0	0	0	0	0	1	0	0	0	0	0	0	0	0	0	0	0	0	0	0	0	0	0	0	0	0	0	0	0	0	0	0	0	0	0	0	0
5	125	1993	18.989336	95.835495	0	13.251882	17.06485	95.639442	5.4303184	17.657	3.2721293	51.911682	53.043282	67.894058	6.8681083	17.07304	-5	3	1	1	5.5999999	5.9176569	95.151093	0	13.251882	16.895967	103.70297	5.7542844	16.4804	2.8614719	40.515968	61.957531	45.929001	6.6188164	8.1950998	-7	1	1	1	6	6.1720243	0	0	0	0	1	0	0	0	0	0	0	0	0	0	0	0	0	0	0	0	0	0	0	0	0	0	0	0	0	0	0	0	0	0	1	0	0	0	0	0	0	0	0	0	0	0	0	0	0	0	0	0	0	0	0	0	0	0	0	0	0	0	0	0	0	0
6	125	1998	18.508636	100	0	13.251882	17.202686	86.686958	5.3234186	19.2404	2.8113482	50.914257	51.185928	54.576439	7.163578	14.125838	-2.5999999	7	1	1	6.1999998	6.0717134	95.835495	0	13.251882	17.06485	95.639442	5.4303184	17.657	3.2721293	51.911682	53.043282	67.894058	6.8681083	17.07304	-5	3	1	1	5.5999999	5.9176569	0	0	0	0	0	1	0	0	0	0	0	0	0	0	0	0	0	0	0	0	0	0	0	0	0	0	0	0	0	0	0	0	0	0	1	0	0	0	0	0	0	0	0	0	0	0	0	0	0	0	0	0	0	0	0	0	0	0	0	0	0	0	0	0	0	0
7	125	2003	20.254385	98.537704	0	13.251882	17.341005	80.19175	5.1635408	20.9618	3.0358858	57.84288	49.131241	55.569	7.4134712	4.1460252	6	8.8000002	1	1	3.8	6.0974269	100	0	13.251882	17.202686	86.686958	5.3234186	19.2404	2.8113482	50.914257	51.185928	54.576439	7.163578	14.125838	-2.5999999	7	1	1	6.1999998	6.0717134	0	0	0	0	0	0	1	0	0	0	0	0	0	0	0	0	0	0	0	0	0	0	0	0	0	0	0	0	0	0	0	0	0	0	1	0	0	0	0	0	0	0	0	0	0	0	0	0	0	0	0	0	0	0	0	0	0	0	0	0	0	0	0	0	0	0
5	136	1993	52.586052	100	0	10.320881	14.369002	83.595909	8.3713989	15.7598	2.4264705	141.12668	62.045296	77.735748	4.8756027	12.344764	2	4.5999999	.60000002	1	4.5999999	6.0428209	100	0	10.320881	14.272607	85.666199	8.0682621	13.081	1.3333334	141.61945	60.813839	85.141121	3.746017	14.8972	-7	1	1	1	5.5999999	5.5551376	0	0	0	0	1	0	0	0	0	0	0	0	0	0	0	0	0	0	0	0	0	0	0	0	0	0	0	0	0	0	0	0	0	0	0	1	0	0	0	0	0	0	0	0	0	0	0	0	0	0	0	0	0	0	0	0	0	0	0	0	0	0	0	0	0	0
6	136	1998	56.858997	100	0	10.320881	14.45681	78.352592	8.3123035	18.7652	1.1111112	172.76833	61.518963	88.35318	6.9960785	7.900692	4.4000001	7	0	1	4	6.0554976	100	0	10.320881	14.369002	83.595909	8.3713989	15.7598	2.4264705	141.12668	62.045296	77.735748	4.8756027	12.344764	2	4.5999999	.60000002	1	4.5999999	6.0428209	0	0	0	0	0	1	0	0	0	0	0	0	0	0	0	0	0	0	0	0	0	0	0	0	0	0	0	0	0	0	0	0	0	0	0	1	0	0	0	0	0	0	0	0	0	0	0	0	0	0	0	0	0	0	0	0	0	0	0	0	0	0	0	0	0	0
7	136	2003	50.527931	99.931732	0	10.320881	14.518415	72.825935	8.0638189	21.954399	0	191.12596	52.756508	83.822258	7.3313789	7.1987462	7.5999999	7	0	1	2.4000001	6.1456337	100	0	10.320881	14.45681	78.352592	8.3123035	18.7652	1.1111112	172.76833	61.518963	88.35318	6.9960785	7.900692	4.4000001	7	0	1	4	6.0554976	0	0	0	0	0	0	1	0	0	0	0	0	0	0	0	0	0	0	0	0	0	0	0	0	0	0	0	0	0	0	0	0	0	0	0	1	0	0	0	0	0	0	0	0	0	0	0	0	0	0	0	0	0	0	0	0	0	0	0	0	0	0	0	0	0	0
8	137	2008	18.042725	100	0	11.475431	15.110773	80.75441	5.1270175	47.101002	3.9303253	111.7037	43.831108	310.42566	8.2192955	11.344724	6	8	1	1	3	5.504631	100	.60000002	11.475431	14.926808	80.363617	4.8970866	45.362999	2.6264832	71.605835	40.9883	428.54221	7.9511395	5.1244078	1.8	6	.60000002	.40000001	5.4000001	5.1528273	0	0	0	0	0	0	0	1	0	0	0	0	0	0	0	0	0	0	0	0	0	0	0	0	0	0	0	0	0	0	0	0	0	0	0	0	1	0	0	0	0	0	0	0	0	0	0	0	0	0	0	0	0	0	0	0	0	0	0	0	0	0	0	0	0	0
2	144	1978	12.4435	93.275589	0	11.454024	15.586111	93.135185	5.0915818	8.4907999	3.189579	55.350334	64.777649	55.753422	4.909956	8.5700064	-9	1	1	1	6.4000001	5.3734422	89.315201	0	11.454024	15.420023	91.765823	4.7693419	7.0124002	3.332068	52.647015	67.508293	43.512199	4.2088146	8.9258442	-9	1	1	1	7	4.9075246	0	1	0	0	0	0	0	0	0	0	0	0	0	0	0	0	0	0	0	0	0	0	0	0	0	0	0	0	0	0	0	0	0	0	0	0	0	1	0	0	0	0	0	0	0	0	0	0	0	0	0	0	0	0	0	0	0	0	0	0	0	0	0	0	0	0
3	144	1983	16.561865	95.474632	0	11.454024	15.731362	94.791695	5.0724649	9.7178001	3.3258569	44.996563	69.868752	78.244797	5.1285167	11.800338	-9	1	1	1	6	5.4858418	93.275589	0	11.454024	15.586111	93.135185	5.0915818	8.4907999	3.189579	55.350334	64.777649	55.753422	4.909956	8.5700064	-9	1	1	1	6.4000001	5.3734422	0	0	1	0	0	0	0	0	0	0	0	0	0	0	0	0	0	0	0	0	0	0	0	0	0	0	0	0	0	0	0	0	0	0	0	0	0	1	0	0	0	0	0	0	0	0	0	0	0	0	0	0	0	0	0	0	0	0	0	0	0	0	0	0	0	0
4	144	1988	17.664297	100	0	11.454024	15.962276	91.600937	5.0688186	11.0012	5.1929846	45.031544	68.438148	103.10522	5.3368759	18.899059	-9	1	1	1	6.4000001	5.4305363	95.474632	0	11.454024	15.731362	94.791695	5.0724649	9.7178001	3.3258569	44.996563	69.868752	78.244797	5.1285167	11.800338	-9	1	1	1	6	5.4858418	0	0	0	1	0	0	0	0	0	0	0	0	0	0	0	0	0	0	0	0	0	0	0	0	0	0	0	0	0	0	0	0	0	0	0	0	0	1	0	0	0	0	0	0	0	0	0	0	0	0	0	0	0	0	0	0	0	0	0	0	0	0	0	0	0	0
2	145	1978	21.976458	100	0	12.702444	16.410103	71.646484	6.3412428	40.287201	3.2051282	91.485611	62.519802	43.648361	8.2870674	8.7372017	4	6	0	1	3	7.2102575	100	0	12.702444	16.265614	81.789604	6.4688215	35.972801	1.8181819	77.234703	52.376766	41.15712	7.53266	5.4751477	4	6	0	1	2.5	6.4390483	0	1	0	0	0	0	0	0	0	0	0	0	0	0	0	0	0	0	0	0	0	0	0	0	0	0	0	0	0	0	0	0	0	0	0	0	0	0	1	0	0	0	0	0	0	0	0	0	0	0	0	0	0	0	0	0	0	0	0	0	0	0	0	0	0	0
3	145	1983	26.71958	96.137764	0	12.702444	16.522671	66.54705	6.2339339	44.353401	2.7619047	100.0918	59.322937	71.365936	8.7479057	2.56304	4	6	0	1	3	7.6568656	100	0	12.702444	16.410103	71.646484	6.3412428	40.287201	3.2051282	91.485611	62.519802	43.648361	8.2870674	8.7372017	4	6	0	1	3	7.2102575	0	0	1	0	0	0	0	0	0	0	0	0	0	0	0	0	0	0	0	0	0	0	0	0	0	0	0	0	0	0	0	0	0	0	0	0	0	0	1	0	0	0	0	0	0	0	0	0	0	0	0	0	0	0	0	0	0	0	0	0	0	0	0	0	0	0
4	145	1988	30.852005	84.142181	0	12.702444	16.659462	64.045654	6.1357126	48.233601	2.4264705	116.23418	47.021152	97.671898	8.9291201	1.756318	4	6	0	1	4	7.694006	96.137764	0	12.702444	16.522671	66.54705	6.2339339	44.353401	2.7619047	100.0918	59.322937	71.365936	8.7479057	2.56304	4	6	0	1	3	7.6568656	0	0	0	1	0	0	0	0	0	0	0	0	0	0	0	0	0	0	0	0	0	0	0	0	0	0	0	0	0	0	0	0	0	0	0	0	0	0	1	0	0	0	0	0	0	0	0	0	0	0	0	0	0	0	0	0	0	0	0	0	0	0	0	0	0	0
5	145	1993	29.297132	82.55732	0	12.702444	16.800484	60.537128	6.0947676	53.330399	3.1637428	155.47279	46.101658	55.674721	9.8705845	3.51141	3.8	6	0	1	4.4000001	8.1997633	84.142181	0	12.702444	16.659462	64.045654	6.1357126	48.233601	2.4264705	116.23418	47.021152	97.671898	8.9291201	1.756318	4	6	0	1	4	7.694006	0	0	0	0	1	0	0	0	0	0	0	0	0	0	0	0	0	0	0	0	0	0	0	0	0	0	0	0	0	0	0	0	0	0	0	0	0	0	1	0	0	0	0	0	0	0	0	0	0	0	0	0	0	0	0	0	0	0	0	0	0	0	0	0	0	0
6	145	1998	24.067877	88.055107	0	12.702444	16.91503	55.228634	6.0514002	59.461399	1.8614719	189.43867	45.564854	35.04142	10.318417	4.9123716	3	6	0	1	4.5999999	8.3547678	82.55732	0	12.702444	16.800484	60.537128	6.0947676	53.330399	3.1637428	155.47279	46.101658	55.674721	9.8705845	3.51141	3.8	6	0	1	4.4000001	8.1997633	0	0	0	0	0	1	0	0	0	0	0	0	0	0	0	0	0	0	0	0	0	0	0	0	0	0	0	0	0	0	0	0	0	0	0	0	0	0	1	0	0	0	0	0	0	0	0	0	0	0	0	0	0	0	0	0	0	0	0	0	0	0	0	0	0	0
7	145	2003	28.109571	94.579735	0	12.702444	17.04191	51.582932	6.4762492	65.3358	2.5028985	195.95184	40.298409	43.925739	10.592957	3.9436159	3	6	0	1	4.5999999	8.4470263	88.055107	0	12.702444	16.91503	55.228634	6.0514002	59.461399	1.8614719	189.43867	45.564854	35.04142	10.318417	4.9123716	3	6	0	1	4.5999999	8.3547678	0	0	0	0	0	0	1	0	0	0	0	0	0	0	0	0	0	0	0	0	0	0	0	0	0	0	0	0	0	0	0	0	0	0	0	0	0	0	1	0	0	0	0	0	0	0	0	0	0	0	0	0	0	0	0	0	0	0	0	0	0	0	0	0	0	0
7	147	2003	22.858137	100	0	13.997832	16.332434	93.292328	4.681756	29.8876	3.8181818	59.561047	39.33379	58.78928	6.8148532	3.7734311	6.8000002	8.6000004	1	1	2	5.7940016	100	0	13.997832	16.175282	94.19352	5.2765961	27.054399	2.1362276	52.66164	44.964661	103.5058	5.6716738	1.7687227	6.1999998	7.4000001	1	1	2.5999999	5.5685372	0	0	0	0	0	0	1	0	0	0	0	0	0	0	0	0	0	0	0	0	0	0	0	0	0	0	0	0	0	0	0	0	0	0	0	0	0	0	0	1	0	0	0	0	0	0	0	0	0	0	0	0	0	0	0	0	0	0	0	0	0	0	0	0	0	0
8	147	2008	24.139414	100	0	13.997832	16.482164	93.192261	4.3936615	33.003799	3.2051282	53.118153	38.842491	23.48172	7.7008371	4.9025278	7	9	1	1	2	6.3125968	100	0	13.997832	16.332434	93.292328	4.681756	29.8876	3.8181818	59.561047	39.33379	58.78928	6.8148532	3.7734311	6.8000002	8.6000004	1	1	2	5.7940016	0	0	0	0	0	0	0	1	0	0	0	0	0	0	0	0	0	0	0	0	0	0	0	0	0	0	0	0	0	0	0	0	0	0	0	0	0	0	0	1	0	0	0	0	0	0	0	0	0	0	0	0	0	0	0	0	0	0	0	0	0	0	0	0	0	0
2	154	1978	12.753318	82.349121	0	14.457364	17.995352	88.396904	7.4696326	64.906998	2.4597559	21.909664	51.708771	35.79594	8.5068579	23.773621	-3.5999999	5.1999998	1	.60000002	3.5999999	7.6587324	76.531548	0	14.457364	17.850603	93.109665	7.5223804	61.263802	3.1889608	17.302086	53.94183	20.192381	7.9398069	12.988662	-6	2	1	0	4.25	7.118475	0	1	0	0	0	0	0	0	0	0	0	0	0	0	0	0	0	0	0	0	0	0	0	0	0	0	0	0	0	0	0	0	0	0	0	0	0	0	0	0	1	0	0	0	0	0	0	0	0	0	0	0	0	0	0	0	0	0	0	0	0	0	0	0	0	0
3	154	1983	19.848206	87.168167	0	14.457364	18.108278	80.904564	7.3574963	67.905602	2.190134	28.408022	48.050426	52.712524	9.1848383	58.64732	-3	6	1	1	3.2	7.9840746	82.349121	0	14.457364	17.995352	88.396904	7.4696326	64.906998	2.4597559	21.909664	51.708771	35.79594	8.5068579	23.773621	-3.5999999	5.1999998	1	.60000002	3.5999999	7.6587324	0	0	1	0	0	0	0	0	0	0	0	0	0	0	0	0	0	0	0	0	0	0	0	0	0	0	0	0	0	0	0	0	0	0	0	0	0	0	0	0	1	0	0	0	0	0	0	0	0	0	0	0	0	0	0	0	0	0	0	0	0	0	0	0	0	0
4	154	1988	23.084961	88.888794	0	14.457364	18.209562	71.157684	7.4387221	70.431396	1.9737209	34.829628	48.372726	68.463676	9.7611046	76.128639	-1.2	6.5999999	1	1	3.8	7.8301554	87.168167	0	14.457364	18.108278	80.904564	7.3574963	67.905602	2.190134	28.408022	48.050426	52.712524	9.1848383	58.64732	-3	6	1	1	3.2	7.9840746	0	0	0	1	0	0	0	0	0	0	0	0	0	0	0	0	0	0	0	0	0	0	0	0	0	0	0	0	0	0	0	0	0	0	0	0	0	0	0	0	1	0	0	0	0	0	0	0	0	0	0	0	0	0	0	0	0	0	0	0	0	0	0	0	0	0
5	154	1993	18.664877	73.22422	0	14.457364	18.306105	62.87664	7.8408737	72.588402	2.0116549	36.844753	50.940063	39.5033	10.516129	22.311213	1.6	7	1	1	4	8.37922	88.888794	0	14.457364	18.209562	71.157684	7.4387221	70.431396	1.9737209	34.829628	48.372726	68.463676	9.7611046	76.128639	-1.2	6.5999999	1	1	3.8	7.8301554	0	0	0	0	1	0	0	0	0	0	0	0	0	0	0	0	0	0	0	0	0	0	0	0	0	0	0	0	0	0	0	0	0	0	0	0	0	0	0	0	1	0	0	0	0	0	0	0	0	0	0	0	0	0	0	0	0	0	0	0	0	0	0	0	0	0
6	154	1998	20.699238	68.271866	0	14.457364	18.389946	56.318523	8.3840084	74.180397	1.035444	57.134876	50.220074	45.630402	11.278131	18.126341	6	8.1999998	1	1	3	8.5020857	73.22422	0	14.457364	18.306105	62.87664	7.8408737	72.588402	2.0116549	36.844753	50.940063	39.5033	10.516129	22.311213	1.6	7	1	1	4	8.37922	0	0	0	0	0	1	0	0	0	0	0	0	0	0	0	0	0	0	0	0	0	0	0	0	0	0	0	0	0	0	0	0	0	0	0	0	0	0	0	0	1	0	0	0	0	0	0	0	0	0	0	0	0	0	0	0	0	0	0	0	0	0	0	0	0	0
2	161	1978	19.09059	100	3	13.008747	16.748581	85.760368	7.6326928	39.8116	2.1637428	51.741394	62.847996	54.577721	6.1433206	9.3460217	-8.1999998	2	1	1	3.8	6.6843019	100	.60000002	13.008782	16.612349	98.423759	7.9561124	36.419201	2.4264705	48.321114	65.669937	31.89978	5.7983694	7.7036653	-9	2	1	1	5	6.0427756	0	1	0	0	0	0	0	0	0	0	0	0	0	0	0	0	0	0	0	0	0	0	0	0	0	0	0	0	0	0	0	0	0	0	0	0	0	0	0	0	0	1	0	0	0	0	0	0	0	0	0	0	0	0	0	0	0	0	0	0	0	0	0	0	0	0
3	161	1983	22.060642	100	3	13.008747	16.868883	77.26265	7.6005535	43.351398	1.9523809	57.286133	46.134834	94.67028	6.3116231	8.255806	-8	2	1	1	4	6.6054544	100	3	13.008747	16.748581	85.760368	7.6326928	39.8116	2.1637428	51.741394	62.847996	54.577721	6.1433206	9.3460217	-8.1999998	2	1	1	3.8	6.6843019	0	0	1	0	0	0	0	0	0	0	0	0	0	0	0	0	0	0	0	0	0	0	0	0	0	0	0	0	0	0	0	0	0	0	0	0	0	0	0	0	0	1	0	0	0	0	0	0	0	0	0	0	0	0	0	0	0	0	0	0	0	0	0	0	0	0
4	161	1988	20.858759	100	2.4000001	13.008747	16.984705	72.909851	6.9236054	46.946201	2.6119895	52.963001	37.80571	105.1272	6.8393469	5.8015318	-8	2	1	1	4	6.8956056	100	3	13.008747	16.868883	77.26265	7.6005535	43.351398	1.9523809	57.286133	46.134834	94.67028	6.3116231	8.255806	-8	2	1	1	4	6.6054544	0	0	0	1	0	0	0	0	0	0	0	0	0	0	0	0	0	0	0	0	0	0	0	0	0	0	0	0	0	0	0	0	0	0	0	0	0	0	0	0	0	1	0	0	0	0	0	0	0	0	0	0	0	0	0	0	0	0	0	0	0	0	0	0	0	0
5	161	1993	28.117607	100	0	13.008747	17.080858	66.680183	7.1661444	50.371601	1.5692308	53.139187	39.107727	86.291344	7.954772	4.8255038	-7.1999998	2	1	1	5.1999998	7.1316276	100	2.4000001	13.008747	16.984705	72.909851	6.9236054	46.946201	2.6119895	52.963001	37.80571	105.1272	6.8393469	5.8015318	-8	2	1	1	4	6.8956056	0	0	0	0	1	0	0	0	0	0	0	0	0	0	0	0	0	0	0	0	0	0	0	0	0	0	0	0	0	0	0	0	0	0	0	0	0	0	0	0	0	1	0	0	0	0	0	0	0	0	0	0	0	0	0	0	0	0	0	0	0	0	0	0	0	0
6	161	1998	28.029905	100	0	13.008747	17.147459	58.179211	7.5591631	52.677799	1.4550265	54.535892	40.113487	74.303596	8.7262678	3.0695641	-6.4000001	2.5999999	1	1	5	7.2362485	100	0	13.008747	17.080858	66.680183	7.1661444	50.371601	1.5692308	53.139187	39.107727	86.291344	7.954772	4.8255038	-7.1999998	2	1	1	5.1999998	7.1316276	0	0	0	0	0	1	0	0	0	0	0	0	0	0	0	0	0	0	0	0	0	0	0	0	0	0	0	0	0	0	0	0	0	0	0	0	0	0	0	0	0	1	0	0	0	0	0	0	0	0	0	0	0	0	0	0	0	0	0	0	0	0	0	0	0	0
7	161	2003	33.707893	97.467918	0	13.008747	17.203148	49.737247	7.9544897	54.316002	.68965518	63.56942	40.853062	65.234138	9.6439915	1.021059	-6	3	1	1	5	7.3878269	100	0	13.008747	17.147459	58.179211	7.5591631	52.677799	1.4550265	54.535892	40.113487	74.303596	8.7262678	3.0695641	-6.4000001	2.5999999	1	1	5	7.2362485	0	0	0	0	0	0	1	0	0	0	0	0	0	0	0	0	0	0	0	0	0	0	0	0	0	0	0	0	0	0	0	0	0	0	0	0	0	0	0	0	0	1	0	0	0	0	0	0	0	0	0	0	0	0	0	0	0	0	0	0	0	0	0	0	0	0
8	161	2008	33.760956	97.596741	0	13.008747	17.262197	43.902161	8.2223845	55.993599	1.3118279	77.430534	41.389084	51.956402	10.564976	2.6941781	-6	3	1	1	5	7.8655572	97.467918	0	13.008747	17.203148	49.737247	7.9544897	54.316002	.68965518	63.56942	40.853062	65.234138	9.6439915	1.021059	-6	3	1	1	5	7.3878269	0	0	0	0	0	0	0	1	0	0	0	0	0	0	0	0	0	0	0	0	0	0	0	0	0	0	0	0	0	0	0	0	0	0	0	0	0	0	0	0	0	1	0	0	0	0	0	0	0	0	0	0	0	0	0	0	0	0	0	0	0	0	0	0	0	0
5	166	1993	15.731486	100	0	11.8706	16.849821	77.317131	6.1173434	10.0786	3.1637428	49.323521	39.800346	63.91164	3.1424267	10.58509	5	5	0	1	2.5999999	5.2602701	100	0	11.8706	16.716078	77.968781	6.003664	8.2667999	2.4264705	33.542427	34.06134	49.633018	2.7175558	12.1758	-.60000002	2.5999999	0	1	3.4000001	5.2142982	0	0	0	0	1	0	0	0	0	0	0	0	0	0	0	0	0	0	0	0	0	0	0	0	0	0	0	0	0	0	0	0	0	0	0	0	0	0	0	0	0	0	1	0	0	0	0	0	0	0	0	0	0	0	0	0	0	0	0	0	0	0	0	0	0	0
6	166	1998	15.747686	100	2	11.871089	16.959139	75.352196	6.2919903	12.4166	1.8614719	59.64994	45.621174	62.006161	4.2075615	6.5138922	5.4000001	6.1999998	0	1	3	5.4043818	100	0	11.8706	16.849821	77.317131	6.1173434	10.0786	3.1637428	49.323521	39.800346	63.91164	3.1424267	10.58509	5	5	0	1	2.5999999	5.2602701	0	0	0	0	0	1	0	0	0	0	0	0	0	0	0	0	0	0	0	0	0	0	0	0	0	0	0	0	0	0	0	0	0	0	0	0	0	0	0	0	0	0	1	0	0	0	0	0	0	0	0	0	0	0	0	0	0	0	0	0	0	0	0	0	0	0
7	166	2003	15.490344	100	2	11.873044	17.080858	71.313721	6.5590444	14.4408	1.7028985	47.297729	47.564949	58.853958	4.6403394	5.6616278	-3.5999999	6.4000001	.60000002	1	4.5999999	5.5472455	100	2	11.871089	16.959139	75.352196	6.2919903	12.4166	1.8614719	59.64994	45.621174	62.006161	4.2075615	6.5138922	5.4000001	6.1999998	0	1	3	5.4043818	0	0	0	0	0	0	1	0	0	0	0	0	0	0	0	0	0	0	0	0	0	0	0	0	0	0	0	0	0	0	0	0	0	0	0	0	0	0	0	0	0	0	1	0	0	0	0	0	0	0	0	0	0	0	0	0	0	0	0	0	0	0	0	0	0	0
6	172	1998	22.220583	100	0	11.698076	15.404329	77.591667	6.58252	54.255798	1.6503619	70.305733	54.458744	221.00861	6.7602615	10.241152	8	7	1	0	2.8	6.5938048	94.391464	0	11.698076	15.296598	86.287491	6.4227657	53.055199	2.7734549	46.140285	55.251068	407.47879	5.4580908	942.9707	6.4000001	7	1	0	3.8	6.5295053	0	0	0	0	0	1	0	0	0	0	0	0	0	0	0	0	0	0	0	0	0	0	0	0	0	0	0	0	0	0	0	0	0	0	0	0	0	0	0	0	0	0	0	1	0	0	0	0	0	0	0	0	0	0	0	0	0	0	0	0	0	0	0	0	0	0
7	172	2003	25.76623	100	0	11.698076	15.479192	68.371063	6.9371734	55.454601	1.5245011	77.56324	51.33173	199.8028	7.5544682	6.9477921	8	7	1	0	3	6.7027888	100	0	11.698076	15.404329	77.591667	6.58252	54.255798	1.6503619	70.305733	54.458744	221.00861	6.7602615	10.241152	8	7	1	0	2.8	6.5938048	0	0	0	0	0	0	1	0	0	0	0	0	0	0	0	0	0	0	0	0	0	0	0	0	0	0	0	0	0	0	0	0	0	0	0	0	0	0	0	0	0	0	0	1	0	0	0	0	0	0	0	0	0	0	0	0	0	0	0	0	0	0	0	0	0	0
2	174	1978	8.814785	100	0	13.722046	18.080046	82.565041	5.8780556	27.3624	2.9503911	46.401043	52.931351	15.706268	8.2648668	12.57804	0	3.5	1	0	4	6.8070865	100	0	13.722046	17.938818	80.572563	5.9396253	24.402201	2.7097082	37.434254	61.074135	12.01676	7.7466488	15.406988	-7	1	1	0	6	5.9210162	0	1	0	0	0	0	0	0	0	0	0	0	0	0	0	0	0	0	0	0	0	0	0	0	0	0	0	0	0	0	0	0	0	0	0	0	0	0	0	0	0	0	0	0	1	0	0	0	0	0	0	0	0	0	0	0	0	0	0	0	0	0	0	0	0	0
3	174	1983	8.9298506	100	0	13.722046	18.221634	85.500397	5.9706602	30.535	2.5674818	32.517586	44.869007	51.40258	8.5009155	11.173116	1.4	4	1	.40000001	4	6.9112186	100	0	13.722046	18.080046	82.565041	5.8780556	27.3624	2.9503911	46.401043	52.931351	15.706268	8.2648668	12.57804	0	3.5	1	0	4	6.8070865	0	0	1	0	0	0	0	0	0	0	0	0	0	0	0	0	0	0	0	0	0	0	0	0	0	0	0	0	0	0	0	0	0	0	0	0	0	0	0	0	0	0	0	0	1	0	0	0	0	0	0	0	0	0	0	0	0	0	0	0	0	0	0	0	0	0
4	174	1988	13.49258	100	0	13.722046	18.345228	86.684235	6.0787816	33.903999	2.7078466	42.819477	44.577126	131.6468	8.901166	31.25625	-6.1999998	1.8	1	1	5.8000002	5.8896666	100	0	13.722046	18.221634	85.500397	5.9706602	30.535	2.5674818	32.517586	44.869007	51.40258	8.5009155	11.173116	1.4	4	1	.40000001	4	6.9112186	0	0	0	1	0	0	0	0	0	0	0	0	0	0	0	0	0	0	0	0	0	0	0	0	0	0	0	0	0	0	0	0	0	0	0	0	0	0	0	0	0	0	0	0	1	0	0	0	0	0	0	0	0	0	0	0	0	0	0	0	0	0	0	0	0	0
2	180	1978	11.296136	100	.80000001	13.555288	18.137383	81.927177	7.0544991	27.375999	3.3058774	25.045074	42.254715	56.757462	6.051568	9.1271477	-4	2.2	.60000002	1	5.8000002	5.6444507	100	3	13.555288	17.983023	80.840775	6.9981461	25.7314	2.8822248	20.695259	40.15715	66.862938	5.7045465	15.293406	5.5999999	7	0	1	3.5	5.0792317	0	1	0	0	0	0	0	0	0	0	0	0	0	0	0	0	0	0	0	0	0	0	0	0	0	0	0	0	0	0	0	0	0	0	0	0	0	0	0	0	0	0	0	0	0	1	0	0	0	0	0	0	0	0	0	0	0	0	0	0	0	0	0	0	0	0
3	180	1983	13.171482	100	0	13.555288	18.303009	81.95266	7.094131	28.8328	3.4968972	27.484259	42.711308	54.41412	6.4104381	7.7495499	-6.4000001	1.2	1	1	6.4000001	5.9635758	100	.80000001	13.555288	18.137383	81.927177	7.0544991	27.375999	3.3058774	25.045074	42.254715	56.757462	6.051568	9.1271477	-4	2.2	.60000002	1	5.8000002	5.6444507	0	0	1	0	0	0	0	0	0	0	0	0	0	0	0	0	0	0	0	0	0	0	0	0	0	0	0	0	0	0	0	0	0	0	0	0	0	0	0	0	0	0	0	0	0	1	0	0	0	0	0	0	0	0	0	0	0	0	0	0	0	0	0	0	0	0
4	180	1988	17.133932	100	0	13.555288	18.475857	82.856972	7.1607924	30.0832	3.0397422	27.548647	40.246319	73.845016	6.9506693	6.4929638	3.2	5	.60000002	1	3.5999999	6.0167174	100	0	13.555288	18.303009	81.95266	7.094131	28.8328	3.4968972	27.484259	42.711308	54.41412	6.4104381	7.7495499	-6.4000001	1.2	1	1	6.4000001	5.9635758	0	0	0	1	0	0	0	0	0	0	0	0	0	0	0	0	0	0	0	0	0	0	0	0	0	0	0	0	0	0	0	0	0	0	0	0	0	0	0	0	0	0	0	0	0	1	0	0	0	0	0	0	0	0	0	0	0	0	0	0	0	0	0	0	0	0
5	180	1993	19.482727	100	0	13.555288	18.601608	82.839264	7.2534919	31.332001	3.4848485	30.115591	39.479137	75.884903	7.7581058	11.715774	8	7	0	1	3.4000001	6.2063956	100	0	13.555288	18.475857	82.856972	7.1607924	30.0832	3.0397422	27.548647	40.246319	73.845016	6.9506693	6.4929638	3.2	5	.60000002	1	3.5999999	6.0167174	0	0	0	0	1	0	0	0	0	0	0	0	0	0	0	0	0	0	0	0	0	0	0	0	0	0	0	0	0	0	0	0	0	0	0	0	0	0	0	0	0	0	0	0	0	1	0	0	0	0	0	0	0	0	0	0	0	0	0	0	0	0	0	0	0	0
6	180	1998	18.563818	100	0	13.555288	18.72751	78.534378	7.2205911	32.617199	1.5384616	28.831533	32.059261	77.541039	8.4847145	12.007328	2	5	.2	1	5	6.2570624	100	0	13.555288	18.601608	82.839264	7.2534919	31.332001	3.4848485	30.115591	39.479137	75.884903	7.7581058	11.715774	8	7	0	1	3.4000001	6.2063956	0	0	0	0	0	1	0	0	0	0	0	0	0	0	0	0	0	0	0	0	0	0	0	0	0	0	0	0	0	0	0	0	0	0	0	0	0	0	0	0	0	0	0	0	0	1	0	0	0	0	0	0	0	0	0	0	0	0	0	0	0	0	0	0	0	0
7	180	2003	17.473734	100	1.6	13.555288	18.851961	69.732147	7.1191592	33.943802	2.7619047	31.861414	32.020378	75.19236	8.8697824	5.9136739	-5.1999998	2	1	1	6	6.3234	100	0	13.555288	18.72751	78.534378	7.2205911	32.617199	1.5384616	28.831533	32.059261	77.541039	8.4847145	12.007328	2	5	.2	1	5	6.2570624	0	0	0	0	0	0	1	0	0	0	0	0	0	0	0	0	0	0	0	0	0	0	0	0	0	0	0	0	0	0	0	0	0	0	0	0	0	0	0	0	0	0	0	0	0	1	0	0	0	0	0	0	0	0	0	0	0	0	0	0	0	0	0	0	0	0
2	183	1978	26.941645	100	0	11.216405	14.445996	76.732292	8.2903614	49.882801	2.1637428	178.30518	50.152882	75.771202	7.7422833	12.11141	-6.4000001	2.2	.60000002	1	5.4000001	7.3315139	100	0	11.216405	14.309764	82.887924	8.2825489	48.478802	3.759804	171.49847	50.496841	34.81028	7.4300795	7.6599059	-7	1	1	1	7	6.9041405	0	1	0	0	0	0	0	0	0	0	0	0	0	0	0	0	0	0	0	0	0	0	0	0	0	0	0	0	0	0	0	0	0	0	0	0	0	0	0	0	0	0	0	0	0	0	1	0	0	0	0	0	0	0	0	0	0	0	0	0	0	0	0	0	0	0
3	183	1983	26.851301	100	0	11.216405	14.547235	68.493126	8.2715044	51.4366	1.9523809	141.48415	50.763229	77.435379	8.0427561	3.6900649	-5.5999999	3	.2	1	5	7.8005843	100	0	11.216405	14.445996	76.732292	8.2903614	49.882801	2.1637428	178.30518	50.152882	75.771202	7.7422833	12.11141	-6.4000001	2.2	.60000002	1	5.4000001	7.3315139	0	0	1	0	0	0	0	0	0	0	0	0	0	0	0	0	0	0	0	0	0	0	0	0	0	0	0	0	0	0	0	0	0	0	0	0	0	0	0	0	0	0	0	0	0	0	1	0	0	0	0	0	0	0	0	0	0	0	0	0	0	0	0	0	0	0
4	183	1988	22.687218	99.49675	0	11.216405	14.656553	61.156281	8.2412968	53.158401	2.6119895	132.3511	52.464924	95.508781	7.7930064	.34494701	-1.2	4.5999999	1	1	5.5999999	7.8414741	100	0	11.216405	14.547235	68.493126	8.2715044	51.4366	1.9523809	141.48415	50.763229	77.435379	8.0427561	3.6900649	-5.5999999	3	.2	1	5	7.8005843	0	0	0	1	0	0	0	0	0	0	0	0	0	0	0	0	0	0	0	0	0	0	0	0	0	0	0	0	0	0	0	0	0	0	0	0	0	0	0	0	0	0	0	0	0	0	1	0	0	0	0	0	0	0	0	0	0	0	0	0	0	0	0	0	0	0
6	185	1998	29.352535	100	.40000001	13.023338	15.443981	70.722977	4.3155065	13.5548	2.8202529	108.25986	48.242821	57.503021	7.1709127	9.7906876	4	4	0	1	2	6.6868186	100	1	13.023338	15.319094	73.210747	4.2341084	14.4462	2.2750793	94.195862	40.335339	54.11166	7.3985314	6.0958838	4	4	0	1	2	6.9441323	0	0	0	0	0	1	0	0	0	0	0	0	0	0	0	0	0	0	0	0	0	0	0	0	0	0	0	0	0	0	0	0	0	0	0	0	0	0	0	0	0	0	0	0	0	0	0	1	0	0	0	0	0	0	0	0	0	0	0	0	0	0	0	0	0	0
7	185	2003	27.131279	100	0	13.023338	15.572773	69.929924	4.4705791	12.8218	2.471314	121.71088	50.849819	52.86512	6.7880359	7.7360158	4	4	0	1	2.5999999	6.4616265	100	.40000001	13.023338	15.443981	70.722977	4.3155065	13.5548	2.8202529	108.25986	48.242821	57.503021	7.1709127	9.7906876	4	4	0	1	2	6.6868186	0	0	0	0	0	0	1	0	0	0	0	0	0	0	0	0	0	0	0	0	0	0	0	0	0	0	0	0	0	0	0	0	0	0	0	0	0	0	0	0	0	0	0	0	0	0	0	1	0	0	0	0	0	0	0	0	0	0	0	0	0	0	0	0	0	0
5	186	1993	15.051478	98.758774	0	12.892447	15.341094	74.280266	7.5945425	50.756199	2.7116854	112.2418	47.681847	28.610241	6.4069524	15.5282	6	7	1	0	3.4000001	7.2433367	97.383842	0	12.892447	15.20118	76.003464	7.2688718	47.209599	2.5674818	94.021172	37.034	45.517262	5.4801841	32.149559	-4	4	1	0	4.8000002	7.0187702	0	0	0	0	1	0	0	0	0	0	0	0	0	0	0	0	0	0	0	0	0	0	0	0	0	0	0	0	0	0	0	0	0	0	0	0	0	0	0	0	0	0	0	0	0	0	0	0	1	0	0	0	0	0	0	0	0	0	0	0	0	0	0	0	0	0
6	186	1998	18.919954	100	0	12.892447	15.444366	69.081223	7.6289215	54.050999	2.3862176	99.087349	53.671734	30.62752	7.1638823	9.5466356	6.8000002	7	1	0	4	7.3479629	98.758774	0	12.892447	15.341094	74.280266	7.5945425	50.756199	2.7116854	112.2418	47.681847	28.610241	6.4069524	15.5282	6	7	1	0	3.4000001	7.2433367	0	0	0	0	0	1	0	0	0	0	0	0	0	0	0	0	0	0	0	0	0	0	0	0	0	0	0	0	0	0	0	0	0	0	0	0	0	0	0	0	0	0	0	0	0	0	0	0	1	0	0	0	0	0	0	0	0	0	0	0	0	0	0	0	0	0
7	186	2003	19.152264	99.0075	0	12.892447	15.555669	62.650181	7.7641735	57.211399	1.7868544	93.592873	52.67445	51.991798	7.0376453	11.449994	7.5999999	7	1	0	3.4000001	7.0029545	100	0	12.892447	15.444366	69.081223	7.6289215	54.050999	2.3862176	99.087349	53.671734	30.62752	7.1638823	9.5466356	6.8000002	7	1	0	4	7.3479629	0	0	0	0	0	0	1	0	0	0	0	0	0	0	0	0	0	0	0	0	0	0	0	0	0	0	0	0	0	0	0	0	0	0	0	0	0	0	0	0	0	0	0	0	0	0	0	0	1	0	0	0	0	0	0	0	0	0	0	0	0	0	0	0	0	0
8	186	2008	20.672894	95.584488	0	12.892447	15.6429	56.782887	8.1416492	60.2104	1.9576865	106.6295	50.093506	20.471781	7.7730689	6.6655722	8	7.5999999	1	0	3	7.7036819	99.0075	0	12.892447	15.555669	62.650181	7.7641735	57.211399	1.7868544	93.592873	52.67445	51.991798	7.0376453	11.449994	7.5999999	7	1	0	3.4000001	7.0029545	0	0	0	0	0	0	0	1	0	0	0	0	0	0	0	0	0	0	0	0	0	0	0	0	0	0	0	0	0	0	0	0	0	0	0	0	0	0	0	0	0	0	0	0	0	0	0	0	1	0	0	0	0	0	0	0	0	0	0	0	0	0	0	0	0	0
4	187	1988	15.985351	98.15657	0	14.077875	16.849821	68.065079	6.9273734	68.086197	1.9523809	29.917561	45.69379	44.32972	7.1213713	1871.911	7.1999998	7	1	0	2.2	7.2769699	100	0	14.077875	16.738323	73.333656	6.7849274	65.947998	3.3402133	45.587265	58.72047	48.229939	7.2254586	102.064	7	7	1	0	2	6.8547201	0	0	0	1	0	0	0	0	0	0	0	0	0	0	0	0	0	0	0	0	0	0	0	0	0	0	0	0	0	0	0	0	0	0	0	0	0	0	0	0	0	0	0	0	0	0	0	0	0	1	0	0	0	0	0	0	0	0	0	0	0	0	0	0	0	0
5	187	1993	21.725363	83.043549	0	14.077875	16.950626	62.722904	7.2689767	70.130997	1.7786561	28.612711	46.740871	44.754921	7.7914758	107.03634	1.6	5.4000001	1	0	4.8000002	7.4668088	98.15657	0	14.077875	16.849821	68.065079	6.9273734	68.086197	1.9523809	29.917561	45.69379	44.32972	7.1213713	1871.911	7.1999998	7	1	0	2.2	7.2769699	0	0	0	0	1	0	0	0	0	0	0	0	0	0	0	0	0	0	0	0	0	0	0	0	0	0	0	0	0	0	0	0	0	0	0	0	0	0	0	0	0	0	0	0	0	0	0	0	0	1	0	0	0	0	0	0	0	0	0	0	0	0	0	0	0	0
6	187	1998	19.393229	94.475006	0	14.077875	17.034065	57.588898	7.81565	72.205597	1.6333333	32.352161	50.38908	37.833302	9.0585728	6.3938718	1.8	6	1	0	4.4000001	7.6986136	83.043549	0	14.077875	16.950626	62.722904	7.2689767	70.130997	1.7786561	28.612711	46.740871	44.754921	7.7914758	107.03634	1.6	5.4000001	1	0	4.8000002	7.4668088	0	0	0	0	0	1	0	0	0	0	0	0	0	0	0	0	0	0	0	0	0	0	0	0	0	0	0	0	0	0	0	0	0	0	0	0	0	0	0	0	0	0	0	0	0	0	0	0	0	1	0	0	0	0	0	0	0	0	0	0	0	0	0	0	0	0
8	187	2008	18.916748	95.855911	0	14.077875	17.161751	48.581364	9.2182846	76.160202	.71428573	48.757771	47.430161	28.161501	10.325131	4.2699881	9	9	1	0	2	8.3575392	95.777824	0	14.077875	17.111073	52.962399	8.4886522	74.237198	1.5099715	37.101574	49.548828	39.716824	9.4897957	2.2791929	9	9	1	0	1.8	7.7681031	0	0	0	0	0	0	0	1	0	0	0	0	0	0	0	0	0	0	0	0	0	0	0	0	0	0	0	0	0	0	0	0	0	0	0	0	0	0	0	0	0	0	0	0	0	0	0	0	0	1	0	0	0	0	0	0	0	0	0	0	0	0	0	0	0	0
2	188	1978	10.894183	92.030273	6	12.605419	17.60788	82.427162	5.9916401	36.712601	2.7739584	41.961311	56.945316	21.397261	6.7580681	10.999712	-9	1	1	1	5	6.3615928	100	4.8000002	12.605594	17.472935	86.862915	5.9131784	34.527599	2.6352324	39.992485	57.357307	14.67438	6.1109247	15.939554	-6.8000002	2	1	1	4.75	5.7001314	0	1	0	0	0	0	0	0	0	0	0	0	0	0	0	0	0	0	0	0	0	0	0	0	0	0	0	0	0	0	0	0	0	0	0	0	0	0	0	0	0	0	0	0	0	0	0	0	0	0	1	0	0	0	0	0	0	0	0	0	0	0	0	0	0	0
3	188	1983	9.9770632	86.415977	6	12.605419	17.750376	78.516022	5.8398314	40.82	2.8208992	43.030277	56.018131	40.489262	6.7635622	21.119024	-6.5999999	2.4000001	1	1	4.5999999	6.5881066	92.030273	6	12.605419	17.60788	82.427162	5.9916401	36.712601	2.7739584	41.961311	56.945316	21.397261	6.7580681	10.999712	-9	1	1	1	5	6.3615928	0	0	1	0	0	0	0	0	0	0	0	0	0	0	0	0	0	0	0	0	0	0	0	0	0	0	0	0	0	0	0	0	0	0	0	0	0	0	0	0	0	0	0	0	0	0	0	0	0	0	1	0	0	0	0	0	0	0	0	0	0	0	0	0	0	0
4	188	1988	15.002354	92.062759	6	12.605419	17.888994	75.178802	5.6552935	46.372398	2.8052876	49.02293	56.070614	67.589142	7.3897629	8.4204903	6.5999999	7	1	1	2.5999999	6.5558629	86.415977	6	12.605419	17.750376	78.516022	5.8398314	40.82	2.8208992	43.030277	56.018131	40.489262	6.7635622	21.119024	-6.5999999	2.4000001	1	1	4.5999999	6.5881066	0	0	0	1	0	0	0	0	0	0	0	0	0	0	0	0	0	0	0	0	0	0	0	0	0	0	0	0	0	0	0	0	0	0	0	0	0	0	0	0	0	0	0	0	0	0	0	0	0	0	1	0	0	0	0	0	0	0	0	0	0	0	0	0	0	0
5	188	1993	17.307699	96.540443	6	12.605419	18.007669	71.563026	5.4285154	48.41	2.4596286	62.490658	57.95462	56.518661	8.4916801	9.7667799	8	8.6000004	1	1	2.8	6.8677893	92.062759	6	12.605419	17.888994	75.178802	5.6552935	46.372398	2.8052876	49.02293	56.070614	67.589142	7.3897629	8.4204903	6.5999999	7	1	1	2.5999999	6.5558629	0	0	0	0	1	0	0	0	0	0	0	0	0	0	0	0	0	0	0	0	0	0	0	0	0	0	0	0	0	0	0	0	0	0	0	0	0	0	0	0	0	0	0	0	0	0	0	0	0	0	1	0	0	0	0	0	0	0	0	0	0	0	0	0	0	0
8	188	2008	16.782595	100	3	12.605419	18.317259	59.947975	5.8331294	48.402	1.5788831	78.970474	43.706661	47.572239	9.9703093	4.5168099	8	9	1	1	3.5999999	7.4851251	100	3	12.605419	18.226667	63.936096	5.5716724	48.0158	1.9737209	100.74288	45.208099	63.144718	9.4025583	4.8515878	8	9	1	1	2.2	6.9607182	0	0	0	0	0	0	0	1	0	0	0	0	0	0	0	0	0	0	0	0	0	0	0	0	0	0	0	0	0	0	0	0	0	0	0	0	0	0	0	0	0	0	0	0	0	0	0	0	0	0	1	0	0	0	0	0	0	0	0	0	0	0	0	0	0	0
5	198	1993	19.347149	100	4.4000001	10.113343	15.623633	100.09985	4.578958	7.1427999	-4.5263715	34.039108	36.070141	75.394417	5.4841566	20.918116	-6.5999999	1	1	.80000001	6.4000001	5.5975113	100	.60000002	10.113343	15.740412	100.51566	4.2726855	5.2723999	3.3880575	19.439466	29.242334	29.46814	5.3081551	2.9255033	-7	1	1	1	6	5.8897552	0	0	0	0	1	0	0	0	0	0	0	0	0	0	0	0	0	0	0	0	0	0	0	0	0	0	0	0	0	0	0	0	0	0	0	0	0	0	0	0	0	0	0	0	0	0	0	0	0	0	0	1	0	0	0	0	0	0	0	0	0	0	0	0	0	0
3	217	1983	9.9750509	100	0	11.17913	15.032785	74.92733	5.0675125	30.583401	2.3907244	30.038713	62.160969	76.611656	4.4658222	31.059181	-7	1	1	1	4.8000002	6.0844116	100	0	11.17913	14.926808	72.525452	5.2410655	28.1654	2.7157688	51.903214	60.929844	57.167301	4.2754607	11.481654	-6.5999999	1.4	1	1	5.1999998	5.767313	0	0	1	0	0	0	0	0	0	0	0	0	0	0	0	0	0	0	0	0	0	0	0	0	0	0	0	0	0	0	0	0	0	0	0	0	0	0	0	0	0	0	0	0	0	0	0	0	0	0	0	0	1	0	0	0	0	0	0	0	0	0	0	0	0	0
4	217	1988	6.7461877	100	0	11.17913	15.149818	76.675049	4.8052912	32.4468	2.1352324	33.655441	63.062019	118.02962	1.4956455	88.110382	-7	1	1	1	5.4000001	5.5708427	100	0	11.17913	15.032785	74.92733	5.0675125	30.583401	2.3907244	30.038713	62.160969	76.611656	4.4658222	31.059181	-7	1	1	1	4.8000002	6.0844116	0	0	0	1	0	0	0	0	0	0	0	0	0	0	0	0	0	0	0	0	0	0	0	0	0	0	0	0	0	0	0	0	0	0	0	0	0	0	0	0	0	0	0	0	0	0	0	0	0	0	0	0	1	0	0	0	0	0	0	0	0	0	0	0	0	0
5	217	1993	11.067957	100	3	11.17913	15.186614	76.731171	4.4441242	33.8624	-.48780489	47.153107	58.021763	185.368	4.2448506	59.236382	-6.8000002	1.2	1	.40000001	6.8000002	5.6018701	100	0	11.17913	15.149818	76.675049	4.8052912	32.4468	2.1352324	33.655441	63.062019	118.02962	1.4956455	88.110382	-7	1	1	1	5.4000001	5.5708427	0	0	0	0	1	0	0	0	0	0	0	0	0	0	0	0	0	0	0	0	0	0	0	0	0	0	0	0	0	0	0	0	0	0	0	0	0	0	0	0	0	0	0	0	0	0	0	0	0	0	0	0	1	0	0	0	0	0	0	0	0	0	0	0	0	0
6	217	1998	10.472919	100	3	11.17913	15.196616	76.316055	3.9582474	35.2626	1.0128205	43.109138	51.001068	194.18021	4.3669486	15.216662	.80000001	6	1	0	4.1999998	5.5227656	100	3	11.17913	15.186614	76.731171	4.4441242	33.8624	-.48780489	47.153107	58.021763	185.368	4.2448506	59.236382	-6.8000002	1.2	1	.40000001	6.8000002	5.6018701	0	0	0	0	0	1	0	0	0	0	0	0	0	0	0	0	0	0	0	0	0	0	0	0	0	0	0	0	0	0	0	0	0	0	0	0	0	0	0	0	0	0	0	0	0	0	0	0	0	0	0	0	1	0	0	0	0	0	0	0	0	0	0	0	0	0
2	219	1978	15.460976	100	0	6.5072775	14.665443	44.138111	6.7571802	100	.86956519	351.37241	41.968895	77.860779	8.0384216	4.568296	-2	2	0	1	5	8.1641235	100	0	6.5072775	14.603555	57.916557	6.2301807	100	1.8614719	266.49365	43.411835	48.975441	7.0101829	8.3256779	-2	2	0	1	5	7.4761081	0	1	0	0	0	0	0	0	0	0	0	0	0	0	0	0	0	0	0	0	0	0	0	0	0	0	0	0	0	0	0	0	0	0	0	0	0	0	0	0	0	0	0	0	0	0	0	0	0	0	0	0	0	1	0	0	0	0	0	0	0	0	0	0	0	0
3	219	1983	17.401379	100	0	6.5072775	14.762882	36.344074	7.2820935	100	2.402564	346.12256	45.218143	69.677597	9.1409225	2.5915189	-2	2	0	1	4	8.7973585	100	0	6.5072775	14.665443	44.138111	6.7571802	100	.86956519	351.37241	41.968895	77.860779	8.0384216	4.568296	-2	2	0	1	5	8.1641235	0	0	1	0	0	0	0	0	0	0	0	0	0	0	0	0	0	0	0	0	0	0	0	0	0	0	0	0	0	0	0	0	0	0	0	0	0	0	0	0	0	0	0	0	0	0	0	0	0	0	0	0	0	1	0	0	0	0	0	0	0	0	0	0	0	0
4	219	1988	21.432314	100	0	6.5072775	14.872965	31.082081	7.5653825	100	2.1446817	335.07697	45.6008	80.827423	9.9353218	2.7292297	-2	2	0	1	4	9.1249523	100	0	6.5072775	14.762882	36.344074	7.2820935	100	2.402564	346.12256	45.218143	69.677597	9.1409225	2.5915189	-2	2	0	1	4	8.7973585	0	0	0	1	0	0	0	0	0	0	0	0	0	0	0	0	0	0	0	0	0	0	0	0	0	0	0	0	0	0	0	0	0	0	0	0	0	0	0	0	0	0	0	0	0	0	0	0	0	0	0	0	0	1	0	0	0	0	0	0	0	0	0	0	0	0
5	219	1993	16.994396	100	0	6.5072775	15.008513	30.318768	8.3153934	100	3.1311238	323.89099	44.70369	72.785881	10.868979	3.1589324	-2	2	0	1	4.5999999	9.8429823	100	0	6.5072775	14.872965	31.082081	7.5653825	100	2.1446817	335.07697	45.6008	80.827423	9.9353218	2.7292297	-2	2	0	1	4	9.1249523	0	0	0	0	1	0	0	0	0	0	0	0	0	0	0	0	0	0	0	0	0	0	0	0	0	0	0	0	0	0	0	0	0	0	0	0	0	0	0	0	0	0	0	0	0	0	0	0	0	0	0	0	0	1	0	0	0	0	0	0	0	0	0	0	0	0
6	219	1998	18.434422	100	0	6.5072775	15.13956	30.790695	9.7328787	100	2.7225339	340.00003	47.519485	78.224663	11.558528	.197972	-2	2	0	1	4.8000002	10.102225	100	0	6.5072775	15.008513	30.318768	8.3153934	100	3.1311238	323.89099	44.70369	72.785881	10.868979	3.1589324	-2	2	0	1	4.5999999	9.8429823	0	0	0	0	0	1	0	0	0	0	0	0	0	0	0	0	0	0	0	0	0	0	0	0	0	0	0	0	0	0	0	0	0	0	0	0	0	0	0	0	0	0	0	0	0	0	0	0	0	0	0	0	0	1	0	0	0	0	0	0	0	0	0	0	0	0
7	219	2003	17.716343	100	0	6.5249615	15.230966	28.504137	11.295621	100	1.4756098	389.98587	48.742851	97.291878	12.10414	.25537199	-2	2	0	1	5	10.116061	100	0	6.5072775	15.13956	30.790695	9.7328787	100	2.7225339	340.00003	47.519485	78.224663	11.558528	.197972	-2	2	0	1	4.8000002	10.102225	0	0	0	0	0	0	1	0	0	0	0	0	0	0	0	0	0	0	0	0	0	0	0	0	0	0	0	0	0	0	0	0	0	0	0	0	0	0	0	0	0	0	0	0	0	0	0	0	0	0	0	0	0	1	0	0	0	0	0	0	0	0	0	0	0	0
8	219	2008	15.670654	100	0	6.547925	15.374461	25.075212	11.953768	100	3.4771059	409.4313	50.204529	96.150757	13.020879	1.9128784	-2	2	0	1	5	10.560559	100	0	6.5249615	15.230966	28.504137	11.295621	100	1.4756098	389.98587	48.742851	97.291878	12.10414	.25537199	-2	2	0	1	5	10.116061	0	0	0	0	0	0	0	1	0	0	0	0	0	0	0	0	0	0	0	0	0	0	0	0	0	0	0	0	0	0	0	0	0	0	0	0	0	0	0	0	0	0	0	0	0	0	0	0	0	0	0	0	0	1	0	0	0	0	0	0	0	0	0	0	0	0
2	225	1978	26.43301	79.561287	0	13.997832	17.132639	75.661606	5.7010508	48.298599	2.3099716	58.776249	66.369865	41.535599	9.3713055	14.66204	4	2	0	0	4.8000002	7.4810109	100	0	13.997832	17.009226	76.67527	6.0273228	47.988998	2.6119895	51.726444	66.516701	37.380939	8.9562578	12.379402	4	2	0	0	4.25	7.0241632	0	1	0	0	0	0	0	0	0	0	0	0	0	0	0	0	0	0	0	0	0	0	0	0	0	0	0	0	0	0	0	0	0	0	0	0	0	0	0	0	0	0	0	0	0	0	0	0	0	0	0	0	0	0	1	0	0	0	0	0	0	0	0	0	0	0
3	225	1983	31.594927	76.935448	1.8	13.997832	17.261793	73.193695	5.5417476	48.993198	2.0706077	52.17775	65.889565	27.400261	9.4322472	13.750552	4	2	0	0	5	7.7712717	79.561287	0	13.997832	17.132639	75.661606	5.7010508	48.298599	2.3099716	58.776249	66.369865	41.535599	9.3713055	14.66204	4	2	0	0	4.8000002	7.4810109	0	0	1	0	0	0	0	0	0	0	0	0	0	0	0	0	0	0	0	0	0	0	0	0	0	0	0	0	0	0	0	0	0	0	0	0	0	0	0	0	0	0	0	0	0	0	0	0	0	0	0	0	0	0	1	0	0	0	0	0	0	0	0	0	0	0
4	225	1988	33.8009	82.492805	3	13.997832	17.376011	69.341652	5.5130944	50.971001	2.4644573	49.14782	65.409271	32.342281	9.0963945	15.90454	4.1999998	2.2	0	0	5.1999998	7.8339944	76.935448	1.8	13.997832	17.261793	73.193695	5.5417476	48.993198	2.0706077	52.17775	65.889565	27.400261	9.4322472	13.750552	4	2	0	0	5	7.7712717	0	0	0	1	0	0	0	0	0	0	0	0	0	0	0	0	0	0	0	0	0	0	0	0	0	0	0	0	0	0	0	0	0	0	0	0	0	0	0	0	0	0	0	0	0	0	0	0	0	0	0	0	0	0	1	0	0	0	0	0	0	0	0	0	0	0
5	225	1993	41.812653	74.309692	3	13.997832	17.498945	62.583954	5.5541649	53.506401	2.1938405	40.998978	63.858246	40.551041	9.3684702	12.646022	7.4000001	7	0	0	3.5999999	8.1221638	82.492805	3	13.997832	17.376011	69.341652	5.5130944	50.971001	2.4644573	49.14782	65.409271	32.342281	9.0963945	15.90454	4.1999998	2.2	0	0	5.1999998	7.8339944	0	0	0	0	1	0	0	0	0	0	0	0	0	0	0	0	0	0	0	0	0	0	0	0	0	0	0	0	0	0	0	0	0	0	0	0	0	0	0	0	0	0	0	0	0	0	0	0	0	0	0	0	0	0	1	0	0	0	0	0	0	0	0	0	0	0
2	228	1978	26.917282	100	0	11.046276	16.495964	60.99749	7.1775374	19.0606	2.9670329	69.376328	52.084904	65.637939	4.4107814	14.191874	6.8000002	7	0	.60000002	2	5.5389819	100	0	11.046276	16.410103	66.237709	6.7419143	19.495399	0	50.748402	44.130199	43.348801	4.863802	10.588586	8	7	0	1	2	5.4763775	0	1	0	0	0	0	0	0	0	0	0	0	0	0	0	0	0	0	0	0	0	0	0	0	0	0	0	0	0	0	0	0	0	0	0	0	0	0	0	0	0	0	0	0	0	0	0	0	0	0	0	0	0	0	0	1	0	0	0	0	0	0	0	0	0	0
3	228	1983	26.938793	100	3	11.046276	16.575191	57.387768	7.8579969	18.302	1.3333334	68.651917	48.160938	75.106079	5.5735126	14.155503	5.1999998	6.1999998	.60000002	0	2.5999999	5.8160982	100	0	11.046276	16.495964	60.99749	7.1775374	19.0606	2.9670329	69.376328	52.084904	65.637939	4.4107814	14.191874	6.8000002	7	0	.60000002	2	5.5389819	0	0	1	0	0	0	0	0	0	0	0	0	0	0	0	0	0	0	0	0	0	0	0	0	0	0	0	0	0	0	0	0	0	0	0	0	0	0	0	0	0	0	0	0	0	0	0	0	0	0	0	0	0	0	0	1	0	0	0	0	0	0	0	0	0	0
4	228	1988	26.581858	100	8.1999998	11.046276	16.636599	53.122208	8.6392918	17.513	1.25	62.647282	41.240929	95.058723	6.0879693	10.954454	5	6	1	0	3.4000001	6.0352983	100	3	11.046276	16.575191	57.387768	7.8579969	18.302	1.3333334	68.651917	48.160938	75.106079	5.5735126	14.155503	5.1999998	6.1999998	.60000002	0	2.5999999	5.8160982	0	0	0	1	0	0	0	0	0	0	0	0	0	0	0	0	0	0	0	0	0	0	0	0	0	0	0	0	0	0	0	0	0	0	0	0	0	0	0	0	0	0	0	0	0	0	0	0	0	0	0	0	0	0	0	1	0	0	0	0	0	0	0	0	0	0
5	228	1993	26.827017	100	5	11.046276	16.705883	47.77816	9.382679	16.743601	1.1764706	73.413979	45.40612	93.057259	6.7641816	9.7972383	5	6	1	0	4	6.4182587	100	8.1999998	11.046276	16.636599	53.122208	8.6392918	17.513	1.25	62.647282	41.240929	95.058723	6.0879693	10.954454	5	6	1	0	3.4000001	6.0352983	0	0	0	0	1	0	0	0	0	0	0	0	0	0	0	0	0	0	0	0	0	0	0	0	0	0	0	0	0	0	0	0	0	0	0	0	0	0	0	0	0	0	0	0	0	0	0	0	0	0	0	0	0	0	0	1	0	0	0	0	0	0	0	0	0	0
6	228	1998	24.830832	100	5	11.046276	16.738323	41.613766	9.5499849	16.0014	1.1111112	78.679321	47.713917	89.320099	7.4852104	8.0792255	5	6	1	0	3	6.7486296	100	5	11.046276	16.705883	47.77816	9.382679	16.743601	1.1764706	73.413979	45.40612	93.057259	6.7641816	9.7972383	5	6	1	0	4	6.4182587	0	0	0	0	0	1	0	0	0	0	0	0	0	0	0	0	0	0	0	0	0	0	0	0	0	0	0	0	0	0	0	0	0	0	0	0	0	0	0	0	0	0	0	0	0	0	0	0	0	0	0	0	0	0	0	1	0	0	0	0	0	0	0	0	0	0
7	228	2003	23.811678	100	5	11.046276	16.780466	37.670876	10.179674	15.3598	1.0526316	77.538902	57.702599	99.42112	7.8897691	9.969326	5.4000001	6	1	0	3	6.8990722	100	5	11.046276	16.738323	41.613766	9.5499849	16.0014	1.1111112	78.679321	47.713917	89.320099	7.4852104	8.0792255	5	6	1	0	3	6.7486296	0	0	0	0	0	0	1	0	0	0	0	0	0	0	0	0	0	0	0	0	0	0	0	0	0	0	0	0	0	0	0	0	0	0	0	0	0	0	0	0	0	0	0	0	0	0	0	0	0	0	0	0	0	0	0	1	0	0	0	0	0	0	0	0	0	0
7	232	2003	29.225239	100	0	9.7526646	13.910821	79.66378	5.6954117	22.2048	0	186.69122	48.486156	20.943821	6.477356	6.980196	-9	1	1	1	6.5999999	7.4134817	100	0	9.7526646	13.831475	89.710442	5.6345229	22.802	2.7523193	147.59618	52.494301	16.94462	6.1749072	8.3482761	-9	1.6	1	1	6	7.3473701	0	0	0	0	0	0	1	0	0	0	0	0	0	0	0	0	0	0	0	0	0	0	0	0	0	0	0	0	0	0	0	0	0	0	0	0	0	0	0	0	0	0	0	0	0	0	0	0	0	0	0	0	0	0	0	0	1	0	0	0	0	0	0	0	0	0
2	240	1978	15.641904	85.423073	2	13.143909	17.621679	73.278633	6.420095	25.577801	2.2750793	46.189686	48.864494	23.929359	7.0004015	8.31141	-.60000002	5.5	.60000002	1	4.8000002	6.2859297	86.33815	2	13.143909	17.503765	81.144638	6.4777422	22.610399	2.5674818	38.21283	55.537029	22.58572	6.3424878	9.5637846	-2	4	0	1	5	5.6143517	0	1	0	0	0	0	0	0	0	0	0	0	0	0	0	0	0	0	0	0	0	0	0	0	0	0	0	0	0	0	0	0	0	0	0	0	0	0	0	0	0	0	0	0	0	0	0	0	0	0	0	0	0	0	0	0	0	1	0	0	0	0	0	0	0	0
4	240	1988	15.109716	94.284836	0	13.143909	17.822514	49.881573	6.7783399	28.892401	1.8531234	62.592243	50.682034	40.671581	8.3609819	4.8369398	2.5999999	7	0	1	2.5999999	7.0363302	94.180618	1.2	13.143909	17.727133	61.631367	6.4242864	27.5734	2.0425186	47.862877	46.731953	39.557281	7.5475016	4.1408982	2	7	0	1	3	6.6691256	0	0	0	1	0	0	0	0	0	0	0	0	0	0	0	0	0	0	0	0	0	0	0	0	0	0	0	0	0	0	0	0	0	0	0	0	0	0	0	0	0	0	0	0	0	0	0	0	0	0	0	0	0	0	0	0	0	1	0	0	0	0	0	0	0	0
5	240	1993	16.796846	92.538414	0	13.143909	17.889572	42.593811	7.9373417	29.9352	.69570476	80.39949	52.91188	17.57666	9.5489187	4.8643022	7	8.3999996	0	1	3.5999999	7.7032537	94.284836	0	13.143909	17.822514	49.881573	6.7783399	28.892401	1.8531234	62.592243	50.682034	40.671581	8.3609819	4.8369398	2.5999999	7	0	1	2.5999999	7.0363302	0	0	0	0	1	0	0	0	0	0	0	0	0	0	0	0	0	0	0	0	0	0	0	0	0	0	0	0	0	0	0	0	0	0	0	0	0	0	0	0	0	0	0	0	0	0	0	0	0	0	0	0	0	0	0	0	0	1	0	0	0	0	0	0	0	0
8	243	2008	20.091049	100	0	10.903935	15.569468	71.881073	5.9470105	36.5938	2.7568762	96.640091	34.777401	84.233803	7.1857152	3.8962405	-3.5999999	6.1999998	0	.40000001	5.1999998	6.1910834	100	0	10.903935	15.459759	77.4011	5.8859582	34.2738	2.3402059	93.413643	34.598831	94.665863	6.6805844	2.980448	-2.4000001	6	0	1	5.8000002	5.7849717	0	0	0	0	0	0	0	1	0	0	0	0	0	0	0	0	0	0	0	0	0	0	0	0	0	0	0	0	0	0	0	0	0	0	0	0	0	0	0	0	0	0	0	0	0	0	0	0	0	0	0	0	0	0	0	0	0	0	1	0	0	0	0	0	0	0
2	247	1978	23.85557	100	0	11.953501	15.629562	79.482101	6.760488	49.376598	2.7097082	67.327446	41.372581	35.728649	7.4213729	8.4404783	-9	1	1	1	6	7.0069451	100	0	11.953501	15.505106	87.003807	6.9930363	45.945599	1.8881375	52.467609	43.820034	34.50108	6.5343032	9.2640181	-9	1	1	1	6	6.3253508	0	1	0	0	0	0	0	0	0	0	0	0	0	0	0	0	0	0	0	0	0	0	0	0	0	0	0	0	0	0	0	0	0	0	0	0	0	0	0	0	0	0	0	0	0	0	0	0	0	0	0	0	0	0	0	0	0	0	0	1	0	0	0	0	0	0
3	247	1983	27.18968	100	0	11.953501	15.757882	74.049667	7.0675302	52.530998	2.6720431	72.159355	41.06134	40.52454	8.3700924	10.139484	-8	2	1	1	5	7.1703582	100	0	11.953501	15.629562	79.482101	6.760488	49.376598	2.7097082	67.327446	41.372581	35.728649	7.4213729	8.4404783	-9	1	1	1	6	7.0069451	0	0	1	0	0	0	0	0	0	0	0	0	0	0	0	0	0	0	0	0	0	0	0	0	0	0	0	0	0	0	0	0	0	0	0	0	0	0	0	0	0	0	0	0	0	0	0	0	0	0	0	0	0	0	0	0	0	0	0	1	0	0	0	0	0	0
4	247	1988	28.51251	100	0	11.953501	15.876822	68.842201	7.6025567	56.3032	2.3539236	73.073494	38.571884	54.368259	8.61343	5.94067	-5.5999999	2.8	1	1	5.5999999	7.2649679	100	0	11.953501	15.757882	74.049667	7.0675302	52.530998	2.6720431	72.159355	41.06134	40.52454	8.3700924	10.139484	-8	2	1	1	5	7.1703582	0	0	0	1	0	0	0	0	0	0	0	0	0	0	0	0	0	0	0	0	0	0	0	0	0	0	0	0	0	0	0	0	0	0	0	0	0	0	0	0	0	0	0	0	0	0	0	0	0	0	0	0	0	0	0	0	0	0	0	1	0	0	0	0	0	0
5	247	1993	29.659456	100	0	11.953501	15.973995	61.075336	9.0339317	60.062801	1.8808489	79.719162	39.566498	58.4562	9.0569534	5.4593701	-3.8	4.8000002	1	1	5.8000002	7.5728216	100	0	11.953501	15.876822	68.842201	7.6025567	56.3032	2.3539236	73.073494	38.571884	54.368259	8.61343	5.94067	-5.5999999	2.8	1	1	5.5999999	7.2649679	0	0	0	0	1	0	0	0	0	0	0	0	0	0	0	0	0	0	0	0	0	0	0	0	0	0	0	0	0	0	0	0	0	0	0	0	0	0	0	0	0	0	0	0	0	0	0	0	0	0	0	0	0	0	0	0	0	0	0	1	0	0	0	0	0	0
6	247	1998	29.018215	100	0	11.953501	16.04541	51.147594	9.9351244	62.6488	1.3000276	79.484291	40.68993	59.862541	9.2501478	5.6796679	-3	6	1	1	6	7.7610469	100	0	11.953501	15.973995	61.075336	9.0339317	60.062801	1.8808489	79.719162	39.566498	58.4562	9.0569534	5.4593701	-3.8	4.8000002	1	1	5.8000002	7.5728216	0	0	0	0	0	1	0	0	0	0	0	0	0	0	0	0	0	0	0	0	0	0	0	0	0	0	0	0	0	0	0	0	0	0	0	0	0	0	0	0	0	0	0	0	0	0	0	0	0	0	0	0	0	0	0	0	0	0	0	1	0	0	0	0	0	0
7	247	2003	29.291536	100	0	11.953501	16.08753	41.518833	10.15556	64.4496	.82062072	86.892082	40.188278	57.9991	9.6209307	3.043968	-3.8	6	1	1	6	7.9255209	100	0	11.953501	16.04541	51.147594	9.9351244	62.6488	1.3000276	79.484291	40.68993	59.862541	9.2501478	5.6796679	-3	6	1	1	6	7.7610469	0	0	0	0	0	0	1	0	0	0	0	0	0	0	0	0	0	0	0	0	0	0	0	0	0	0	0	0	0	0	0	0	0	0	0	0	0	0	0	0	0	0	0	0	0	0	0	0	0	0	0	0	0	0	0	0	0	0	0	1	0	0	0	0	0	0
3	248	1983	12.725666	100	1.2	13.553665	17.665205	68.625671	6.7362008	48.980801	2.175971	23.383272	50.100521	36.993099	7.0930157	39.966679	2.2	5.8000002	.60000002	0	4	7.5191054	100	0	13.553665	17.552612	73.252213	7.5134263	42.902401	2.4419322	10.827079	50.482906	23.219879	7.2892656	51.393379	6.1999998	7.4000001	0	0	2.5999999	7.6695242	0	0	1	0	0	0	0	0	0	0	0	0	0	0	0	0	0	0	0	0	0	0	0	0	0	0	0	0	0	0	0	0	0	0	0	0	0	0	0	0	0	0	0	0	0	0	0	0	0	0	0	0	0	0	0	0	0	0	0	0	1	0	0	0	0	0
5	248	1993	16.686108	100	3	13.553665	17.858253	56.929127	6.7204351	60.955002	1.7868544	28.76144	44.079079	32.09642	9.0518036	76.699883	8.3999996	8.3999996	0	0	3.5999999	8.2187929	100	3	13.553665	17.766384	63.202782	6.2630835	56.500999	1.962294	26.102312	45.170586	35.283958	7.9412804	54.457279	7.8000002	9	0	0	2.4000001	7.8461804	0	0	0	0	1	0	0	0	0	0	0	0	0	0	0	0	0	0	0	0	0	0	0	0	0	0	0	0	0	0	0	0	0	0	0	0	0	0	0	0	0	0	0	0	0	0	0	0	0	0	0	0	0	0	0	0	0	0	0	0	1	0	0	0	0	0
6	248	1998	25.033674	100	2.4000001	13.553665	17.942385	50.422924	7.6515903	63.693802	1.3227658	41.193169	41.114395	41.570961	9.6078081	80.009659	7.1999998	6.4000001	0	0	4	8.3333445	100	3	13.553665	17.858253	56.929127	6.7204351	60.955002	1.7868544	28.76144	44.079079	32.09642	9.0518036	76.699883	8.3999996	8.3999996	0	0	3.5999999	8.2187929	0	0	0	0	0	1	0	0	0	0	0	0	0	0	0	0	0	0	0	0	0	0	0	0	0	0	0	0	0	0	0	0	0	0	0	0	0	0	0	0	0	0	0	0	0	0	0	0	0	0	0	0	0	0	0	0	0	0	0	0	1	0	0	0	0	0
7	248	2003	36.800232	100	0	13.553665	18.008036	44.883347	8.4031363	66.000999	1.5391904	48.706619	41.44838	66.025383	10.374927	26.605978	7	6	0	0	3.2	8.431633	100	2.4000001	13.553665	17.942385	50.422924	7.6515903	63.693802	1.3227658	41.193169	41.114395	41.570961	9.6078081	80.009659	7.1999998	6.4000001	0	0	4	8.3333445	0	0	0	0	0	0	1	0	0	0	0	0	0	0	0	0	0	0	0	0	0	0	0	0	0	0	0	0	0	0	0	0	0	0	0	0	0	0	0	0	0	0	0	0	0	0	0	0	0	0	0	0	0	0	0	0	0	0	0	0	1	0	0	0	0	0
8	248	2008	31.686954	94.772896	0	13.553665	18.077991	40.530876	8.7146063	69.028603	1.1513772	49.602764	45.24567	42.52092	11.744848	7.7032561	7	6	0	0	3	9.117671	100	0	13.553665	18.008036	44.883347	8.4031363	66.000999	1.5391904	48.706619	41.44838	66.025383	10.374927	26.605978	7	6	0	0	3.2	8.431633	0	0	0	0	0	0	0	1	0	0	0	0	0	0	0	0	0	0	0	0	0	0	0	0	0	0	0	0	0	0	0	0	0	0	0	0	0	0	0	0	0	0	0	0	0	0	0	0	0	0	0	0	0	0	0	0	0	0	0	0	1	0	0	0	0	0
7	252	2003	26.91967	80.214165	0	12.205122	17.102955	100.31138	5.3606033	12.7816	3.8575907	36.670429	43.233154	79.32222	7.2557001	4.6036139	-3.4000001	2.8	1	1	5.4000001	5.6524124	81.896133	0	12.205122	16.932432	100.09387	5.5969405	11.9144	2.7310371	33.50647	40.152245	76.787323	6.5017886	5.4915257	-4	2	1	1	4.5999999	5.6604705	0	0	0	0	0	0	1	0	0	0	0	0	0	0	0	0	0	0	0	0	0	0	0	0	0	0	0	0	0	0	0	0	0	0	0	0	0	0	0	0	0	0	0	0	0	0	0	0	0	0	0	0	0	0	0	0	0	0	0	0	0	1	0	0	0	0
8	252	2008	20.847252	79.900375	0	12.205122	17.248455	99.392555	5.1377091	14.394	3.2325437	50.262447	41.194221	30.642099	8.431922	8.0415277	-1	6	1	1	5	6.1596498	80.214165	0	12.205122	17.102955	100.31138	5.3606033	12.7816	3.8575907	36.670429	43.233154	79.32222	7.2557001	4.6036139	-3.4000001	2.8	1	1	5.4000001	5.6524124	0	0	0	0	0	0	0	1	0	0	0	0	0	0	0	0	0	0	0	0	0	0	0	0	0	0	0	0	0	0	0	0	0	0	0	0	0	0	0	0	0	0	0	0	0	0	0	0	0	0	0	0	0	0	0	0	0	0	0	0	0	1	0	0	0	0
3	258	1983	22.822044	100	0	12.072656	14.907343	42.98801	17.165398	86.473999	.68965518	39.055168	40.933537	63.72768	6.0396028	45.92094	-3.8	2.8	1	0	4.4000001	7.7805805	100	0	12.072656	14.873203	43.39299	16.159201	84.591202	.71428573	36.972679	40.953609	22.29722	5.5540442	56.734058	-7.4000001	1	1	0	5.8000002	7.6467905	0	0	1	0	0	0	0	0	0	0	0	0	0	0	0	0	0	0	0	0	0	0	0	0	0	0	0	0	0	0	0	0	0	0	0	0	0	0	0	0	0	0	0	0	0	0	0	0	0	0	0	0	0	0	0	0	0	0	0	0	0	0	1	0	0	0
7	262	2003	26.397299	100	0	13.690004	17.065466	51.215034	7.5885062	91.102203	2.402564	51.357758	44.966774	41.378738	10.626535	27.902281	6	7	1	0	3.2	8.3543253	100	0	13.690004	16.959139	56.825775	7.1867685	88.861397	1.7786561	48.790451	45.858925	41.399738	10.204988	45.696178	7.5999999	9	1	0	2.5999999	8.2620583	0	0	0	0	0	0	1	0	0	0	0	0	0	0	0	0	0	0	0	0	0	0	0	0	0	0	0	0	0	0	0	0	0	0	0	0	0	0	0	0	0	0	0	0	0	0	0	0	0	0	0	0	0	0	0	0	0	0	0	0	0	0	0	1	0	0
2	274	1978	29.384792	100	0	13.518976	15.504495	94.622513	5.4839277	37.862598	3.0171807	94.334625	58.231453	95.423759	7.5509024	13.958424	-9	1	1	1	5	6.4171247	100	0	13.518976	15.336125	92.706764	5.3259921	33.1008	3.553766	113.19124	65.570389	59.649281	7.4477568	2.5512199	-7.1999998	2	1	1	5	6.1791458	0	1	0	0	0	0	0	0	0	0	0	0	0	0	0	0	0	0	0	0	0	0	0	0	0	0	0	0	0	0	0	0	0	0	0	0	0	0	0	0	0	0	0	0	0	0	0	0	0	0	0	0	0	0	0	0	0	0	0	0	0	0	0	0	1	0
3	274	1983	29.439447	100	0	13.518976	15.670831	93.363785	5.5136046	39.719002	3.2325437	77.517235	57.31638	127.39928	7.6122684	18.279024	-9	1	1	1	5	6.3385067	100	0	13.518976	15.504495	94.622513	5.4839277	37.862598	3.0171807	94.334625	58.231453	95.423759	7.5509024	13.958424	-9	1	1	1	5	6.4171247	0	0	1	0	0	0	0	0	0	0	0	0	0	0	0	0	0	0	0	0	0	0	0	0	0	0	0	0	0	0	0	0	0	0	0	0	0	0	0	0	0	0	0	0	0	0	0	0	0	0	0	0	0	0	0	0	0	0	0	0	0	0	0	0	1	0
4	274	1988	23.986673	100	0	13.518976	15.818807	90.23439	5.4805298	39.506199	2.7820756	89.906906	56.40131	193.061	7.7558522	73.151558	-9	1	1	1	5.5999999	5.9917536	100	0	13.518976	15.670831	93.363785	5.5136046	39.719002	3.2325437	77.517235	57.31638	127.39928	7.6122684	18.279024	-9	1	1	1	5	6.3385067	0	0	0	1	0	0	0	0	0	0	0	0	0	0	0	0	0	0	0	0	0	0	0	0	0	0	0	0	0	0	0	0	0	0	0	0	0	0	0	0	0	0	0	0	0	0	0	0	0	0	0	0	0	0	0	0	0	0	0	0	0	0	0	0	1	0
5	274	1993	33.653427	100	0	13.518976	15.955023	87.904068	5.5239682	38.0252	2.4419322	75.785942	53.783504	194.4446	7.9871845	101.06002	6	7	1	1	2.5999999	5.9802313	100	0	13.518976	15.818807	90.23439	5.4805298	39.506199	2.7820756	89.906906	56.40131	193.061	7.7558522	73.151558	-9	1	1	1	5.5999999	5.9917536	0	0	0	0	1	0	0	0	0	0	0	0	0	0	0	0	0	0	0	0	0	0	0	0	0	0	0	0	0	0	0	0	0	0	0	0	0	0	0	0	0	0	0	0	0	0	0	0	0	0	0	0	0	0	0	0	0	0	0	0	0	0	0	0	1	0
6	274	1998	25.105658	100	0	13.518976	16.080942	87.212685	5.6310186	35.722801	2.5913699	63.489498	51.822353	223.8186	8.2081118	24.0959	1	7	1	1	5	5.8463435	100	0	13.518976	15.955023	87.904068	5.5239682	38.0252	2.4419322	75.785942	53.783504	194.4446	7.9871845	101.06002	6	7	1	1	2.5999999	5.9802313	0	0	0	0	0	1	0	0	0	0	0	0	0	0	0	0	0	0	0	0	0	0	0	0	0	0	0	0	0	0	0	0	0	0	0	0	0	0	0	0	0	0	0	0	0	0	0	0	0	0	0	0	0	0	0	0	0	0	0	0	0	0	0	0	1	0
7	274	2003	22.722666	98.099251	0	13.518976	16.194344	88.966812	5.8370657	35.888	2	56.688816	48.866398	164.43106	8.4510946	20.159201	5	7	1	1	4.1999998	6.0624247	100	0	13.518976	16.080942	87.212685	5.6310186	35.722801	2.5913699	63.489498	51.822353	223.8186	8.2081118	24.0959	1	7	1	1	5	5.8463435	0	0	0	0	0	0	1	0	0	0	0	0	0	0	0	0	0	0	0	0	0	0	0	0	0	0	0	0	0	0	0	0	0	0	0	0	0	0	0	0	0	0	0	0	0	0	0	0	0	0	0	0	0	0	0	0	0	0	0	0	0	0	0	0	1	0
5	276	1993	31.036982	97.25721	0	12.865792	16.230808	87.049324	5.958437	30.634399	3.8181818	50.927422	54.982761	58.606758	5.8587999	-5.1110501	-6	2	1	1	5	6.7382441	81.517761	0	12.865792	16.089151	93.423965	5.9416862	27.558399	2.3704567	35.176029	54.42857	38.040878	5.5067787	4.5745726	-4.5999999	2.2	.60000002	1	5.4000001	6.9289484	0	0	0	0	1	0	0	0	0	0	0	0	0	0	0	0	0	0	0	0	0	0	0	0	0	0	0	0	0	0	0	0	0	0	0	0	0	0	0	0	0	0	0	0	0	0	0	0	0	0	0	0	0	0	0	0	0	0	0	0	0	0	0	0	0	1
