period	cc	year	GG_7_GDP	centralization	warfare	area	population	depend15	depend64	urban	pop_growth	trade	gini_gross	debt	fdi_liab	inflation	democracy	pol_comp	presidential	plurality	pol_rights	gdp_pc	lcentralization	lwarfare	larea	lpopulation	ldepend15	ldepend64	lurban	lpop_growth	ltrade	lgini_gross	ldebt	lfdi_liab	linflation	ldemocracy	lpol_comp	lpresidential	lplurality	lpol_rights	lgdp_pc	per01	per02	per03	per04	per05	per06	per07	per08	cc1	cc2	cc3	cc4	cc5	cc6	cc7	cc8	cc9	cc10	cc11	cc12	cc13	cc14	cc15	cc16	cc17	cc18	cc19	cc20	cc21	cc22	cc23	cc24	cc25	cc26	cc27	cc28	cc29	cc30	cc31	cc32	cc33	cc34	cc35	cc36	cc37	cc38	cc39	cc40	cc41	cc42	cc43	cc44	cc45	cc46	cc47	cc48	cc49	cc50	cc51	cc52	cc53	cc54	cc55	cc56	cc57
7	6	2003	34.03574	100	2.4000001	13.997832	16.535578	95.644615	4.928041	51.960602	4.0119047	141.15469	59.220188	59.806541	9.5209789	80.059143	-2.2	7.5999999	1	0	6	6.9318309	100	6	13.997832	16.394094	95.538322	4.9884677	46.9874	3.2051282	154.09622	51.964218	135.23801	8.4992723	1300.8677	-2.8	6	1	0	6	6.2832885	0	0	0	0	0	0	1	0	1	0	0	0	0	0	0	0	0	0	0	0	0	0	0	0	0	0	0	0	0	0	0	0	0	0	0	0	0	0	0	0	0	0	0	0	0	0	0	0	0	0	0	0	0	0	0	0	0	0	0	0	0	0	0	0	0
4	14	1988	50.933197	72.317055	0	11.319947	15.846273	26.101954	21.492294	65.685402	.2631579	69.419174	42.257298	55.373219	8.906106	2.5758481	10	10	0	0	1	9.7307739	72.436829	0	11.319947	15.835711	28.786287	22.0756	65.496002	.26666668	68.62606	44.050762	41.327358	7.9897509	4.6915021	10	10	0	0	1	9.1294394	0	0	0	1	0	0	0	0	0	1	0	0	0	0	0	0	0	0	0	0	0	0	0	0	0	0	0	0	0	0	0	0	0	0	0	0	0	0	0	0	0	0	0	0	0	0	0	0	0	0	0	0	0	0	0	0	0	0	0	0	0	0	0	0	0
5	14	1993	56.34132	70.228325	0	11.319947	15.872149	26.166885	22.448759	65.786003	.51615053	69.359703	49.79306	61.250599	9.4482117	2.84338	10	10	0	0	1	10.135292	72.317055	0	11.319947	15.846273	26.101954	21.492294	65.685402	.2631579	69.419174	42.257298	55.373219	8.906106	2.5758481	10	10	0	0	1	9.7307739	0	0	0	0	1	0	0	0	0	1	0	0	0	0	0	0	0	0	0	0	0	0	0	0	0	0	0	0	0	0	0	0	0	0	0	0	0	0	0	0	0	0	0	0	0	0	0	0	0	0	0	0	0	0	0	0	0	0	0	0	0	0	0	0	0
6	14	1998	53.625286	76.532242	0	11.319947	15.894952	25.695854	22.711035	65.800003	.25316456	81.268883	43.527016	66.244141	10.04312	.4228076	10	10	0	0	1	10.185601	70.228325	0	11.319947	15.872149	26.166885	22.448759	65.786003	.51615053	69.359703	49.79306	61.250599	9.4482117	2.84338	10	10	0	0	1	10.135292	0	0	0	0	0	1	0	0	0	1	0	0	0	0	0	0	0	0	0	0	0	0	0	0	0	0	0	0	0	0	0	0	0	0	0	0	0	0	0	0	0	0	0	0	0	0	0	0	0	0	0	0	0	0	0	0	0	0	0	0	0	0	0	0	0
7	14	2003	51.265141	79.793327	0	11.319947	15.909799	24.192911	23.403061	66.240402	.49691358	96.489006	48.315159	65.958504	11.056755	1.597104	10	10	0	0	1	10.316314	76.532242	0	11.319947	15.894952	25.695854	22.711035	65.800003	.25316456	81.268883	43.527016	66.244141	10.04312	.4228076	10	10	0	0	1	10.185601	0	0	0	0	0	0	1	0	0	1	0	0	0	0	0	0	0	0	0	0	0	0	0	0	0	0	0	0	0	0	0	0	0	0	0	0	0	0	0	0	0	0	0	0	0	0	0	0	0	0	0	0	0	0	0	0	0	0	0	0	0	0	0	0	0
8	14	2008	50.09362	77.47506	0	11.319748	15.936557	22.456839	25.124138	67.085999	.48486629	106.42944	48.607761	65.802559	12.458786	1.726102	10	10	0	0	1	10.711997	79.793327	0	11.319947	15.909799	24.192911	23.403061	66.240402	.49691358	96.489006	48.315159	65.958504	11.056755	1.597104	10	10	0	0	1	10.316314	0	0	0	0	0	0	0	1	0	1	0	0	0	0	0	0	0	0	0	0	0	0	0	0	0	0	0	0	0	0	0	0	0	0	0	0	0	0	0	0	0	0	0	0	0	0	0	0	0	0	0	0	0	0	0	0	0	0	0	0	0	0	0	0	0
7	21	2003	50.278	85.217979	0	10.318243	16.118095	25.735348	26.086	97.222397	0	148.50986	39.566898	99.019142	12.720386	2.110522	10	10	0	0	1	10.284338	87.684944	0	10.318243	16.118095	26.162348	25.061308	96.981598	0	137.72638	46.879303	117.8408	11.975632	1.0812594	10	10	0	0	1	10.126507	0	0	0	0	0	0	1	0	0	0	1	0	0	0	0	0	0	0	0	0	0	0	0	0	0	0	0	0	0	0	0	0	0	0	0	0	0	0	0	0	0	0	0	0	0	0	0	0	0	0	0	0	0	0	0	0	0	0	0	0	0	0	0	0	0
8	21	2008	50.616398	84.174591	0	10.318243	16.194344	25.618084	26.30629	97.390404	2	157.66937	37.969681	90.986038	13.623202	2.019598	8.3999996	7.5999999	0	0	1	10.680591	85.217979	0	10.318243	16.118095	25.735348	26.086	97.222397	0	148.50986	39.566898	99.019142	12.720386	2.110522	10	10	0	0	1	10.284338	0	0	0	0	0	0	0	1	0	0	1	0	0	0	0	0	0	0	0	0	0	0	0	0	0	0	0	0	0	0	0	0	0	0	0	0	0	0	0	0	0	0	0	0	0	0	0	0	0	0	0	0	0	0	0	0	0	0	0	0	0	0	0	0	0
8	27	2008	34.528366	74.675201	0	13.910821	16.079107	63.271107	7.8112149	65.514999	1.2481674	75.521057	55.35965	42.326	8.6909609	7.5551739	7.5999999	7	1	1	3	7.3757901	85.772705	0	13.910821	15.989926	68.520531	7.5950732	63.247002	2.0342457	54.330425	55.653168	65.834358	8.5844431	4.9858699	8.3999996	7.8000002	1	1	2.4000001	6.8682756	0	0	0	0	0	0	0	1	0	0	0	1	0	0	0	0	0	0	0	0	0	0	0	0	0	0	0	0	0	0	0	0	0	0	0	0	0	0	0	0	0	0	0	0	0	0	0	0	0	0	0	0	0	0	0	0	0	0	0	0	0	0	0	0	0
4	32	1988	29.662825	98.558182	0	13.247639	14.076688	87.803123	4.9150772	35.8494	3.2051282	113.4049	56.008572	25.62138	7.0684676	13.880244	6.8000002	9	0	1	1.6	7.3527093	100	0	13.247639	13.909161	90.896919	4.7387362	22.625999	3.8676238	122.84258	55.236347	26.991039	6.4890342	10.134658	6	9	0	1	2	6.7115655	0	0	0	1	0	0	0	0	0	0	0	0	1	0	0	0	0	0	0	0	0	0	0	0	0	0	0	0	0	0	0	0	0	0	0	0	0	0	0	0	0	0	0	0	0	0	0	0	0	0	0	0	0	0	0	0	0	0	0	0	0	0	0	0	0
5	32	1993	36.885418	99.315414	0	13.247639	14.220085	79.058296	4.9555912	46.1618	2.7619047	91.922218	56.978889	19.813841	7.0989738	8.3001575	7	9	0	1	1.6	7.9317527	98.558182	0	13.247639	14.076688	87.803123	4.9150772	35.8494	3.2051282	113.4049	56.008572	25.62138	7.0684676	13.880244	6.8000002	9	0	1	1.6	7.3527093	0	0	0	0	1	0	0	0	0	0	0	0	1	0	0	0	0	0	0	0	0	0	0	0	0	0	0	0	0	0	0	0	0	0	0	0	0	0	0	0	0	0	0	0	0	0	0	0	0	0	0	0	0	0	0	0	0	0	0	0	0	0	0	0	0
6	32	1998	35.408016	100	0	13.247639	14.345446	68.285843	5.0377026	51.5238	2.4264705	94.629074	55.508854	16.219641	7.1885824	11.892666	7.8000002	9	0	1	2	8.0639095	99.315414	0	13.247639	14.220085	79.058296	4.9555912	46.1618	2.7619047	91.922218	56.978889	19.813841	7.0989738	8.3001575	7	9	0	1	1.6	7.9317527	0	0	0	0	0	1	0	0	0	0	0	0	1	0	0	0	0	0	0	0	0	0	0	0	0	0	0	0	0	0	0	0	0	0	0	0	0	0	0	0	0	0	0	0	0	0	0	0	0	0	0	0	0	0	0	0	0	0	0	0	0	0	0	0	0
4	45	1988	53.145271	44.607338	0	16.023785	17.111073	30.604544	15.927623	76.490799	1.5099715	52.541344	38.82811	72.193619	11.4784	4.0743361	10	10	0	1	1	9.784832	47.403988	0	16.023785	17.050076	31.822815	14.497365	76.077599	.80000001	51.25034	38.639256	57.30946	11.04132	6.4231858	10	10	0	1	1	9.4716177	0	0	0	1	0	0	0	0	0	0	0	0	0	1	0	0	0	0	0	0	0	0	0	0	0	0	0	0	0	0	0	0	0	0	0	0	0	0	0	0	0	0	0	0	0	0	0	0	0	0	0	0	0	0	0	0	0	0	0	0	0	0	0	0	0
5	45	1993	51.382404	49.365067	0	16.023785	17.16877	30.335236	17.290426	77.237801	.71428573	60.813988	40.320194	93.691544	12.071505	1.91399	10	10	0	1	1	9.912796	44.607338	0	16.023785	17.111073	30.604544	15.927623	76.490799	1.5099715	52.541344	38.82811	72.193619	11.4784	4.0743361	10	10	0	1	1	9.784832	0	0	0	0	1	0	0	0	0	0	0	0	0	1	0	0	0	0	0	0	0	0	0	0	0	0	0	0	0	0	0	0	0	0	0	0	0	0	0	0	0	0	0	0	0	0	0	0	0	0	0	0	0	0	0	0	0	0	0	0	0	0	0	0	0
6	45	1998	43.601913	46.49593	0	16.023785	17.223267	28.929882	18.151485	78.756798	1.3563218	79.752922	42.211491	93.3395	12.52867	1.764714	10	10	0	1	1	9.9790487	49.365067	0	16.023785	17.16877	30.335236	17.290426	77.237801	.71428573	60.813988	40.320194	93.691544	12.071505	1.91399	10	10	0	1	1	9.912796	0	0	0	0	0	1	0	0	0	0	0	0	0	1	0	0	0	0	0	0	0	0	0	0	0	0	0	0	0	0	0	0	0	0	0	0	0	0	0	0	0	0	0	0	0	0	0	0	0	0	0	0	0	0	0	0	0	0	0	0	0	0	0	0	0
7	45	2003	40.870209	45.068367	0	16.023785	17.268547	26.430641	18.661287	79.864403	.64516127	75.391846	43.236797	76.796761	12.963113	2.53476	10	10	0	1	1	10.228035	46.49593	0	16.023785	17.223267	28.929882	18.151485	78.756798	1.3563218	79.752922	42.211491	93.3395	12.52867	1.764714	10	10	0	1	1	9.9790487	0	0	0	0	0	0	1	0	0	0	0	0	0	1	0	0	0	0	0	0	0	0	0	0	0	0	0	0	0	0	0	0	0	0	0	0	0	0	0	0	0	0	0	0	0	0	0	0	0	0	0	0	0	0	0	0	0	0	0	0	0	0	0	0	0
4	51	1988	20.525665	95.462311	0	13.519167	16.36445	47.378899	9.4655542	83.012199	1.6666666	56.698441	52.523689	117.01622	8.6852694	21.316879	.60000002	6	1	1	4.5999999	7.6551046	92.829506	0	13.519167	16.283014	50.403168	9.2445889	82.071602	1.8181819	44.047009	52.139523	81.4888	8.4901543	19.110701	-6.4000001	1.6	1	1	6	7.6275043	0	0	0	1	0	0	0	0	0	0	0	0	0	0	1	0	0	0	0	0	0	0	0	0	0	0	0	0	0	0	0	0	0	0	0	0	0	0	0	0	0	0	0	0	0	0	0	0	0	0	0	0	0	0	0	0	0	0	0	0	0	0	0	0	0
8	51	2008	22.839701	93.049133	0	13.519167	16.636599	34.01128	12.886475	88.414398	1.25	73.646446	50.484085	5.9930639	11.610178	6.159615	10	10	1	1	1	9.2695761	95.100159	0	13.519167	16.588099	39.390438	11.711746	86.952202	1.3333334	67.291031	51.64732	12.3316	10.891338	5.7903061	9	9	1	1	1.4	8.585515	0	0	0	0	0	0	0	1	0	0	0	0	0	0	1	0	0	0	0	0	0	0	0	0	0	0	0	0	0	0	0	0	0	0	0	0	0	0	0	0	0	0	0	0	0	0	0	0	0	0	0	0	0	0	0	0	0	0	0	0	0	0	0	0	0
2	59	1978	15.545707	100	0	10.840756	14.612445	69.212326	8.5810146	42.398998	1.8614719	59.046642	56.160702	42.24308	5.0177665	13.88573	10	10	1	0	1	7.5970345	100	0	10.840756	14.48814	81.570648	9.0936041	40.340199	3.1637428	63.759628	57.593391	23.957701	4.3501439	14.290188	10	10	1	0	1	6.8567023	0	1	0	0	0	0	0	0	0	0	0	0	0	0	0	1	0	0	0	0	0	0	0	0	0	0	0	0	0	0	0	0	0	0	0	0	0	0	0	0	0	0	0	0	0	0	0	0	0	0	0	0	0	0	0	0	0	0	0	0	0	0	0	0	0
3	59	1983	15.889074	100	0	10.840756	14.746873	61.753735	8.5244112	44.5774	3.2721293	69.800781	50.799915	101.78234	4.9817696	44.653419	10	10	1	0	1	7.3589668	100	0	10.840756	14.612445	69.212326	8.5810146	42.398998	1.8614719	59.046642	56.160702	42.24308	5.0177665	13.88573	10	10	1	0	1	7.5970345	0	0	1	0	0	0	0	0	0	0	0	0	0	0	0	1	0	0	0	0	0	0	0	0	0	0	0	0	0	0	0	0	0	0	0	0	0	0	0	0	0	0	0	0	0	0	0	0	0	0	0	0	0	0	0	0	0	0	0	0	0	0	0	0	0
4	59	1988	19.462109	99.39183	0	10.840756	14.886303	60.521271	8.4970627	48.634998	2.8113482	63.508427	44.907711	81.716759	5.5706577	16.94206	10	10	1	0	1	7.6609831	100	0	10.840756	14.746873	61.753735	8.5244112	44.5774	3.2721293	69.800781	50.799915	101.78234	4.9817696	44.653419	10	10	1	0	1	7.3589668	0	0	0	1	0	0	0	0	0	0	0	0	0	0	0	1	0	0	0	0	0	0	0	0	0	0	0	0	0	0	0	0	0	0	0	0	0	0	0	0	0	0	0	0	0	0	0	0	0	0	0	0	0	0	0	0	0	0	0	0	0	0	0	0	0
5	59	1993	21.047153	100	0	10.840756	15.008513	58.685448	8.5810184	53.746601	2.4644573	75.673973	43.50668	40.486279	6.2630343	18.998779	10	10	1	0	1	7.9528718	99.39183	0	10.840756	14.886303	60.521271	8.4970627	48.634998	2.8113482	63.508427	44.907711	81.716759	5.5706577	16.94206	10	10	1	0	1	7.6609831	0	0	0	0	1	0	0	0	0	0	0	0	0	0	0	1	0	0	0	0	0	0	0	0	0	0	0	0	0	0	0	0	0	0	0	0	0	0	0	0	0	0	0	0	0	0	0	0	0	0	0	0	0	0	0	0	0	0	0	0	0	0	0	0	0
6	59	1998	22.199675	100	0	10.840756	15.128746	52.817757	8.6755419	57.7384	2.1938405	91.406059	44.29974	39.831749	7.396358	12.953686	10	10	1	0	1	8.2291889	100	0	10.840756	15.008513	58.685448	8.5810184	53.746601	2.4644573	75.673973	43.50668	40.486279	6.2630343	18.998779	10	10	1	0	1	7.9528718	0	0	0	0	0	1	0	0	0	0	0	0	0	0	0	1	0	0	0	0	0	0	0	0	0	0	0	0	0	0	0	0	0	0	0	0	0	0	0	0	0	0	0	0	0	0	0	0	0	0	0	0	0	0	0	0	0	0	0	0	0	0	0	0	0
7	59	2003	24.782099	97.822128	0	10.840756	15.240724	45.150921	8.8090878	60.638802	1.9768158	93.888687	46.387657	42.144402	8.3378019	9.7079077	10	10	1	0	1	8.363307	100	0	10.840756	15.128746	52.817757	8.6755419	57.7384	2.1938405	91.406059	44.29974	39.831749	7.396358	12.953686	10	10	1	0	1	8.2291889	0	0	0	0	0	0	1	0	0	0	0	0	0	0	0	1	0	0	0	0	0	0	0	0	0	0	0	0	0	0	0	0	0	0	0	0	0	0	0	0	0	0	0	0	0	0	0	0	0	0	0	0	0	0	0	0	0	0	0	0	0	0	0	0	0
8	59	2008	24.266926	98.601486	0	10.840756	15.328186	38.472424	9.2519379	63.194	1.7988888	93.925499	46.700966	35.909641	9.2349806	9.8244019	10	10	1	0	1	8.7493677	97.822128	0	10.840756	15.240724	45.150921	8.8090878	60.638802	1.9768158	93.888687	46.387657	42.144402	8.3378019	9.7079077	10	10	1	0	1	8.363307	0	0	0	0	0	0	0	1	0	0	0	0	0	0	0	1	0	0	0	0	0	0	0	0	0	0	0	0	0	0	0	0	0	0	0	0	0	0	0	0	0	0	0	0	0	0	0	0	0	0	0	0	0	0	0	0	0	0	0	0	0	0	0	0	0
5	63	1993	31.86286	100.55762	0	9.1312971	13.343719	38.360226	15.430935	67.533203	2.2157359	104.82491	38.238415	36.525051	7.2705584	5.6092501	10	10	1	0	1	9.3646669	100	0	9.1312971	13.238064	39.114719	15.286086	65.936798	1.7279595	107.18658	36.80904	31.187241	6.8328934	4.2782159	10	10	1	0	1	8.9449444	0	0	0	0	1	0	0	0	0	0	0	0	0	0	0	0	1	0	0	0	0	0	0	0	0	0	0	0	0	0	0	0	0	0	0	0	0	0	0	0	0	0	0	0	0	0	0	0	0	0	0	0	0	0	0	0	0	0	0	0	0	0	0	0	0
6	63	1998	36.677711	102.9438	0	9.1312971	13.426817	34.928604	15.277052	68.403999	1.9755652	105.39626	42.998245	57.16634	7.9371777	2.7672541	10	10	1	0	1	9.524169	100.55762	0	9.1312971	13.343719	38.360226	15.430935	67.533203	2.2157359	104.82491	38.238415	36.525051	7.2705584	5.6092501	10	10	1	0	1	9.3646669	0	0	0	0	0	1	0	0	0	0	0	0	0	0	0	0	1	0	0	0	0	0	0	0	0	0	0	0	0	0	0	0	0	0	0	0	0	0	0	0	0	0	0	0	0	0	0	0	0	0	0	0	0	0	0	0	0	0	0	0	0	0	0	0	0
7	63	2003	42.307938	101.75887	0	9.1312971	13.493981	30.553185	15.286609	69.125603	1.1784482	101.99002	45.660801	66.713478	8.9804401	3.0534959	10	10	1	0	1	9.7815609	102.9438	0	9.1312971	13.426817	34.928604	15.277052	68.403999	1.9755652	105.39626	42.998245	57.16634	7.9371777	2.7672541	10	10	1	0	1	9.524169	0	0	0	0	0	0	1	0	0	0	0	0	0	0	0	0	1	0	0	0	0	0	0	0	0	0	0	0	0	0	0	0	0	0	0	0	0	0	0	0	0	0	0	0	0	0	0	0	0	0	0	0	0	0	0	0	0	0	0	0	0	0	0	0	0
8	63	2008	44.171635	100.41167	0	9.1312971	13.581741	26.483751	15.928982	69.964203	2	96.578011	47.475742	58.159538	9.8163185	2.8196235	10	10	1	0	1	10.242956	101.75887	0	9.1312971	13.493981	30.553185	15.286609	69.125603	1.1784482	101.99002	45.660801	66.713478	8.9804401	3.0534959	10	10	1	0	1	9.7815609	0	0	0	0	0	0	0	1	0	0	0	0	0	0	0	0	1	0	0	0	0	0	0	0	0	0	0	0	0	0	0	0	0	0	0	0	0	0	0	0	0	0	0	0	0	0	0	0	0	0	0	0	0	0	0	0	0	0	0	0	0	0	0	0	0
2	68	1978	60.576118	54.032318	0	10.65429	15.444751	33.624126	21.78845	83.092201	0	63.168736	48.90181	14.772842	8.4180641	8.5747681	10	10	0	0	1	9.3234167	55.415939	0	10.654196	15.428909	35.762833	20.168356	81.182404	.80816329	60.768734	49.214062	5.91085	7.8023181	10.90686	10	10	0	0	1	8.6202726	0	1	0	0	0	0	0	0	0	0	0	0	0	0	0	0	0	1	0	0	0	0	0	0	0	0	0	0	0	0	0	0	0	0	0	0	0	0	0	0	0	0	0	0	0	0	0	0	0	0	0	0	0	0	0	0	0	0	0	0	0	0	0	0	0
3	68	1983	69.637573	56.943787	0	10.654432	15.444751	29.491972	22.550127	84.0998	0	73.80529	48.545467	54.11248	8.2979431	7.647038	10	10	0	0	1	9.3603315	54.032318	0	10.65429	15.444751	33.624126	21.78845	83.092201	0	63.168736	48.90181	14.772842	8.4180641	8.5747681	10	10	0	0	1	9.3234167	0	0	1	0	0	0	0	0	0	0	0	0	0	0	0	0	0	1	0	0	0	0	0	0	0	0	0	0	0	0	0	0	0	0	0	0	0	0	0	0	0	0	0	0	0	0	0	0	0	0	0	0	0	0	0	0	0	0	0	0	0	0	0	0	0
4	68	1988	66.004753	55.967163	0	10.65462	15.444751	26.059668	23.006121	84.646202	0	67.394653	46.863209	59.642979	9.0158186	3.8362999	10	10	0	0	1	9.9690027	56.943787	0	10.654432	15.444751	29.491972	22.550127	84.0998	0	73.80529	48.545467	54.11248	8.2979431	7.647038	10	10	0	0	1	9.3603315	0	0	0	1	0	0	0	0	0	0	0	0	0	0	0	0	0	1	0	0	0	0	0	0	0	0	0	0	0	0	0	0	0	0	0	0	0	0	0	0	0	0	0	0	0	0	0	0	0	0	0	0	0	0	0	0	0	0	0	0	0	0	0	0	0
5	68	1993	69.050102	59.159302	0	10.655422	15.46417	25.424168	22.865904	84.924599	.39215687	70.051064	47.860664	64.906502	9.7281494	1.561748	10	10	0	0	1	10.283306	55.967163	0	10.65462	15.444751	26.059668	23.006121	84.646202	0	67.394653	46.863209	59.642979	9.0158186	3.8362999	10	10	0	0	1	9.9690027	0	0	0	0	1	0	0	0	0	0	0	0	0	0	0	0	0	1	0	0	0	0	0	0	0	0	0	0	0	0	0	0	0	0	0	0	0	0	0	0	0	0	0	0	0	0	0	0	0	0	0	0	0	0	0	0	0	0	0	0	0	0	0	0	0
6	68	1998	56.218838	66.295753	0	10.655611	15.483217	26.976784	22.323362	85.051598	.38461539	76.404877	47.171276	67.272774	10.41873	1.9725519	10	10	0	0	1	10.389779	59.159302	0	10.655422	15.46417	25.424168	22.865904	84.924599	.39215687	70.051064	47.860664	64.906502	9.7281494	1.561748	10	10	0	0	1	10.283306	0	0	0	0	0	1	0	0	0	0	0	0	0	0	0	0	0	1	0	0	0	0	0	0	0	0	0	0	0	0	0	0	0	0	0	0	0	0	0	0	0	0	0	0	0	0	0	0	0	0	0	0	0	0	0	0	0	0	0	0	0	0	0	0	0
7	68	2003	54.232567	62.662079	0	10.655611	15.501909	28.267084	22.460171	85.553596	.3773585	87.895477	45.98859	54.448021	11.341936	2.3298039	10	10	0	0	1	10.553508	66.295753	0	10.655611	15.483217	26.976784	22.323362	85.051598	.38461539	76.404877	47.171276	67.272774	10.41873	1.9725519	10	10	0	0	1	10.389779	0	0	0	0	0	0	1	0	0	0	0	0	0	0	0	0	0	1	0	0	0	0	0	0	0	0	0	0	0	0	0	0	0	0	0	0	0	0	0	0	0	0	0	0	0	0	0	0	0	0	0	0	0	0	0	0	0	0	0	0	0	0	0	0	0
8	68	2008	54.00959	69.400368	0	10.655611	15.520192	27.878649	24.029398	86.419403	.37037036	99.24511	51.654423	40.538639	11.678454	2.7149673	10	10	0	0	1	10.939422	62.662079	0	10.655611	15.501909	28.267084	22.460171	85.553596	.3773585	87.895477	45.98859	54.448021	11.341936	2.3298039	10	10	0	0	1	10.553508	0	0	0	0	0	0	0	1	0	0	0	0	0	0	0	0	0	1	0	0	0	0	0	0	0	0	0	0	0	0	0	0	0	0	0	0	0	0	0	0	0	0	0	0	0	0	0	0	0	0	0	0	0	0	0	0	0	0	0	0	0	0	0	0	0
5	71	1993	11.622279	97.710739	0	10.785601	15.845893	64.46386	7.4821639	56.647999	2.1317198	79.277397	48.003468	40.35994	6.8434792	26.593723	5.5999999	7	1	1	3	7.4001141	99.679161	0	10.785601	15.749449	68.270752	6.4975958	54.6828	2.0695319	103.28991	46.383621	56.448879	6.1331239	28.282854	6	7	1	1	1.2	6.9416504	0	0	0	0	1	0	0	0	0	0	0	0	0	0	0	0	0	0	1	0	0	0	0	0	0	0	0	0	0	0	0	0	0	0	0	0	0	0	0	0	0	0	0	0	0	0	0	0	0	0	0	0	0	0	0	0	0	0	0	0	0	0	0	0	0
6	71	1998	13.064879	99.471504	0	10.785601	15.936327	60.169197	8.5190039	60.085999	1.6934745	78.391418	47.382786	23.935061	7.619463	5.6975479	8	9	1	1	2.4000001	7.7953639	97.710739	0	10.785601	15.845893	64.46386	7.4821639	56.647999	2.1317198	79.277397	48.003468	40.35994	6.8434792	26.593723	5.5999999	7	1	1	3	7.4001141	0	0	0	0	0	1	0	0	0	0	0	0	0	0	0	0	0	0	1	0	0	0	0	0	0	0	0	0	0	0	0	0	0	0	0	0	0	0	0	0	0	0	0	0	0	0	0	0	0	0	0	0	0	0	0	0	0	0	0	0	0	0	0	0	0
7	71	2003	15.102741	100	0	10.785601	16.012487	55.55698	9.3839474	64.107002	1.3437675	76.689743	49.234882	30.956301	8.4509993	18.419861	8	9	1	1	2.2	7.9100471	99.471504	0	10.785601	15.936327	60.169197	8.5190039	60.085999	1.6934745	78.391418	47.382786	23.935061	7.619463	5.6975479	8	9	1	1	2.4000001	7.7953639	0	0	0	0	0	0	1	0	0	0	0	0	0	0	0	0	0	0	1	0	0	0	0	0	0	0	0	0	0	0	0	0	0	0	0	0	0	0	0	0	0	0	0	0	0	0	0	0	0	0	0	0	0	0	0	0	0	0	0	0	0	0	0	0	0
5	73	1993	14.349413	100	0	12.531195	16.194344	63.984337	7.6212378	56.695599	2	55.413887	47.15995	81.190643	7.7876163	6.8131142	9	9	1	0	2	7.2639337	100	0	12.531195	16.091377	70.898766	7.4305234	53.540001	2.1319163	56.012005	45.338577	93.610001	6.9767938	-4.5647202	8.6000004	9	1	0	2	7.0246358	0	0	0	0	1	0	0	0	0	0	0	0	0	0	0	0	0	0	0	1	0	0	0	0	0	0	0	0	0	0	0	0	0	0	0	0	0	0	0	0	0	0	0	0	0	0	0	0	0	0	0	0	0	0	0	0	0	0	0	0	0	0	0	0	0
3	74	1983	37.50668	100	0	13.81095	17.690237	77.403397	6.4572334	43.905998	2.1295888	62.810207	36.095558	125.785	8.2983389	7.7692399	-6	2	0	1	4.5999999	6.7259469	100	0	13.81095	17.57617	78.840248	6.3357196	43.695599	2.383657	55.131283	38.098724	101.2583	6.3638897	14.744474	-6	2	0	1	5	6.0604506	0	0	1	0	0	0	0	0	0	0	0	0	0	0	0	0	0	0	0	0	1	0	0	0	0	0	0	0	0	0	0	0	0	0	0	0	0	0	0	0	0	0	0	0	0	0	0	0	0	0	0	0	0	0	0	0	0	0	0	0	0	0	0	0	0
5	74	1993	32.564877	100	0	13.81095	17.909576	70.662941	7.0015421	43.079601	1.7251641	56.072025	35.451836	118.54712	9.4406986	12.497936	-6	2	0	1	5.5999999	6.7410159	100	0	13.81095	17.811295	75.359261	6.6551013	43.661999	2.2959807	48.190136	34.092392	99.278976	9.1010294	18.91028	-6	2	0	1	5	7.2813516	0	0	0	0	1	0	0	0	0	0	0	0	0	0	0	0	0	0	0	0	1	0	0	0	0	0	0	0	0	0	0	0	0	0	0	0	0	0	0	0	0	0	0	0	0	0	0	0	0	0	0	0	0	0	0	0	0	0	0	0	0	0	0	0	0
2	75	1978	34.962173	100	2.4000001	9.9388552	15.319094	89.238632	7.6170855	43.038799	2.2750793	71.86203	47.53138	17.083179	5.3547516	13.886023	-3.8	3.3333333	1	1	4.4000001	5.3956218	100	0	9.9451094	15.20118	91.296608	7.4137259	40.666801	2.5674818	63.178226	52.897736	12.35575	4.7312031	5.9170527	-.80000001	6.4000001	1	1	2	4.710577	0	1	0	0	0	0	0	0	0	0	0	0	0	0	0	0	0	0	0	0	0	1	0	0	0	0	0	0	0	0	0	0	0	0	0	0	0	0	0	0	0	0	0	0	0	0	0	0	0	0	0	0	0	0	0	0	0	0	0	0	0	0	0	0	0
3	75	1983	43.515511	100	6	9.9388552	15.396328	86.611649	8.0022097	45.604801	1.2503618	53.681568	47.363087	72.571983	5.764184	4.1488361	3.5999999	7	1	1	3.4000001	5.6552277	100	2.4000001	9.9388552	15.319094	89.238632	7.6170855	43.038799	2.2750793	71.86203	47.53138	17.083179	5.3547516	13.886023	-3.8	3.3333333	1	1	4.4000001	5.3956218	0	0	1	0	0	0	0	0	0	0	0	0	0	0	0	0	0	0	0	0	0	1	0	0	0	0	0	0	0	0	0	0	0	0	0	0	0	0	0	0	0	0	0	0	0	0	0	0	0	0	0	0	0	0	0	0	0	0	0	0	0	0	0	0	0
3	82	1983	24.602955	100	0	9.8130159	13.434285	67.276657	4.5899096	38.221401	2.2982285	90.87133	52.12468	28.37538	5.8268099	6.228828	9	9	0	1	2	7.4591637	100	0	9.8130159	13.321532	68.047554	4.336072	37.3498	1.9568557	89.870605	50.799656	17.058741	5.2892675	7.5528703	9	9	0	1	2	7.2766581	0	0	1	0	0	0	0	0	0	0	0	0	0	0	0	0	0	0	0	0	0	0	1	0	0	0	0	0	0	0	0	0	0	0	0	0	0	0	0	0	0	0	0	0	0	0	0	0	0	0	0	0	0	0	0	0	0	0	0	0	0	0	0	0	0
4	82	1988	23.973919	99.154709	0	9.8130159	13.491353	66.408707	4.9166808	40.375801	.46472034	102.59335	53.596931	33.798698	5.7629499	5.4478521	1	4.8000002	.60000002	1	5	7.4502468	100	0	9.8130159	13.434285	67.276657	4.5899096	38.221401	2.2982285	90.87133	52.12468	28.37538	5.8268099	6.228828	9	9	0	1	2	7.4591637	0	0	0	1	0	0	0	0	0	0	0	0	0	0	0	0	0	0	0	0	0	0	1	0	0	0	0	0	0	0	0	0	0	0	0	0	0	0	0	0	0	0	0	0	0	0	0	0	0	0	0	0	0	0	0	0	0	0	0	0	0	0	0	0	0
5	82	1993	29.215366	97.763092	0	9.8130159	13.534559	62.499428	4.9848256	43.942001	1.2651583	111.19298	54.421906	36.200878	6.0292473	4.2987022	5	6	.40000001	1	4.4000001	7.7059689	99.154709	0	9.8130159	13.491353	66.408707	4.9166808	40.375801	.46472034	102.59335	53.596931	33.798698	5.7629499	5.4478521	1	4.8000002	.60000002	1	5	7.4502468	0	0	0	0	1	0	0	0	0	0	0	0	0	0	0	0	0	0	0	0	0	0	1	0	0	0	0	0	0	0	0	0	0	0	0	0	0	0	0	0	0	0	0	0	0	0	0	0	0	0	0	0	0	0	0	0	0	0	0	0	0	0	0	0	0
6	82	1998	29.452343	100	0	9.8130159	13.591596	58.746265	5.3173895	46.943199	.91326135	115.87732	53.47403	44.53968	6.1755738	3.19575	5.1999998	6.5	0	1	4	7.7870903	97.763092	0	9.8130159	13.534559	62.499428	4.9848256	43.942001	1.2651583	111.19298	54.421906	36.200878	6.0292473	4.2987022	5	6	.40000001	1	4.4000001	7.7059689	0	0	0	0	0	1	0	0	0	0	0	0	0	0	0	0	0	0	0	0	0	0	1	0	0	0	0	0	0	0	0	0	0	0	0	0	0	0	0	0	0	0	0	0	0	0	0	0	0	0	0	0	0	0	0	0	0	0	0	0	0	0	0	0	0
2	83	1978	41.554886	62.911308	0	12.626722	15.375705	30.943014	16.981976	70.168602	.42553192	55.731205	38.296722	3.4137001	6.1575675	9.5876217	10	10	0	0	2	9.0053625	62.978073	0	12.626722	15.35447	34.383369	14.978628	66.180199	.43478259	51.211185	43.698967	2.911406	5.318615	13.003914	10	10	0	0	2	8.3040619	0	1	0	0	0	0	0	0	0	0	0	0	0	0	0	0	0	0	0	0	0	0	0	1	0	0	0	0	0	0	0	0	0	0	0	0	0	0	0	0	0	0	0	0	0	0	0	0	0	0	0	0	0	0	0	0	0	0	0	0	0	0	0	0	0
3	83	1983	44.084332	62.430107	0	12.626722	15.396498	28.964954	18.089371	74.175598	.41666666	58.497902	37.639992	14.30602	7.0219984	8.5323725	10	10	0	0	2	9.2843199	62.911308	0	12.626722	15.375705	30.943014	16.981976	70.168602	.42553192	55.731205	38.296722	3.4137001	6.1575675	9.5876217	10	10	0	0	2	9.0053625	0	0	1	0	0	0	0	0	0	0	0	0	0	0	0	0	0	0	0	0	0	0	0	1	0	0	0	0	0	0	0	0	0	0	0	0	0	0	0	0	0	0	0	0	0	0	0	0	0	0	0	0	0	0	0	0	0	0	0	0	0	0	0	0	0
5	83	1993	62.802849	64.883186	0	12.626722	15.436831	28.674416	20.775515	80.3246	.40000001	56.767712	37.639591	45.54398	8.5526304	2.1007338	10	10	0	0	1	9.983963	61.245419	0	12.626722	15.416867	28.559944	19.213493	77.943398	.40816328	48.897728	36.718899	15.7458	8.0291719	5.7207541	10	10	0	0	1.2	9.9378128	0	0	0	0	1	0	0	0	0	0	0	0	0	0	0	0	0	0	0	0	0	0	0	1	0	0	0	0	0	0	0	0	0	0	0	0	0	0	0	0	0	0	0	0	0	0	0	0	0	0	0	0	0	0	0	0	0	0	0	0	0	0	0	0	0
6	83	1998	53.610912	67.022629	0	12.626722	15.456402	27.715694	21.834017	81.695	.39215687	70.636429	43.187084	49.168861	9.5731201	1.7167758	10	10	0	0	1	10.109635	64.883186	0	12.626722	15.436831	28.674416	20.775515	80.3246	.40000001	56.767712	37.639591	45.54398	8.5526304	2.1007338	10	10	0	0	1	9.983963	0	0	0	0	0	1	0	0	0	0	0	0	0	0	0	0	0	0	0	0	0	0	0	1	0	0	0	0	0	0	0	0	0	0	0	0	0	0	0	0	0	0	0	0	0	0	0	0	0	0	0	0	0	0	0	0	0	0	0	0	0	0	0	0	0
7	83	2003	49.445183	72.063133	0	12.626722	15.46417	26.495062	23.210928	82.616203	0	73.735497	47.689888	42.937901	10.643261	.9084602	10	10	0	0	1	10.327182	67.022629	0	12.626722	15.456402	27.715694	21.834017	81.695	.39215687	70.636429	43.187084	49.168861	9.5731201	1.7167758	10	10	0	0	1	10.109635	0	0	0	0	0	0	1	0	0	0	0	0	0	0	0	0	0	0	0	0	0	0	0	1	0	0	0	0	0	0	0	0	0	0	0	0	0	0	0	0	0	0	0	0	0	0	0	0	0	0	0	0	0	0	0	0	0	0	0	0	0	0	0	0	0
8	83	2008	51.238457	71.960793	0	12.624717	15.486956	25.308689	24.978861	83.296799	.76197386	83.003403	47.767551	40.214981	11.328174	1.7197398	10	10	0	0	1	10.715929	72.063133	0	12.626722	15.46417	26.495062	23.210928	82.616203	0	73.735497	47.689888	42.937901	10.643261	.9084602	10	10	0	0	1	10.327182	0	0	0	0	0	0	0	1	0	0	0	0	0	0	0	0	0	0	0	0	0	0	0	1	0	0	0	0	0	0	0	0	0	0	0	0	0	0	0	0	0	0	0	0	0	0	0	0	0	0	0	0	0	0	0	0	0	0	0	0	0	0	0	0	0
7	93	2003	47.930393	66.560318	0	12.762311	18.227077	22.00152	26.687117	73.239799	.0029385835	70.287064	51.062397	63.384621	13.279296	1.0685964	10	10	0	1	1	10.249834	66.170311	0	12.762878	18.222229	23.464674	23.227537	73.154602	0	56.467026	47.276054	59.809879	12.35026	.20213559	10	10	0	1	1	10.170842	0	0	0	0	0	0	1	0	0	0	0	0	0	0	0	0	0	0	0	0	0	0	0	0	1	0	0	0	0	0	0	0	0	0	0	0	0	0	0	0	0	0	0	0	0	0	0	0	0	0	0	0	0	0	0	0	0	0	0	0	0	0	0	0	0
8	93	2008	45.798367	66.240379	0	12.761795	18.227077	20.681292	30.078335	73.630997	0	86.208755	54.40213	71.075478	13.746892	.98604178	10	10	0	1	1	10.592058	66.560318	0	12.762311	18.227077	22.00152	26.687117	73.239799	.0029385835	70.287064	51.062397	63.384621	13.279296	1.0685964	10	10	0	1	1	10.249834	0	0	0	0	0	0	0	1	0	0	0	0	0	0	0	0	0	0	0	0	0	0	0	0	1	0	0	0	0	0	0	0	0	0	0	0	0	0	0	0	0	0	0	0	0	0	0	0	0	0	0	0	0	0	0	0	0	0	0	0	0	0	0	0	0
4	96	1988	38.17123	100	0	11.766792	16.118095	30.296295	20.255764	58.682201	.2020202	49.958344	43.817558	58.047298	8.6486979	17.20084	10	10	0	1	1.6	8.8532352	100	0	11.766792	16.099903	33.876564	20.476074	58.158199	.61860055	51.418068	44.918404	35.33036	7.8573899	22.076281	8	10	0	1	1.2	8.4932775	0	0	0	1	0	0	0	0	0	0	0	0	0	0	0	0	0	0	0	0	0	0	0	0	0	1	0	0	0	0	0	0	0	0	0	0	0	0	0	0	0	0	0	0	0	0	0	0	0	0	0	0	0	0	0	0	0	0	0	0	0	0	0	0	0
2	101	1978	10.86622	97.949013	5	11.582078	15.717038	86.64505	5.8671017	37.1278	2.4597886	70.938141	43.20158	12.60176	6.0137973	10.40725	-4.1999998	4.1999998	1	1	4	6.6851101	100	5	11.582078	15.593194	85.082832	5.6519823	36.248798	2.8052876	60.783112	51.229935	11.55692	5.1933732	8.1327105	-.60000002	6	1	1	3	5.9799876	0	1	0	0	0	0	0	0	0	0	0	0	0	0	0	0	0	0	0	0	0	0	0	0	0	0	1	0	0	0	0	0	0	0	0	0	0	0	0	0	0	0	0	0	0	0	0	0	0	0	0	0	0	0	0	0	0	0	0	0	0	0	0	0	0
4	101	1988	11.729915	98.078606	5	11.582078	15.955023	88.7033	6.5372701	40.331001	2.4124424	55.485748	56.882786	49.630138	6.5144811	22.511326	3	7	1	1	3	6.7129998	97.931465	5	11.582078	15.842965	88.601685	6.1609035	38.451599	2.4500682	49.353813	49.72628	36.651981	6.5469909	8.5980883	-5.1999998	1.75	1	1	5.4000001	7.0044456	0	0	0	1	0	0	0	0	0	0	0	0	0	0	0	0	0	0	0	0	0	0	0	0	0	0	1	0	0	0	0	0	0	0	0	0	0	0	0	0	0	0	0	0	0	0	0	0	0	0	0	0	0	0	0	0	0	0	0	0	0	0	0	0	0
5	101	1993	11.1686	94.64959	5	11.582078	16.072514	87.5756	7.0063829	42.312801	2.3588483	62.826996	56.53577	39.571018	6.9615502	15.346202	3	7	.60000002	1	3.8	6.9887333	98.078606	5	11.582078	15.955023	88.7033	6.5372701	40.331001	2.4124424	55.485748	56.882786	49.630138	6.5144811	22.511326	3	7	1	1	3	6.7129998	0	0	0	0	1	0	0	0	0	0	0	0	0	0	0	0	0	0	0	0	0	0	0	0	0	0	1	0	0	0	0	0	0	0	0	0	0	0	0	0	0	0	0	0	0	0	0	0	0	0	0	0	0	0	0	0	0	0	0	0	0	0	0	0	0
6	101	1998	12.092928	100	1	11.582078	16.175282	85.651184	7.517633	44.320202	2	64.676292	55.581478	27.810925	7.3820529	7.7062898	8	9	1	1	3	7.3140736	94.64959	5	11.582078	16.072514	87.5756	7.0063829	42.312801	2.3588483	62.826996	56.53577	39.571018	6.9615502	15.346202	3	7	.60000002	1	3.8	6.9887333	0	0	0	0	0	1	0	0	0	0	0	0	0	0	0	0	0	0	0	0	0	0	0	0	0	0	1	0	0	0	0	0	0	0	0	0	0	0	0	0	0	0	0	0	0	0	0	0	0	0	0	0	0	0	0	0	0	0	0	0	0	0	0	0	0
8	108	2008	26.283945	95.019768	0	11.625272	15.803009	65.734192	7.3390222	50.4058	1.9536732	122.57636	54.021606	24.35364	8.8745985	6.4189739	7	9	1	1	3.4000001	7.5037479	94.946968	0	11.625272	15.702121	74.231392	7.3533163	47.372601	2.1655319	125.62782	53.149841	60.594521	8.001606	6.5413661	7	9	1	1	3	7.1525559	0	0	0	0	0	0	0	1	0	0	0	0	0	0	0	0	0	0	0	0	0	0	0	0	0	0	0	1	0	0	0	0	0	0	0	0	0	0	0	0	0	0	0	0	0	0	0	0	0	0	0	0	0	0	0	0	0	0	0	0	0	0	0	0	0
6	113	1998	17.197527	91.105431	0	14.403297	19.152861	50.029701	6.9282956	39.422798	2.0526316	64.42363	34.519135	63.493999	10.120823	26.260979	-1.4	4.5999999	0	0	5.4000001	6.7254386	87.414795	3.2	14.403297	19.083052	56.864204	6.4803433	33.566002	1.1111112	48.349945	39.067059	38.237862	9.3846426	8.110364	-7	2	0	0	6.5999999	6.7999163	0	0	0	0	0	1	0	0	0	0	0	0	0	0	0	0	0	0	0	0	0	0	0	0	0	0	0	0	1	0	0	0	0	0	0	0	0	0	0	0	0	0	0	0	0	0	0	0	0	0	0	0	0	0	0	0	0	0	0	0	0	0	0	0	0
2	114	1978	33.099831	97.868752	4.8000002	14.285514	17.403452	80.098259	5.7519698	48.114601	3.4023612	58.993336	47.038937	17.851471	8.0519552	17.633394	-6.4000001	1	1	1	5.4000001	7.6674299	98.32428	0	14.285514	17.248455	82.033638	6.2098579	43.932999	2.6264832	69.416618	50.978256	12.281266	7.2934294	22.45796	-10	1	1	0	5.25	6.7103648	0	1	0	0	0	0	0	0	0	0	0	0	0	0	0	0	0	0	0	0	0	0	0	0	0	0	0	0	0	1	0	0	0	0	0	0	0	0	0	0	0	0	0	0	0	0	0	0	0	0	0	0	0	0	0	0	0	0	0	0	0	0	0	0	0
2	116	1978	47.489861	76.524849	0	11.140266	15.01522	52.439213	18.463022	54.6534	1.2310606	99.426918	46.905483	52.502041	8.0571175	14.63976	10	10	0	0	1	8.3530664	75.687317	0	11.140266	14.940146	53.747318	18.912039	52.869202	1.3118279	77.584419	46.210835	40.814419	6.7118773	13.083582	10	10	0	0	1	7.7221828	0	1	0	0	0	0	0	0	0	0	0	0	0	0	0	0	0	0	0	0	0	0	0	0	0	0	0	0	0	0	1	0	0	0	0	0	0	0	0	0	0	0	0	0	0	0	0	0	0	0	0	0	0	0	0	0	0	0	0	0	0	0	0	0	0
3	116	1983	58.184475	78.597885	0	11.140266	15.068274	50.079079	18.251135	55.898201	.58823532	101.1282	47.037086	69.164261	8.9913788	10.97984	10	10	0	0	1	8.6836796	76.524849	0	11.140266	15.01522	52.439213	18.463022	54.6534	1.2310606	99.426918	46.905483	52.502041	8.0571175	14.63976	10	10	0	0	1	8.3530664	0	0	1	0	0	0	0	0	0	0	0	0	0	0	0	0	0	0	0	0	0	0	0	0	0	0	0	0	0	0	1	0	0	0	0	0	0	0	0	0	0	0	0	0	0	0	0	0	0	0	0	0	0	0	0	0	0	0	0	0	0	0	0	0	0
4	116	1988	52.085056	78.3946	0	11.140266	15.068274	46.018696	18.383526	56.653599	0	105.28958	45.997787	85.725418	9.2980356	3.357199	10	10	0	0	1	9.2447815	78.597885	0	11.140266	15.068274	50.079079	18.251135	55.898201	.58823532	101.1282	47.037086	69.164261	8.9913788	10.97984	10	10	0	0	1	8.6836796	0	0	0	1	0	0	0	0	0	0	0	0	0	0	0	0	0	0	0	0	0	0	0	0	0	0	0	0	0	0	1	0	0	0	0	0	0	0	0	0	0	0	0	0	0	0	0	0	0	0	0	0	0	0	0	0	0	0	0	0	0	0	0	0	0
5	116	1993	47.920246	79.668594	0	11.140266	15.085176	40.093369	18.147898	57.5144	.5714286	121.67632	43.034554	90.204422	9.947897	2.90358	10	10	0	0	1	9.6504803	78.3946	0	11.140266	15.068274	46.018696	18.383526	56.653599	0	105.28958	45.997787	85.725418	9.2980356	3.357199	10	10	0	0	1	9.2447815	0	0	0	0	1	0	0	0	0	0	0	0	0	0	0	0	0	0	0	0	0	0	0	0	0	0	0	0	0	0	1	0	0	0	0	0	0	0	0	0	0	0	0	0	0	0	0	0	0	0	0	0	0	0	0	0	0	0	0	0	0	0	0	0	0
6	116	1998	34.732262	91.00457	0	11.140266	15.129031	34.371132	17.170162	58.655602	1.096096	159.19151	42.639381	55.541599	11.015464	3.790679	10	10	0	0	1	10.062995	79.668594	0	11.140266	15.085176	40.093369	18.147898	57.5144	.5714286	121.67632	43.034554	90.204422	9.947897	2.90358	10	10	0	0	1	9.6504803	0	0	0	0	0	1	0	0	0	0	0	0	0	0	0	0	0	0	0	0	0	0	0	0	0	0	0	0	0	0	1	0	0	0	0	0	0	0	0	0	0	0	0	0	0	0	0	0	0	0	0	0	0	0	0	0	0	0	0	0	0	0	0	0	0
7	116	2003	32.72176	91.14151	0	11.140266	15.206374	30.757744	16.301739	59.944599	2.0269413	161.40881	41.880947	31.10774	12.097045	3.985146	10	10	0	0	1	10.534817	91.00457	0	11.140266	15.129031	34.371132	17.170162	58.655602	1.096096	159.19151	42.639381	55.541599	11.015464	3.790679	10	10	0	0	1	10.062995	0	0	0	0	0	0	1	0	0	0	0	0	0	0	0	0	0	0	0	0	0	0	0	0	0	0	0	0	0	0	1	0	0	0	0	0	0	0	0	0	0	0	0	0	0	0	0	0	0	0	0	0	0	0	0	0	0	0	0	0	0	0	0	0	0
8	116	2008	46.550053	91.892303	0	11.140266	15.287707	30.821611	16.763935	61.329601	1.8402966	161.63548	40.894489	50.818661	12.234745	-.63050002	10	10	0	0	1	10.89273	91.14151	0	11.140266	15.206374	30.757744	16.301739	59.944599	2.0269413	161.40881	41.880947	31.10774	12.097045	3.985146	10	10	0	0	1	10.534817	0	0	0	0	0	0	0	1	0	0	0	0	0	0	0	0	0	0	0	0	0	0	0	0	0	0	0	0	0	0	1	0	0	0	0	0	0	0	0	0	0	0	0	0	0	0	0	0	0	0	0	0	0	0	0	0	0	0	0	0	0	0	0	0	0
3	118	1983	79.438248	92.569603	5.1999998	9.9822989	15.191422	56.617836	14.883012	89.330002	1.5006254	75.898361	40.183601	247.80034	7.1060214	209.4744	9	9	0	0	2	8.8573093	91.589333	2	9.9822989	15.090338	55.906982	14.202583	87.806999	2.1938405	80.724854	36.173977	136.55122	6.8092322	67.768181	9	9	0	0	2	8.5336876	0	0	1	0	0	0	0	0	0	0	0	0	0	0	0	0	0	0	0	0	0	0	0	0	0	0	0	0	0	0	0	1	0	0	0	0	0	0	0	0	0	0	0	0	0	0	0	0	0	0	0	0	0	0	0	0	0	0	0	0	0	0	0	0	0
4	118	1988	54.249752	90.326767	6	9.9822989	15.273584	54.018524	14.713693	90.146599	2.2847412	68.012321	40.74968	147.34261	7.5801206	25.191481	9	9	0	0	2	9.2588511	92.569603	5.1999998	9.9822989	15.191422	56.617836	14.883012	89.330002	1.5006254	75.898361	40.183601	247.80034	7.1060214	209.4744	9	9	0	0	2	8.8573093	0	0	0	1	0	0	0	0	0	0	0	0	0	0	0	0	0	0	0	0	0	0	0	0	0	0	0	0	0	0	0	1	0	0	0	0	0	0	0	0	0	0	0	0	0	0	0	0	0	0	0	0	0	0	0	0	0	0	0	0	0	0	0	0	0
5	118	1993	47.377254	86.40995	2	9.9822989	15.419605	49.14407	15.470942	90.6632	3.1994328	63.251881	41.944382	114.795	8.2580938	14.90321	9	9	0	0	1.4	9.6533365	90.326767	6	9.9822989	15.273584	54.018524	14.713693	90.146599	2.2847412	68.012321	40.74968	147.34261	7.5801206	25.191481	9	9	0	0	2	9.2588511	0	0	0	0	1	0	0	0	0	0	0	0	0	0	0	0	0	0	0	0	0	0	0	0	0	0	0	0	0	0	0	1	0	0	0	0	0	0	0	0	0	0	0	0	0	0	0	0	0	0	0	0	0	0	0	0	0	0	0	0	0	0	0	0	0
6	118	1998	50.373932	87.602516	2	9.9822989	15.565928	45.981419	16.140867	91.068199	2.7568762	67.16922	43.826729	95.919998	9.4378862	6.6005578	9.3999996	9.3999996	.80000001	0	1	9.872776	86.40995	2	9.9822989	15.419605	49.14407	15.470942	90.6632	3.1994328	63.251881	41.944382	114.795	8.2580938	14.90321	9	9	0	0	1.4	9.6533365	0	0	0	0	0	1	0	0	0	0	0	0	0	0	0	0	0	0	0	0	0	0	0	0	0	0	0	0	0	0	0	1	0	0	0	0	0	0	0	0	0	0	0	0	0	0	0	0	0	0	0	0	0	0	0	0	0	0	0	0	0	0	0	0	0
7	118	2003	49.771755	93.040947	2	9.9822989	15.665112	45.066906	16.182114	91.391998	1.8381157	76.736954	44.849037	95.728416	10.02521	1.2908884	10	10	.2	0	1	9.8687725	87.602516	2	9.9822989	15.565928	45.981419	16.140867	91.068199	2.7568762	67.16922	43.826729	95.919998	9.4378862	6.6005578	9.3999996	9.3999996	.80000001	0	1	9.872776	0	0	0	0	0	0	1	0	0	0	0	0	0	0	0	0	0	0	0	0	0	0	0	0	0	0	0	0	0	0	0	1	0	0	0	0	0	0	0	0	0	0	0	0	0	0	0	0	0	0	0	0	0	0	0	0	0	0	0	0	0	0	0	0	0
6	120	1998	20.494514	100	.40000001	12.669806	16.574409	77.240349	5.4406266	42.608601	2.7619047	74.65564	43.991074	98.65284	7.4827771	2.9915423	-3	3	1	1	6	6.6234975	100	0	12.669806	16.438723	82.64817	5.1541634	40.464001	3.2051282	59.862957	38.188023	124.9748	6.8716908	12.844748	-6.5999999	2	1	1	6	6.656867	0	0	0	0	0	1	0	0	0	0	0	0	0	0	0	0	0	0	0	0	0	0	0	0	0	0	0	0	0	0	0	0	1	0	0	0	0	0	0	0	0	0	0	0	0	0	0	0	0	0	0	0	0	0	0	0	0	0	0	0	0	0	0	0	0
7	120	2003	20.00223	100	2	12.669806	16.671587	76.066956	6.0300283	45.518002	1.25	81.264236	46.206551	86.30452	8.1502571	3.0956423	.80000001	6	1	1	5.8000002	6.7086682	100	.40000001	12.669806	16.574409	77.240349	5.4406266	42.608601	2.7619047	74.65564	43.991074	98.65284	7.4827771	2.9915423	-3	3	1	1	6	6.6234975	0	0	0	0	0	0	1	0	0	0	0	0	0	0	0	0	0	0	0	0	0	0	0	0	0	0	0	0	0	0	0	0	1	0	0	0	0	0	0	0	0	0	0	0	0	0	0	0	0	0	0	0	0	0	0	0	0	0	0	0	0	0	0	0	0
2	121	1978	26.695105	100	0	9.2900753	14.547689	82.369431	12.324342	45.648602	1	77.554314	69.791168	64.825478	7.4902077	16.843519	10	10	0	1	1.8	7.3248167	100	0	9.2900753	14.48814	96.625938	11.756398	42.937401	1.0526316	71.649307	63.533436	21.362101	7.4024096	16.058804	10	10	0	1	1	7.0885878	0	1	0	0	0	0	0	0	0	0	0	0	0	0	0	0	0	0	0	0	0	0	0	0	0	0	0	0	0	0	0	0	0	1	0	0	0	0	0	0	0	0	0	0	0	0	0	0	0	0	0	0	0	0	0	0	0	0	0	0	0	0	0	0	0
3	121	1983	31.852036	100	0	9.2900753	14.621749	70.007713	12.537189	47.75	1.8614719	97.712112	67.894119	134.6828	7.1032228	19.609547	10	10	0	1	2	7.2593122	100	0	9.2900753	14.547689	82.369431	12.324342	45.648602	1	77.554314	69.791168	64.825478	7.4902077	16.843519	10	10	0	1	1.8	7.3248167	0	0	1	0	0	0	0	0	0	0	0	0	0	0	0	0	0	0	0	0	0	0	0	0	0	0	0	0	0	0	0	0	0	1	0	0	0	0	0	0	0	0	0	0	0	0	0	0	0	0	0	0	0	0	0	0	0	0	0	0	0	0	0	0	0
6	121	1998	32.72184	100	0	9.2900753	14.74749	55.803394	12.363029	51.3344	.80000001	87.516357	52.390564	77.742119	7.9987059	14.046152	9	9	0	1	2	8.1125317	100	0	9.2900753	14.699143	58.904728	12.409148	50.146599	.83333331	110.26394	54.304173	87.449875	7.2360587	39.10014	9.3999996	9.3999996	0	1	2	7.6479311	0	0	0	0	0	1	0	0	0	0	0	0	0	0	0	0	0	0	0	0	0	0	0	0	0	0	0	0	0	0	0	0	0	1	0	0	0	0	0	0	0	0	0	0	0	0	0	0	0	0	0	0	0	0	0	0	0	0	0	0	0	0	0	0	0
7	121	2003	34.13031	99.303375	0	9.2900753	14.786119	52.396156	12.522112	51.941799	0	86.936142	48.824421	104.05102	8.5585909	7.4182601	9	9	0	1	2	8.230443	100	0	9.2900753	14.74749	55.803394	12.363029	51.3344	.80000001	87.516357	52.390564	77.742119	7.9987059	14.046152	9	9	0	1	2	8.1125317	0	0	0	0	0	0	1	0	0	0	0	0	0	0	0	0	0	0	0	0	0	0	0	0	0	0	0	0	0	0	0	0	0	1	0	0	0	0	0	0	0	0	0	0	0	0	0	0	0	0	0	0	0	0	0	0	0	0	0	0	0	0	0	0	0
3	123	1983	26.870132	100	0	11.387815	14.769539	98.270859	7.8079281	63.730999	3.4119895	125.99454	36.724289	38.074799	6.3584733	5.8276548	-9.6000004	1	1	1	5.5999999	7.5068054	100	0	11.387815	14.594251	100.11525	7.1138353	59.023399	4.1161237	118.72676	38.23571	38.178082	5.0618186	5.3960438	-10	1	1	1	6	7.0490937	0	0	1	0	0	0	0	0	0	0	0	0	0	0	0	0	0	0	0	0	0	0	0	0	0	0	0	0	0	0	0	0	0	0	1	0	0	0	0	0	0	0	0	0	0	0	0	0	0	0	0	0	0	0	0	0	0	0	0	0	0	0	0	0	0
4	123	1988	29.251131	100	0	11.387815	14.957995	95.690178	7.5676208	69.841003	4.2487288	115.78963	38.819405	219.73399	6.5687742	8.427	-7	3	1	1	5.1999998	7.4243841	100	0	11.387815	14.769539	98.270859	7.8079281	63.730999	3.4119895	125.99454	36.724289	38.074799	6.3584733	5.8276548	-9.6000004	1	1	1	5.5999999	7.5068054	0	0	0	1	0	0	0	0	0	0	0	0	0	0	0	0	0	0	0	0	0	0	0	0	0	0	0	0	0	0	0	0	0	0	1	0	0	0	0	0	0	0	0	0	0	0	0	0	0	0	0	0	0	0	0	0	0	0	0	0	0	0	0	0	0
5	123	1993	32.000359	100	0	11.387815	15.199294	81.065903	6.2251506	75.910599	5.6123843	130.07671	45.526192	145.6976	6.5200448	3.9289939	-2.4000001	8.3999996	1	1	3.8	7.2359366	100	0	11.387815	14.957995	95.690178	7.5676208	69.841003	4.2487288	115.78963	38.819405	219.73399	6.5687742	8.427	-7	3	1	1	5.1999998	7.4243841	0	0	0	0	1	0	0	0	0	0	0	0	0	0	0	0	0	0	0	0	0	0	0	0	0	0	0	0	0	0	0	0	0	0	1	0	0	0	0	0	0	0	0	0	0	0	0	0	0	0	0	0	0	0	0	0	0	0	0	0	0	0	0	0	0
6	123	1998	32.49995	100	0	11.387815	15.358496	71.34935	5.7572474	79.230797	2.7111821	115.19942	39.025131	107.695	7.3687253	1.700487	-2	9	1	1	4	7.4092836	100	0	11.387815	15.199294	81.065903	6.2251506	75.910599	5.6123843	130.07671	45.526192	145.6976	6.5200448	3.9289939	-2.4000001	8.3999996	1	1	3.8	7.2359366	0	0	0	0	0	1	0	0	0	0	0	0	0	0	0	0	0	0	0	0	0	0	0	0	0	0	0	0	0	0	0	0	0	0	1	0	0	0	0	0	0	0	0	0	0	0	0	0	0	0	0	0	0	0	0	0	0	0	0	0	0	0	0	0	0
7	123	2003	34.311161	100	0	11.387815	15.444366	64.692993	5.9861312	80.629402	2.3868039	124.11362	40.371578	94.393661	8.691781	1.7867264	-2	9	1	1	5.1999998	7.625474	100	0	11.387815	15.358496	71.34935	5.7572474	79.230797	2.7111821	115.19942	39.025131	107.695	7.3687253	1.700487	-2	9	1	1	4	7.4092836	0	0	0	0	0	0	1	0	0	0	0	0	0	0	0	0	0	0	0	0	0	0	0	0	0	0	0	0	0	0	0	0	0	0	1	0	0	0	0	0	0	0	0	0	0	0	0	0	0	0	0	0	0	0	0	0	0	0	0	0	0	0	0	0	0
8	123	2008	36.167862	96.73671	0	11.390256	15.579387	63.518909	6.4817977	81.954597	2.1323309	132.27498	39.367809	68.331779	9.8323708	9.364974	-2.8	8.1999998	1	1	5.4000001	8.1603222	100	0	11.387815	15.444366	64.692993	5.9861312	80.629402	2.3868039	124.11362	40.371578	94.393661	8.691781	1.7867264	-2	9	1	1	5.1999998	7.625474	0	0	0	0	0	0	0	1	0	0	0	0	0	0	0	0	0	0	0	0	0	0	0	0	0	0	0	0	0	0	0	0	0	0	1	0	0	0	0	0	0	0	0	0	0	0	0	0	0	0	0	0	0	0	0	0	0	0	0	0	0	0	0	0	0
5	136	1993	52.586052	100	0	10.320881	14.369002	83.595909	8.3713989	15.7598	2.4264705	141.12668	62.045296	77.735748	4.8756027	12.344764	2	4.5999999	.60000002	1	4.5999999	6.0428209	100	0	10.320881	14.272607	85.666199	8.0682621	13.081	1.3333334	141.61945	60.813839	85.141121	3.746017	14.8972	-7	1	1	1	5.5999999	5.5551376	0	0	0	0	1	0	0	0	0	0	0	0	0	0	0	0	0	0	0	0	0	0	0	0	0	0	0	0	0	0	0	0	0	0	0	1	0	0	0	0	0	0	0	0	0	0	0	0	0	0	0	0	0	0	0	0	0	0	0	0	0	0	0	0	0
6	136	1998	56.858997	100	0	10.320881	14.45681	78.352592	8.3123035	18.7652	1.1111112	172.76833	61.518963	88.35318	6.9960785	7.900692	4.4000001	7	0	1	4	6.0554976	100	0	10.320881	14.369002	83.595909	8.3713989	15.7598	2.4264705	141.12668	62.045296	77.735748	4.8756027	12.344764	2	4.5999999	.60000002	1	4.5999999	6.0428209	0	0	0	0	0	1	0	0	0	0	0	0	0	0	0	0	0	0	0	0	0	0	0	0	0	0	0	0	0	0	0	0	0	0	0	1	0	0	0	0	0	0	0	0	0	0	0	0	0	0	0	0	0	0	0	0	0	0	0	0	0	0	0	0	0
7	136	2003	50.527931	99.931732	0	10.320881	14.518415	72.825935	8.0638189	21.954399	0	191.12596	52.756508	83.822258	7.3313789	7.1987462	7.5999999	7	0	1	2.4000001	6.1456337	100	0	10.320881	14.45681	78.352592	8.3123035	18.7652	1.1111112	172.76833	61.518963	88.35318	6.9960785	7.900692	4.4000001	7	0	1	4	6.0554976	0	0	0	0	0	0	1	0	0	0	0	0	0	0	0	0	0	0	0	0	0	0	0	0	0	0	0	0	0	0	0	0	0	0	0	1	0	0	0	0	0	0	0	0	0	0	0	0	0	0	0	0	0	0	0	0	0	0	0	0	0	0	0	0	0
8	137	2008	18.042725	100	0	11.475431	15.110773	80.75441	5.1270175	47.101002	3.9303253	111.7037	43.831108	310.42566	8.2192955	11.344724	6	8	1	1	3	5.504631	100	.60000002	11.475431	14.926808	80.363617	4.8970866	45.362999	2.6264832	71.605835	40.9883	428.54221	7.9511395	5.1244078	1.8	6	.60000002	.40000001	5.4000001	5.1528273	0	0	0	0	0	0	0	1	0	0	0	0	0	0	0	0	0	0	0	0	0	0	0	0	0	0	0	0	0	0	0	0	0	0	0	0	1	0	0	0	0	0	0	0	0	0	0	0	0	0	0	0	0	0	0	0	0	0	0	0	0	0	0	0	0
2	145	1978	21.976458	100	0	12.702444	16.410103	71.646484	6.3412428	40.287201	3.2051282	91.485611	62.519802	43.648361	8.2870674	8.7372017	4	6	0	1	3	7.2102575	100	0	12.702444	16.265614	81.789604	6.4688215	35.972801	1.8181819	77.234703	52.376766	41.15712	7.53266	5.4751477	4	6	0	1	2.5	6.4390483	0	1	0	0	0	0	0	0	0	0	0	0	0	0	0	0	0	0	0	0	0	0	0	0	0	0	0	0	0	0	0	0	0	0	0	0	0	1	0	0	0	0	0	0	0	0	0	0	0	0	0	0	0	0	0	0	0	0	0	0	0	0	0	0	0
3	145	1983	26.71958	96.137764	0	12.702444	16.522671	66.54705	6.2339339	44.353401	2.7619047	100.0918	59.322937	71.365936	8.7479057	2.56304	4	6	0	1	3	7.6568656	100	0	12.702444	16.410103	71.646484	6.3412428	40.287201	3.2051282	91.485611	62.519802	43.648361	8.2870674	8.7372017	4	6	0	1	3	7.2102575	0	0	1	0	0	0	0	0	0	0	0	0	0	0	0	0	0	0	0	0	0	0	0	0	0	0	0	0	0	0	0	0	0	0	0	0	0	1	0	0	0	0	0	0	0	0	0	0	0	0	0	0	0	0	0	0	0	0	0	0	0	0	0	0	0
4	145	1988	30.852005	84.142181	0	12.702444	16.659462	64.045654	6.1357126	48.233601	2.4264705	116.23418	47.021152	97.671898	8.9291201	1.756318	4	6	0	1	4	7.694006	96.137764	0	12.702444	16.522671	66.54705	6.2339339	44.353401	2.7619047	100.0918	59.322937	71.365936	8.7479057	2.56304	4	6	0	1	3	7.6568656	0	0	0	1	0	0	0	0	0	0	0	0	0	0	0	0	0	0	0	0	0	0	0	0	0	0	0	0	0	0	0	0	0	0	0	0	0	1	0	0	0	0	0	0	0	0	0	0	0	0	0	0	0	0	0	0	0	0	0	0	0	0	0	0	0
5	145	1993	29.297132	82.55732	0	12.702444	16.800484	60.537128	6.0947676	53.330399	3.1637428	155.47279	46.101658	55.674721	9.8705845	3.51141	3.8	6	0	1	4.4000001	8.1997633	84.142181	0	12.702444	16.659462	64.045654	6.1357126	48.233601	2.4264705	116.23418	47.021152	97.671898	8.9291201	1.756318	4	6	0	1	4	7.694006	0	0	0	0	1	0	0	0	0	0	0	0	0	0	0	0	0	0	0	0	0	0	0	0	0	0	0	0	0	0	0	0	0	0	0	0	0	1	0	0	0	0	0	0	0	0	0	0	0	0	0	0	0	0	0	0	0	0	0	0	0	0	0	0	0
6	145	1998	24.067877	88.055107	0	12.702444	16.91503	55.228634	6.0514002	59.461399	1.8614719	189.43867	45.564854	35.04142	10.318417	4.9123716	3	6	0	1	4.5999999	8.3547678	82.55732	0	12.702444	16.800484	60.537128	6.0947676	53.330399	3.1637428	155.47279	46.101658	55.674721	9.8705845	3.51141	3.8	6	0	1	4.4000001	8.1997633	0	0	0	0	0	1	0	0	0	0	0	0	0	0	0	0	0	0	0	0	0	0	0	0	0	0	0	0	0	0	0	0	0	0	0	0	0	1	0	0	0	0	0	0	0	0	0	0	0	0	0	0	0	0	0	0	0	0	0	0	0	0	0	0	0
7	145	2003	28.109571	94.579735	0	12.702444	17.04191	51.582932	6.4762492	65.3358	2.5028985	195.95184	40.298409	43.925739	10.592957	3.9436159	3	6	0	1	4.5999999	8.4470263	88.055107	0	12.702444	16.91503	55.228634	6.0514002	59.461399	1.8614719	189.43867	45.564854	35.04142	10.318417	4.9123716	3	6	0	1	4.5999999	8.3547678	0	0	0	0	0	0	1	0	0	0	0	0	0	0	0	0	0	0	0	0	0	0	0	0	0	0	0	0	0	0	0	0	0	0	0	0	0	1	0	0	0	0	0	0	0	0	0	0	0	0	0	0	0	0	0	0	0	0	0	0	0	0	0	0	0
3	152	1983	24.305607	100	0	7.6157908	13.807221	52.097206	6.2146258	42.3354	.69592375	98.319626	48.976788	63.57848	3.1330955	8.7658062	9.8000002	9.8000002	0	1	2	7.0182061	101.665	0	7.6157908	13.749168	62.640289	5.5054007	42.7878	1.606733	103.1947	50.442619	37.390999	2.9436486	15.959328	9	9	0	1	2.4000001	6.9557581	0	0	1	0	0	0	0	0	0	0	0	0	0	0	0	0	0	0	0	0	0	0	0	0	0	0	0	0	0	0	0	0	0	0	0	0	0	0	1	0	0	0	0	0	0	0	0	0	0	0	0	0	0	0	0	0	0	0	0	0	0	0	0	0	0
4	152	1988	20.395054	99.156296	0	7.6157908	13.834573	46.39222	6.6397991	43.27	2	130.96831	45.814316	53.8195	4.4455504	10.598532	10	10	0	1	2	7.5732145	100	0	7.6157908	13.807221	52.097206	6.2146258	42.3354	.69592375	98.319626	48.976788	63.57848	3.1330955	8.7658062	9.8000002	9.8000002	0	1	2	7.0182061	0	0	0	1	0	0	0	0	0	0	0	0	0	0	0	0	0	0	0	0	0	0	0	0	0	0	0	0	0	0	0	0	0	0	0	0	0	0	1	0	0	0	0	0	0	0	0	0	0	0	0	0	0	0	0	0	0	0	0	0	0	0	0	0	0
5	152	1993	23.038685	95.408318	0	7.6157908	13.910821	42.776096	7.1508589	43.530399	0	122.9836	45.358845	48.50106	5.3314548	7.0197058	10	10	0	1	1.2	8.028636	99.156296	0	7.6157908	13.834573	46.39222	6.6397991	43.27	2	130.96831	45.814316	53.8195	4.4455504	10.598532	10	10	0	1	2	7.5732145	0	0	0	0	1	0	0	0	0	0	0	0	0	0	0	0	0	0	0	0	0	0	0	0	0	0	0	0	0	0	0	0	0	0	0	0	0	0	1	0	0	0	0	0	0	0	0	0	0	0	0	0	0	0	0	0	0	0	0	0	0	0	0	0	0
6	152	1998	23.03092	96.222809	0	7.6157908	13.997832	40.266445	8.0212269	42.9156	1.8181819	127.78518	51.347389	47.797024	5.8802009	5.2913518	10	10	0	1	1	8.2262764	95.408318	0	7.6157908	13.910821	42.776096	7.1508589	43.530399	0	122.9836	45.358845	48.50106	5.3314548	7.0197058	10	10	0	1	1.2	8.028636	0	0	0	0	0	1	0	0	0	0	0	0	0	0	0	0	0	0	0	0	0	0	0	0	0	0	0	0	0	0	0	0	0	0	0	0	0	0	1	0	0	0	0	0	0	0	0	0	0	0	0	0	0	0	0	0	0	0	0	0	0	0	0	0	0
7	152	2003	23.265682	98.769501	0	7.6157908	14.013841	37.511829	8.6639509	42.375999	0	118.28712	47.536617	52.035561	6.5017147	5.803596	10	10	0	1	1	8.422534	96.222809	0	7.6157908	13.997832	40.266445	8.0212269	42.9156	1.8181819	127.78518	51.347389	47.797024	5.8802009	5.2913518	10	10	0	1	1	8.2262764	0	0	0	0	0	0	1	0	0	0	0	0	0	0	0	0	0	0	0	0	0	0	0	0	0	0	0	0	0	0	0	0	0	0	0	0	0	0	1	0	0	0	0	0	0	0	0	0	0	0	0	0	0	0	0	0	0	0	0	0	0	0	0	0	0
8	152	2008	23.010618	98.816467	0	7.6157908	14.077875	32.751663	9.2396231	41.9394	1.6666666	119.81816	39.179001	48.178341	9.1432562	5.3987284	10	10	0	1	1	8.7936859	98.769501	0	7.6157908	14.013841	37.511829	8.6639509	42.375999	0	118.28712	47.536617	52.035561	6.5017147	5.803596	10	10	0	1	1	8.422534	0	0	0	0	0	0	0	1	0	0	0	0	0	0	0	0	0	0	0	0	0	0	0	0	0	0	0	0	0	0	0	0	0	0	0	0	0	0	1	0	0	0	0	0	0	0	0	0	0	0	0	0	0	0	0	0	0	0	0	0	0	0	0	0	0
6	158	1998	28.84103	66.773804	0	14.285514	14.673956	62.218639	6.3527927	57.001801	.86956519	100.33578	35.484486	66.710739	4.4106526	10.68588	10	10	1	1	2	6.2363329	63.731499	0	14.285514	14.639529	70.090218	7.1629195	56.896198	.90909094	92.454865	34.413368	39.573502	2.2112749	142.09996	7.5999999	7.8000002	.40000001	1	2.2	6.5488863	0	0	0	0	0	1	0	0	0	0	0	0	0	0	0	0	0	0	0	0	0	0	0	0	0	0	0	0	0	0	0	0	0	0	0	0	0	0	0	1	0	0	0	0	0	0	0	0	0	0	0	0	0	0	0	0	0	0	0	0	0	0	0	0	0
7	158	2003	33.626595	83.173386	0	14.285514	14.723637	49.012894	5.9477992	60.349602	.83333331	121.66916	33.576054	78.358078	5.9250851	12.768938	10	10	1	1	2	6.5270362	66.773804	0	14.285514	14.673956	62.218639	6.3527927	57.001801	.86956519	100.33578	35.484486	66.710739	4.4106526	10.68588	10	10	1	1	2	6.2363329	0	0	0	0	0	0	1	0	0	0	0	0	0	0	0	0	0	0	0	0	0	0	0	0	0	0	0	0	0	0	0	0	0	0	0	0	0	0	0	1	0	0	0	0	0	0	0	0	0	0	0	0	0	0	0	0	0	0	0	0	0	0	0	0	0
8	158	2008	35.378639	93.513397	0	14.285514	14.80094	41.155518	5.9167123	65.537804	1.5692308	115.37478	33.747532	42.4646	7.6475511	15.38484	10	10	1	.60000002	2	7.4754753	83.173386	0	14.285514	14.723637	49.012894	5.9477992	60.349602	.83333331	121.66916	33.576054	78.358078	5.9250851	12.768938	10	10	1	1	2	6.5270362	0	0	0	0	0	0	0	1	0	0	0	0	0	0	0	0	0	0	0	0	0	0	0	0	0	0	0	0	0	0	0	0	0	0	0	0	0	0	0	1	0	0	0	0	0	0	0	0	0	0	0	0	0	0	0	0	0	0	0	0	0	0	0	0	0
3	161	1983	22.060642	100	3	13.008747	16.868883	77.26265	7.6005535	43.351398	1.9523809	57.286133	46.134834	94.67028	6.3116231	8.255806	-8	2	1	1	4	6.6054544	100	3	13.008747	16.748581	85.760368	7.6326928	39.8116	2.1637428	51.741394	62.847996	54.577721	6.1433206	9.3460217	-8.1999998	2	1	1	3.8	6.6843019	0	0	1	0	0	0	0	0	0	0	0	0	0	0	0	0	0	0	0	0	0	0	0	0	0	0	0	0	0	0	0	0	0	0	0	0	0	0	0	0	1	0	0	0	0	0	0	0	0	0	0	0	0	0	0	0	0	0	0	0	0	0	0	0	0
4	161	1988	20.858759	100	2.4000001	13.008747	16.984705	72.909851	6.9236054	46.946201	2.6119895	52.963001	37.80571	105.1272	6.8393469	5.8015318	-8	2	1	1	4	6.8956056	100	3	13.008747	16.868883	77.26265	7.6005535	43.351398	1.9523809	57.286133	46.134834	94.67028	6.3116231	8.255806	-8	2	1	1	4	6.6054544	0	0	0	1	0	0	0	0	0	0	0	0	0	0	0	0	0	0	0	0	0	0	0	0	0	0	0	0	0	0	0	0	0	0	0	0	0	0	0	0	1	0	0	0	0	0	0	0	0	0	0	0	0	0	0	0	0	0	0	0	0	0	0	0	0
8	161	2008	33.760956	97.596741	0	13.008747	17.262197	43.902161	8.2223845	55.993599	1.3118279	77.430534	41.389084	51.956402	10.564976	2.6941781	-6	3	1	1	5	7.8655572	97.467918	0	13.008747	17.203148	49.737247	7.9544897	54.316002	.68965518	63.56942	40.853062	65.234138	9.6439915	1.021059	-6	3	1	1	5	7.3878269	0	0	0	0	0	0	0	1	0	0	0	0	0	0	0	0	0	0	0	0	0	0	0	0	0	0	0	0	0	0	0	0	0	0	0	0	0	0	0	0	1	0	0	0	0	0	0	0	0	0	0	0	0	0	0	0	0	0	0	0	0	0	0	0	0
6	164	1998	32.971107	100	0	13.621064	14.413492	73.624168	6.0472207	31.349001	2.2875817	91.410416	65.970596	21.31946	7.3381548	9.851512	6	9	1	0	2	7.6981916	100	0	13.621064	14.271824	78.846542	6.2449484	28.950199	4.0119047	97.886063	68.402283	18.542433	7.4909329	10.444088	6	9	.2	0	2	7.6857958	0	0	0	0	0	1	0	0	0	0	0	0	0	0	0	0	0	0	0	0	0	0	0	0	0	0	0	0	0	0	0	0	0	0	0	0	0	0	0	0	0	1	0	0	0	0	0	0	0	0	0	0	0	0	0	0	0	0	0	0	0	0	0	0	0
7	164	2003	31.380644	100	0	13.621064	14.508157	69.250969	5.9630241	33.974998	1.0526316	88.287178	65.064415	25.245899	7.6398802	6.0856061	6	9	1	0	2	7.7997136	100	0	13.621064	14.413492	73.624168	6.0472207	31.349001	2.2875817	91.410416	65.970596	21.31946	7.3381548	9.851512	6	9	1	0	2	7.6981916	0	0	0	0	0	0	1	0	0	0	0	0	0	0	0	0	0	0	0	0	0	0	0	0	0	0	0	0	0	0	0	0	0	0	0	0	0	0	0	0	0	1	0	0	0	0	0	0	0	0	0	0	0	0	0	0	0	0	0	0	0	0	0	0	0
2	167	1978	61.459484	75.880028	0	10.427032	16.454567	36.744022	17.194124	64.120201	0	96.774307	39.665787	40.740002	9.6481276	5.7897878	10	10	0	0	1	9.2136135	91.827393	0	10.427032	16.395281	41.888458	16.621166	62.575001	1.5384616	92.672844	42.555042	41.82	8.8496847	9.304204	10	10	0	0	1	8.4672995	0	1	0	0	0	0	0	0	0	0	0	0	0	0	0	0	0	0	0	0	0	0	0	0	0	0	0	0	0	0	0	0	0	0	0	0	0	0	0	0	0	0	1	0	0	0	0	0	0	0	0	0	0	0	0	0	0	0	0	0	0	0	0	0	0
3	167	1983	69.555611	75.849846	0	10.427032	16.454567	30.858097	17.413576	65.929398	0	113.09404	37.871059	58.720001	9.8574629	3.1151626	10	10	0	0	1	9.1978617	75.880028	0	10.427032	16.454567	36.744022	17.194124	64.120201	0	96.774307	39.665787	40.740002	9.6481276	5.7897878	10	10	0	0	1	9.2136135	0	0	1	0	0	0	0	0	0	0	0	0	0	0	0	0	0	0	0	0	0	0	0	0	0	0	0	0	0	0	0	0	0	0	0	0	0	0	0	0	0	0	1	0	0	0	0	0	0	0	0	0	0	0	0	0	0	0	0	0	0	0	0	0	0
4	167	1988	66.686737	77.349098	0	10.427032	16.523561	27.132849	18.103155	67.898003	1.4285715	105.47824	38.984543	74.32	10.80644	.57829762	10	10	0	0	1	9.6807966	75.849846	0	10.427032	16.454567	30.858097	17.413576	65.929398	0	113.09404	37.871059	58.720001	9.8574629	3.1151626	10	10	0	0	1	9.1978617	0	0	0	1	0	0	0	0	0	0	0	0	0	0	0	0	0	0	0	0	0	0	0	0	0	0	0	0	0	0	0	0	0	0	0	0	0	0	0	0	0	0	1	0	0	0	0	0	0	0	0	0	0	0	0	0	0	0	0	0	0	0	0	0	0
5	167	1993	64.725304	77.254364	0	10.427032	16.523561	26.594475	18.988779	71.160202	0	108.38414	41.539242	76.800003	11.346703	2.2675481	10	10	0	0	1	10.030482	77.349098	0	10.427032	16.523561	27.132849	18.103155	67.898003	1.4285715	105.47824	38.984543	74.32	10.80644	.57829762	10	10	0	0	1	9.6807966	0	0	0	0	1	0	0	0	0	0	0	0	0	0	0	0	0	0	0	0	0	0	0	0	0	0	0	0	0	0	0	0	0	0	0	0	0	0	0	0	0	0	1	0	0	0	0	0	0	0	0	0	0	0	0	0	0	0	0	0	0	0	0	0	0
6	167	1998	46.76857	88.742836	0	10.427032	16.588099	27.212521	19.692844	75.203796	1.3333334	122.37512	40.523407	64.580002	12.008492	2.3499601	10	10	0	0	1	10.147489	77.254364	0	10.427032	16.523561	26.594475	18.988779	71.160202	0	108.38414	41.539242	76.800003	11.346703	2.2675481	10	10	0	0	1	10.030482	0	0	0	0	0	1	0	0	0	0	0	0	0	0	0	0	0	0	0	0	0	0	0	0	0	0	0	0	0	0	0	0	0	0	0	0	0	0	0	0	0	0	1	0	0	0	0	0	0	0	0	0	0	0	0	0	0	0	0	0	0	0	0	0	0
7	167	2003	45.908306	88.181664	0	10.427032	16.588099	27.410679	20.420481	78.8228	0	125.28268	47.305305	51.484482	12.918883	2.8527882	10	10	0	0	1	10.37402	88.742836	0	10.427032	16.588099	27.212521	19.692844	75.203796	1.3333334	122.37512	40.523407	64.580002	12.008492	2.3499601	10	10	0	0	1	10.147489	0	0	0	0	0	0	1	0	0	0	0	0	0	0	0	0	0	0	0	0	0	0	0	0	0	0	0	0	0	0	0	0	0	0	0	0	0	0	0	0	0	0	1	0	0	0	0	0	0	0	0	0	0	0	0	0	0	0	0	0	0	0	0	0	0
8	167	2008	47.786098	89.190117	0	10.426677	16.624474	26.795153	21.851635	81.717003	1.25	140.15427	49.336761	55.065361	13.361228	1.3333036	10	10	0	0	1	10.76238	88.181664	0	10.427032	16.588099	27.410679	20.420481	78.8228	0	125.28268	47.305305	51.484482	12.918883	2.8527882	10	10	0	0	1	10.37402	0	0	0	0	0	0	0	1	0	0	0	0	0	0	0	0	0	0	0	0	0	0	0	0	0	0	0	0	0	0	0	0	0	0	0	0	0	0	0	0	0	0	1	0	0	0	0	0	0	0	0	0	0	0	0	0	0	0	0	0	0	0	0	0	0
2	171	1978	35.205711	94.428009	0	12.481088	14.946913	45.530117	14.938543	83.166397	0	56.390678	36.428322	49.30048	7.5342164	15.99238	10	10	0	1	1	8.6573563	100	0	12.481088	14.90712	50.764847	14.141648	82.106796	2.0706077	49.094925	34.17625	44.890442	7.4878664	9.9154396	10	10	0	1	1	8.2315769	0	1	0	0	0	0	0	0	0	0	0	0	0	0	0	0	0	0	0	0	0	0	0	0	0	0	0	0	0	0	0	0	0	0	0	0	0	0	0	0	0	0	0	1	0	0	0	0	0	0	0	0	0	0	0	0	0	0	0	0	0	0	0	0	0
3	171	1983	37.984653	98.240044	0	12.481088	14.984816	39.812305	15.714231	83.574997	.64516127	60.883705	38.320747	59.264	7.311089	11.501166	10	10	0	1	1	8.9298658	94.428009	0	12.481088	14.946913	45.530117	14.938543	83.166397	0	56.390678	36.428322	49.30048	7.5342164	15.99238	10	10	0	1	1	8.6573563	0	0	1	0	0	0	0	0	0	0	0	0	0	0	0	0	0	0	0	0	0	0	0	0	0	0	0	0	0	0	0	0	0	0	0	0	0	0	0	0	0	0	0	1	0	0	0	0	0	0	0	0	0	0	0	0	0	0	0	0	0	0	0	0	0
4	171	1988	40.665359	100	0	12.481088	15.021374	36.171631	16.437733	84.3144	.625	50.89732	40.494888	65.836983	8.2488451	8.8361578	10	10	0	1	1	9.3947811	98.240044	0	12.481088	14.984816	39.812305	15.714231	83.574997	.64516127	60.883705	38.320747	59.264	7.311089	11.501166	10	10	0	1	1	8.9298658	0	0	0	1	0	0	0	0	0	0	0	0	0	0	0	0	0	0	0	0	0	0	0	0	0	0	0	0	0	0	0	0	0	0	0	0	0	0	0	0	0	0	0	1	0	0	0	0	0	0	0	0	0	0	0	0	0	0	0	0	0	0	0	0	0
5	171	1993	38.334515	92.40065	0	12.481088	15.084858	35.181717	17.345137	85.096603	2.3391054	57.245506	42.905754	59.088581	10.060204	1.6232622	10	10	0	1	1	9.5207729	100	0	12.481088	15.021374	36.171631	16.437733	84.3144	.625	50.89732	40.494888	65.836983	8.2488451	8.8361578	10	10	0	1	1	9.3947811	0	0	0	0	1	0	0	0	0	0	0	0	0	0	0	0	0	0	0	0	0	0	0	0	0	0	0	0	0	0	0	0	0	0	0	0	0	0	0	0	0	0	0	1	0	0	0	0	0	0	0	0	0	0	0	0	0	0	0	0	0	0	0	0	0
6	172	1998	22.220583	100	0	11.698076	15.404329	77.591667	6.58252	54.255798	1.6503619	70.305733	54.458744	221.00861	6.7602615	10.241152	8	7	1	0	2.8	6.5938048	94.391464	0	11.698076	15.296598	86.287491	6.4227657	53.055199	2.7734549	46.140285	55.251068	407.47879	5.4580908	942.9707	6.4000001	7	1	0	3.8	6.5295053	0	0	0	0	0	1	0	0	0	0	0	0	0	0	0	0	0	0	0	0	0	0	0	0	0	0	0	0	0	0	0	0	0	0	0	0	0	0	0	0	0	0	0	0	1	0	0	0	0	0	0	0	0	0	0	0	0	0	0	0	0	0	0	0	0
7	172	2003	25.76623	100	0	11.698076	15.479192	68.371063	6.9371734	55.454601	1.5245011	77.56324	51.33173	199.8028	7.5544682	6.9477921	8	7	1	0	3	6.7027888	100	0	11.698076	15.404329	77.591667	6.58252	54.255798	1.6503619	70.305733	54.458744	221.00861	6.7602615	10.241152	8	7	1	0	2.8	6.5938048	0	0	0	0	0	0	1	0	0	0	0	0	0	0	0	0	0	0	0	0	0	0	0	0	0	0	0	0	0	0	0	0	0	0	0	0	0	0	0	0	0	0	0	0	1	0	0	0	0	0	0	0	0	0	0	0	0	0	0	0	0	0	0	0	0
2	178	1978	42.526604	80.329613	0	12.625704	15.21662	36.463879	22.802082	69.601799	.5	77.886688	38.095409	35.634918	8.5269566	8.2117081	10	10	0	0	1	9.3536701	100	0	12.625704	15.191678	38.604828	21.374741	67.070602	.51282054	76.02523	41.364582	26.08638	7.1949162	8.14711	10	10	0	0	1	8.6117172	0	1	0	0	0	0	0	0	0	0	0	0	0	0	0	0	0	0	0	0	0	0	0	0	0	0	0	0	0	0	0	0	0	0	0	0	0	0	0	0	0	0	0	0	0	1	0	0	0	0	0	0	0	0	0	0	0	0	0	0	0	0	0	0	0
3	178	1983	47.66309	69.113724	0	12.625704	15.231317	32.685963	24.066902	71.003998	.48780489	77.599174	38.963135	39.411766	8.7539463	8.3401899	10	10	0	0	1	9.6203508	80.329613	0	12.625704	15.21662	36.463879	22.802082	69.601799	.5	77.886688	38.095409	35.634918	8.5269566	8.2117081	10	10	0	0	1	9.3536701	0	0	1	0	0	0	0	0	0	0	0	0	0	0	0	0	0	0	0	0	0	0	0	0	0	0	0	0	0	0	0	0	0	0	0	0	0	0	0	0	0	0	0	0	0	1	0	0	0	0	0	0	0	0	0	0	0	0	0	0	0	0	0	0	0
4	178	1988	54.31559	68.128593	0	12.625704	15.250595	29.759346	24.970455	71.697601	0	70.408737	39.766575	39.707119	9.1551619	4.1735663	10	10	0	0	1	10.043679	69.113724	0	12.625704	15.231317	32.685963	24.066902	71.003998	.48780489	77.599174	38.963135	39.411766	8.7539463	8.3401899	10	10	0	0	1	9.6203508	0	0	0	1	0	0	0	0	0	0	0	0	0	0	0	0	0	0	0	0	0	0	0	0	0	0	0	0	0	0	0	0	0	0	0	0	0	0	0	0	0	0	0	0	0	1	0	0	0	0	0	0	0	0	0	0	0	0	0	0	0	0	0	0	0
5	178	1993	59.953602	68.188736	0	12.625704	15.278724	29.684509	24.979691	73.040802	.94130677	70.072769	44.14732	49.933281	9.6504726	1.317966	10	10	0	0	1	10.2946	68.128593	0	12.625704	15.250595	29.759346	24.970455	71.697601	0	70.408737	39.766575	39.707119	9.1551619	4.1735663	10	10	0	0	1	10.043679	0	0	0	0	1	0	0	0	0	0	0	0	0	0	0	0	0	0	0	0	0	0	0	0	0	0	0	0	0	0	0	0	0	0	0	0	0	0	0	0	0	0	0	0	0	1	0	0	0	0	0	0	0	0	0	0	0	0	0	0	0	0	0	0	0
6	178	1998	51.324814	68.58358	0	12.625704	15.306105	30.687975	23.916515	75.154198	.45454547	73.597046	45.413689	33.269299	10.14631	5.6952229	10	10	0	0	1	10.488099	68.188736	0	12.625704	15.278724	29.684509	24.979691	73.040802	.94130677	70.072769	44.14732	49.933281	9.6504726	1.317966	10	10	0	0	1	10.2946	0	0	0	0	0	1	0	0	0	0	0	0	0	0	0	0	0	0	0	0	0	0	0	0	0	0	0	0	0	0	0	0	0	0	0	0	0	0	0	0	0	0	0	0	0	1	0	0	0	0	0	0	0	0	0	0	0	0	0	0	0	0	0	0	0
7	178	2003	45.045078	79.39859	0	12.625704	15.332775	30.430285	22.782816	76.926399	.44444445	70.665916	46.48204	45.127041	10.903142	3.5377281	10	10	0	0	1	10.808039	68.58358	0	12.625704	15.306105	30.687975	23.916515	75.154198	.45454547	73.597046	45.413689	33.269299	10.14631	5.6952229	10	10	0	0	1	10.488099	0	0	0	0	0	0	1	0	0	0	0	0	0	0	0	0	0	0	0	0	0	0	0	0	0	0	0	0	0	0	0	0	0	0	0	0	0	0	0	0	0	0	0	0	0	1	0	0	0	0	0	0	0	0	0	0	0	0	0	0	0	0	0	0	0
8	178	2008	42.339993	79.614601	0	12.627245	15.379829	28.769156	21.947754	78.457199	1.2769812	72.3452	42.48708	56.852341	11.789412	4.7334561	10	10	0	0	1	11.320476	79.39859	0	12.625704	15.332775	30.430285	22.782816	76.926399	.44444445	70.665916	46.48204	45.127041	10.903142	3.5377281	10	10	0	0	1	10.808039	0	0	0	0	0	0	0	1	0	0	0	0	0	0	0	0	0	0	0	0	0	0	0	0	0	0	0	0	0	0	0	0	0	0	0	0	0	0	0	0	0	0	0	0	0	1	0	0	0	0	0	0	0	0	0	0	0	0	0	0	0	0	0	0	0
2	183	1978	26.941645	100	0	11.216405	14.445996	76.732292	8.2903614	49.882801	2.1637428	178.30518	50.152882	75.771202	7.7422833	12.11141	-6.4000001	2.2	.60000002	1	5.4000001	7.3315139	100	0	11.216405	14.309764	82.887924	8.2825489	48.478802	3.759804	171.49847	50.496841	34.81028	7.4300795	7.6599059	-7	1	1	1	7	6.9041405	0	1	0	0	0	0	0	0	0	0	0	0	0	0	0	0	0	0	0	0	0	0	0	0	0	0	0	0	0	0	0	0	0	0	0	0	0	0	0	0	0	0	0	0	0	0	1	0	0	0	0	0	0	0	0	0	0	0	0	0	0	0	0	0	0
3	183	1983	26.851301	100	0	11.216405	14.547235	68.493126	8.2715044	51.4366	1.9523809	141.48415	50.763229	77.435379	8.0427561	3.6900649	-5.5999999	3	.2	1	5	7.8005843	100	0	11.216405	14.445996	76.732292	8.2903614	49.882801	2.1637428	178.30518	50.152882	75.771202	7.7422833	12.11141	-6.4000001	2.2	.60000002	1	5.4000001	7.3315139	0	0	1	0	0	0	0	0	0	0	0	0	0	0	0	0	0	0	0	0	0	0	0	0	0	0	0	0	0	0	0	0	0	0	0	0	0	0	0	0	0	0	0	0	0	0	1	0	0	0	0	0	0	0	0	0	0	0	0	0	0	0	0	0	0
4	183	1988	22.687218	99.49675	0	11.216405	14.656553	61.156281	8.2412968	53.158401	2.6119895	132.3511	52.464924	95.508781	7.7930064	.34494701	-1.2	4.5999999	1	1	5.5999999	7.8414741	100	0	11.216405	14.547235	68.493126	8.2715044	51.4366	1.9523809	141.48415	50.763229	77.435379	8.0427561	3.6900649	-5.5999999	3	.2	1	5	7.8005843	0	0	0	1	0	0	0	0	0	0	0	0	0	0	0	0	0	0	0	0	0	0	0	0	0	0	0	0	0	0	0	0	0	0	0	0	0	0	0	0	0	0	0	0	0	0	1	0	0	0	0	0	0	0	0	0	0	0	0	0	0	0	0	0	0
5	183	1993	21.839197	97.97068	0	11.216405	14.762882	55.830849	8.3759775	57.5308	2.3099716	173.75282	53.086159	69.644737	7.9190369	2.6510022	8.3999996	9.3999996	1	1	3	8.0488901	99.49675	0	11.216405	14.656553	61.156281	8.2412968	53.158401	2.6119895	132.3511	52.464924	95.508781	7.7930064	.34494701	-1.2	4.5999999	1	1	5.5999999	7.8414741	0	0	0	0	1	0	0	0	0	0	0	0	0	0	0	0	0	0	0	0	0	0	0	0	0	0	0	0	0	0	0	0	0	0	0	0	0	0	0	0	0	0	0	0	0	0	1	0	0	0	0	0	0	0	0	0	0	0	0	0	0	0	0	0	0
6	183	1998	23.704689	100	0	11.216405	14.858673	52.114296	8.6487255	63.4618	2.0706077	155.675	53.203461	65.162903	8.6266222	3.3774719	9	10	1	1	1.6	8.2283525	97.97068	0	11.216405	14.762882	55.830849	8.3759775	57.5308	2.3099716	173.75282	53.086159	69.644737	7.9190369	2.6510022	8.3999996	9.3999996	1	1	3	8.0488901	0	0	0	0	0	1	0	0	0	0	0	0	0	0	0	0	0	0	0	0	0	0	0	0	0	0	0	0	0	0	0	0	0	0	0	0	0	0	0	0	0	0	0	0	0	0	1	0	0	0	0	0	0	0	0	0	0	0	0	0	0	0	0	0	0
7	183	2003	24.852268	100	0	11.216405	14.953054	48.880184	9.0527611	68.759399	1.8762219	133.3185	52.527214	61.890179	9.0366783	1.50893	9	10	1	1	1	8.3537254	100	0	11.216405	14.858673	52.114296	8.6487255	63.4618	2.0706077	155.675	53.203461	65.162903	8.6266222	3.3774719	9	10	1	1	1.6	8.2283525	0	0	0	0	0	0	1	0	0	0	0	0	0	0	0	0	0	0	0	0	0	0	0	0	0	0	0	0	0	0	0	0	0	0	0	0	0	0	0	0	0	0	0	0	0	0	1	0	0	0	0	0	0	0	0	0	0	0	0	0	0	0	0	0	0
6	185	1998	29.352535	100	.40000001	13.023338	15.443981	70.722977	4.3155065	13.5548	2.8202529	108.25986	48.242821	57.503021	7.1709127	9.7906876	4	4	0	1	2	6.6868186	100	1	13.023338	15.319094	73.210747	4.2341084	14.4462	2.2750793	94.195862	40.335339	54.11166	7.3985314	6.0958838	4	4	0	1	2	6.9441323	0	0	0	0	0	1	0	0	0	0	0	0	0	0	0	0	0	0	0	0	0	0	0	0	0	0	0	0	0	0	0	0	0	0	0	0	0	0	0	0	0	0	0	0	0	0	0	1	0	0	0	0	0	0	0	0	0	0	0	0	0	0	0	0	0
7	185	2003	27.131279	100	0	13.023338	15.572773	69.929924	4.4705791	12.8218	2.471314	121.71088	50.849819	52.86512	6.7880359	7.7360158	4	4	0	1	2.5999999	6.4616265	100	.40000001	13.023338	15.443981	70.722977	4.3155065	13.5548	2.8202529	108.25986	48.242821	57.503021	7.1709127	9.7906876	4	4	0	1	2	6.6868186	0	0	0	0	0	0	1	0	0	0	0	0	0	0	0	0	0	0	0	0	0	0	0	0	0	0	0	0	0	0	0	0	0	0	0	0	0	0	0	0	0	0	0	0	0	0	0	1	0	0	0	0	0	0	0	0	0	0	0	0	0	0	0	0	0
5	186	1993	15.051478	98.758774	0	12.892447	15.341094	74.280266	7.5945425	50.756199	2.7116854	112.2418	47.681847	28.610241	6.4069524	15.5282	6	7	1	0	3.4000001	7.2433367	97.383842	0	12.892447	15.20118	76.003464	7.2688718	47.209599	2.5674818	94.021172	37.034	45.517262	5.4801841	32.149559	-4	4	1	0	4.8000002	7.0187702	0	0	0	0	1	0	0	0	0	0	0	0	0	0	0	0	0	0	0	0	0	0	0	0	0	0	0	0	0	0	0	0	0	0	0	0	0	0	0	0	0	0	0	0	0	0	0	0	1	0	0	0	0	0	0	0	0	0	0	0	0	0	0	0	0
6	186	1998	18.919954	100	0	12.892447	15.444366	69.081223	7.6289215	54.050999	2.3862176	99.087349	53.671734	30.62752	7.1638823	9.5466356	6.8000002	7	1	0	4	7.3479629	98.758774	0	12.892447	15.341094	74.280266	7.5945425	50.756199	2.7116854	112.2418	47.681847	28.610241	6.4069524	15.5282	6	7	1	0	3.4000001	7.2433367	0	0	0	0	0	1	0	0	0	0	0	0	0	0	0	0	0	0	0	0	0	0	0	0	0	0	0	0	0	0	0	0	0	0	0	0	0	0	0	0	0	0	0	0	0	0	0	0	1	0	0	0	0	0	0	0	0	0	0	0	0	0	0	0	0
7	186	2003	19.152264	99.0075	0	12.892447	15.555669	62.650181	7.7641735	57.211399	1.7868544	93.592873	52.67445	51.991798	7.0376453	11.449994	7.5999999	7	1	0	3.4000001	7.0029545	100	0	12.892447	15.444366	69.081223	7.6289215	54.050999	2.3862176	99.087349	53.671734	30.62752	7.1638823	9.5466356	6.8000002	7	1	0	4	7.3479629	0	0	0	0	0	0	1	0	0	0	0	0	0	0	0	0	0	0	0	0	0	0	0	0	0	0	0	0	0	0	0	0	0	0	0	0	0	0	0	0	0	0	0	0	0	0	0	0	1	0	0	0	0	0	0	0	0	0	0	0	0	0	0	0	0
8	186	2008	20.672894	95.584488	0	12.892447	15.6429	56.782887	8.1416492	60.2104	1.9576865	106.6295	50.093506	20.471781	7.7730689	6.6655722	8	7.5999999	1	0	3	7.7036819	99.0075	0	12.892447	15.555669	62.650181	7.7641735	57.211399	1.7868544	93.592873	52.67445	51.991798	7.0376453	11.449994	7.5999999	7	1	0	3.4000001	7.0029545	0	0	0	0	0	0	0	1	0	0	0	0	0	0	0	0	0	0	0	0	0	0	0	0	0	0	0	0	0	0	0	0	0	0	0	0	0	0	0	0	0	0	0	0	0	0	0	0	1	0	0	0	0	0	0	0	0	0	0	0	0	0	0	0	0
5	188	1993	17.307699	96.540443	6	12.605419	18.007669	71.563026	5.4285154	48.41	2.4596286	62.490658	57.95462	56.518661	8.4916801	9.7667799	8	8.6000004	1	1	2.8	6.8677893	92.062759	6	12.605419	17.888994	75.178802	5.6552935	46.372398	2.8052876	49.02293	56.070614	67.589142	7.3897629	8.4204903	6.5999999	7	1	1	2.5999999	6.5558629	0	0	0	0	1	0	0	0	0	0	0	0	0	0	0	0	0	0	0	0	0	0	0	0	0	0	0	0	0	0	0	0	0	0	0	0	0	0	0	0	0	0	0	0	0	0	0	0	0	1	0	0	0	0	0	0	0	0	0	0	0	0	0	0	0
6	188	1998	17.459705	100	6	12.605419	18.119101	67.568306	5.3985195	48.110001	2.1899235	94.930969	55.136765	51.152618	9.1313772	9.7123957	8	9	1	1	2	7.0286193	96.540443	6	12.605419	18.007669	71.563026	5.4285154	48.41	2.4596286	62.490658	57.95462	56.518661	8.4916801	9.7667799	8	8.6000004	1	1	2.8	6.8677893	0	0	0	0	0	1	0	0	0	0	0	0	0	0	0	0	0	0	0	0	0	0	0	0	0	0	0	0	0	0	0	0	0	0	0	0	0	0	0	0	0	0	0	0	0	0	0	0	0	1	0	0	0	0	0	0	0	0	0	0	0	0	0	0	0
7	188	2003	18.091158	100	3	12.605419	18.226667	63.936096	5.5716724	48.0158	1.9737209	100.74288	45.208099	63.144718	9.4025583	4.8515878	8	9	1	1	2.2	6.9607182	100	6	12.605419	18.119101	67.568306	5.3985195	48.110001	2.1899235	94.930969	55.136765	51.152618	9.1313772	9.7123957	8	9	1	1	2	7.0286193	0	0	0	0	0	0	1	0	0	0	0	0	0	0	0	0	0	0	0	0	0	0	0	0	0	0	0	0	0	0	0	0	0	0	0	0	0	0	0	0	0	0	0	0	0	0	0	0	0	1	0	0	0	0	0	0	0	0	0	0	0	0	0	0	0
8	188	2008	16.782595	100	3	12.605419	18.317259	59.947975	5.8331294	48.402	1.5788831	78.970474	43.706661	47.572239	9.9703093	4.5168099	8	9	1	1	3.5999999	7.4851251	100	3	12.605419	18.226667	63.936096	5.5716724	48.0158	1.9737209	100.74288	45.208099	63.144718	9.4025583	4.8515878	8	9	1	1	2.2	6.9607182	0	0	0	0	0	0	0	1	0	0	0	0	0	0	0	0	0	0	0	0	0	0	0	0	0	0	0	0	0	0	0	0	0	0	0	0	0	0	0	0	0	0	0	0	0	0	0	0	0	1	0	0	0	0	0	0	0	0	0	0	0	0	0	0	0
3	191	1983	30.203928	100	0	11.424094	16.112066	38.754883	18.616991	44.292801	.40610182	60.392723	49.788368	45.620361	7.1106353	21.862961	9.8000002	10	.40000001	0	1.4	7.9426608	100	0	11.424094	16.075026	42.390526	17.777952	41.982601	1.4971519	45.753887	50.71727	28.87266	6.6074395	21.072559	9	10	1	0	2	7.8373456	0	0	1	0	0	0	0	0	0	0	0	0	0	0	0	0	0	0	0	0	0	0	0	0	0	0	0	0	0	0	0	0	0	0	0	0	0	0	0	0	0	0	0	0	0	0	0	0	0	0	1	0	0	0	0	0	0	0	0	0	0	0	0	0	0
4	191	1988	33.558132	95.556641	0	11.424094	16.110056	33.573185	19.913622	46.868198	0	62.521107	48.375271	54.288021	8.4476261	13.07436	10	10	0	0	1	8.6048441	100	0	11.424094	16.112066	38.754883	18.616991	44.292801	.40610182	60.392723	49.788368	45.620361	7.1106353	21.862961	9.8000002	10	.40000001	0	1.4	7.9426608	0	0	0	1	0	0	0	0	0	0	0	0	0	0	0	0	0	0	0	0	0	0	0	0	0	0	0	0	0	0	0	0	0	0	0	0	0	0	0	0	0	0	0	0	0	0	0	0	0	0	1	0	0	0	0	0	0	0	0	0	0	0	0	0	0
5	191	1993	41.826931	91.766808	0	11.424094	16.116085	28.270544	21.599804	49.831402	0	58.700436	53.800087	55.39888	9.7127247	7.922976	10	10	0	0	1	9.2080851	95.556641	0	11.424094	16.110056	33.573185	19.913622	46.868198	0	62.521107	48.375271	54.288021	8.4476261	13.07436	10	10	0	0	1	8.6048441	0	0	0	0	1	0	0	0	0	0	0	0	0	0	0	0	0	0	0	0	0	0	0	0	0	0	0	0	0	0	0	0	0	0	0	0	0	0	0	0	0	0	0	0	0	0	0	0	0	0	1	0	0	0	0	0	0	0	0	0	0	0	0	0	0
6	191	1998	41.795017	91.775223	0	11.424094	16.118095	24.774332	23.230469	53.083	0	64.742104	55.929451	52.22908	10.172276	3.3227799	10	10	0	0	1	9.372901	91.766808	0	11.424094	16.116085	28.270544	21.599804	49.831402	0	58.700436	53.800087	55.39888	9.7127247	7.922976	10	10	0	0	1	9.2080851	0	0	0	0	0	1	0	0	0	0	0	0	0	0	0	0	0	0	0	0	0	0	0	0	0	0	0	0	0	0	0	0	0	0	0	0	0	0	0	0	0	0	0	0	0	0	0	0	0	0	1	0	0	0	0	0	0	0	0	0	0	0	0	0	0
2	219	1978	15.460976	100	0	6.5072775	14.665443	44.138111	6.7571802	100	.86956519	351.37241	41.968895	77.860779	8.0384216	4.568296	-2	2	0	1	5	8.1641235	100	0	6.5072775	14.603555	57.916557	6.2301807	100	1.8614719	266.49365	43.411835	48.975441	7.0101829	8.3256779	-2	2	0	1	5	7.4761081	0	1	0	0	0	0	0	0	0	0	0	0	0	0	0	0	0	0	0	0	0	0	0	0	0	0	0	0	0	0	0	0	0	0	0	0	0	0	0	0	0	0	0	0	0	0	0	0	0	0	0	1	0	0	0	0	0	0	0	0	0	0	0	0	0
3	219	1983	17.401379	100	0	6.5072775	14.762882	36.344074	7.2820935	100	2.402564	346.12256	45.218143	69.677597	9.1409225	2.5915189	-2	2	0	1	4	8.7973585	100	0	6.5072775	14.665443	44.138111	6.7571802	100	.86956519	351.37241	41.968895	77.860779	8.0384216	4.568296	-2	2	0	1	5	8.1641235	0	0	1	0	0	0	0	0	0	0	0	0	0	0	0	0	0	0	0	0	0	0	0	0	0	0	0	0	0	0	0	0	0	0	0	0	0	0	0	0	0	0	0	0	0	0	0	0	0	0	0	1	0	0	0	0	0	0	0	0	0	0	0	0	0
4	219	1988	21.432314	100	0	6.5072775	14.872965	31.082081	7.5653825	100	2.1446817	335.07697	45.6008	80.827423	9.9353218	2.7292297	-2	2	0	1	4	9.1249523	100	0	6.5072775	14.762882	36.344074	7.2820935	100	2.402564	346.12256	45.218143	69.677597	9.1409225	2.5915189	-2	2	0	1	4	8.7973585	0	0	0	1	0	0	0	0	0	0	0	0	0	0	0	0	0	0	0	0	0	0	0	0	0	0	0	0	0	0	0	0	0	0	0	0	0	0	0	0	0	0	0	0	0	0	0	0	0	0	0	1	0	0	0	0	0	0	0	0	0	0	0	0	0
5	219	1993	16.994396	100	0	6.5072775	15.008513	30.318768	8.3153934	100	3.1311238	323.89099	44.70369	72.785881	10.868979	3.1589324	-2	2	0	1	4.5999999	9.8429823	100	0	6.5072775	14.872965	31.082081	7.5653825	100	2.1446817	335.07697	45.6008	80.827423	9.9353218	2.7292297	-2	2	0	1	4	9.1249523	0	0	0	0	1	0	0	0	0	0	0	0	0	0	0	0	0	0	0	0	0	0	0	0	0	0	0	0	0	0	0	0	0	0	0	0	0	0	0	0	0	0	0	0	0	0	0	0	0	0	0	1	0	0	0	0	0	0	0	0	0	0	0	0	0
6	219	1998	18.434422	100	0	6.5072775	15.13956	30.790695	9.7328787	100	2.7225339	340.00003	47.519485	78.224663	11.558528	.197972	-2	2	0	1	4.8000002	10.102225	100	0	6.5072775	15.008513	30.318768	8.3153934	100	3.1311238	323.89099	44.70369	72.785881	10.868979	3.1589324	-2	2	0	1	4.5999999	9.8429823	0	0	0	0	0	1	0	0	0	0	0	0	0	0	0	0	0	0	0	0	0	0	0	0	0	0	0	0	0	0	0	0	0	0	0	0	0	0	0	0	0	0	0	0	0	0	0	0	0	0	0	1	0	0	0	0	0	0	0	0	0	0	0	0	0
7	219	2003	17.716343	100	0	6.5249615	15.230966	28.504137	11.295621	100	1.4756098	389.98587	48.742851	97.291878	12.10414	.25537199	-2	2	0	1	5	10.116061	100	0	6.5072775	15.13956	30.790695	9.7328787	100	2.7225339	340.00003	47.519485	78.224663	11.558528	.197972	-2	2	0	1	4.8000002	10.102225	0	0	0	0	0	0	1	0	0	0	0	0	0	0	0	0	0	0	0	0	0	0	0	0	0	0	0	0	0	0	0	0	0	0	0	0	0	0	0	0	0	0	0	0	0	0	0	0	0	0	0	1	0	0	0	0	0	0	0	0	0	0	0	0	0
8	219	2008	15.670654	100	0	6.547925	15.374461	25.075212	11.953768	100	3.4771059	409.4313	50.204529	96.150757	13.020879	1.9128784	-2	2	0	1	5	10.560559	100	0	6.5249615	15.230966	28.504137	11.295621	100	1.4756098	389.98587	48.742851	97.291878	12.10414	.25537199	-2	2	0	1	5	10.116061	0	0	0	0	0	0	0	1	0	0	0	0	0	0	0	0	0	0	0	0	0	0	0	0	0	0	0	0	0	0	0	0	0	0	0	0	0	0	0	0	0	0	0	0	0	0	0	0	0	0	0	1	0	0	0	0	0	0	0	0	0	0	0	0	0
7	220	2003	40.81712	92.887772	0	10.781079	15.501909	25.985134	16.091743	55.831001	0	153.13316	36.580135	39.215141	9.4961605	4.4862418	9	9	0	0	1	8.6919537	92.981194	0	10.781037	15.501909	31.533939	16.08005	56.354599	0	127.85218	33.075825	21.812599	7.942729	6.4410338	8.1999998	8.1999998	0	0	1.6	8.273881	0	0	0	0	0	0	1	0	0	0	0	0	0	0	0	0	0	0	0	0	0	0	0	0	0	0	0	0	0	0	0	0	0	0	0	0	0	0	0	0	0	0	0	0	0	0	0	0	0	0	0	0	1	0	0	0	0	0	0	0	0	0	0	0	0
8	220	2008	38.406422	88.578743	0	10.780958	15.509249	21.797804	16.306122	55.125599	0	164.70816	36.519199	33.01162	10.724463	1.2451302	10	10	0	0	1	9.5777092	92.887772	0	10.781079	15.501909	25.985134	16.091743	55.831001	0	153.13316	36.580135	39.215141	9.4961605	4.4862418	9	9	0	0	1	8.6919537	0	0	0	0	0	0	0	1	0	0	0	0	0	0	0	0	0	0	0	0	0	0	0	0	0	0	0	0	0	0	0	0	0	0	0	0	0	0	0	0	0	0	0	0	0	0	0	0	0	0	0	0	1	0	0	0	0	0	0	0	0	0	0	0	0
2	225	1978	26.43301	79.561287	0	13.997832	17.132639	75.661606	5.7010508	48.298599	2.3099716	58.776249	66.369865	41.535599	9.3713055	14.66204	4	2	0	0	4.8000002	7.4810109	100	0	13.997832	17.009226	76.67527	6.0273228	47.988998	2.6119895	51.726444	66.516701	37.380939	8.9562578	12.379402	4	2	0	0	4.25	7.0241632	0	1	0	0	0	0	0	0	0	0	0	0	0	0	0	0	0	0	0	0	0	0	0	0	0	0	0	0	0	0	0	0	0	0	0	0	0	0	0	0	0	0	0	0	0	0	0	0	0	0	0	0	0	1	0	0	0	0	0	0	0	0	0	0	0
3	225	1983	31.594927	76.935448	1.8	13.997832	17.261793	73.193695	5.5417476	48.993198	2.0706077	52.17775	65.889565	27.400261	9.4322472	13.750552	4	2	0	0	5	7.7712717	79.561287	0	13.997832	17.132639	75.661606	5.7010508	48.298599	2.3099716	58.776249	66.369865	41.535599	9.3713055	14.66204	4	2	0	0	4.8000002	7.4810109	0	0	1	0	0	0	0	0	0	0	0	0	0	0	0	0	0	0	0	0	0	0	0	0	0	0	0	0	0	0	0	0	0	0	0	0	0	0	0	0	0	0	0	0	0	0	0	0	0	0	0	0	0	1	0	0	0	0	0	0	0	0	0	0	0
2	228	1978	26.917282	100	0	11.046276	16.495964	60.99749	7.1775374	19.0606	2.9670329	69.376328	52.084904	65.637939	4.4107814	14.191874	6.8000002	7	0	.60000002	2	5.5389819	100	0	11.046276	16.410103	66.237709	6.7419143	19.495399	0	50.748402	44.130199	43.348801	4.863802	10.588586	8	7	0	1	2	5.4763775	0	1	0	0	0	0	0	0	0	0	0	0	0	0	0	0	0	0	0	0	0	0	0	0	0	0	0	0	0	0	0	0	0	0	0	0	0	0	0	0	0	0	0	0	0	0	0	0	0	0	0	0	0	0	1	0	0	0	0	0	0	0	0	0	0
3	228	1983	26.938793	100	3	11.046276	16.575191	57.387768	7.8579969	18.302	1.3333334	68.651917	48.160938	75.106079	5.5735126	14.155503	5.1999998	6.1999998	.60000002	0	2.5999999	5.8160982	100	0	11.046276	16.495964	60.99749	7.1775374	19.0606	2.9670329	69.376328	52.084904	65.637939	4.4107814	14.191874	6.8000002	7	0	.60000002	2	5.5389819	0	0	1	0	0	0	0	0	0	0	0	0	0	0	0	0	0	0	0	0	0	0	0	0	0	0	0	0	0	0	0	0	0	0	0	0	0	0	0	0	0	0	0	0	0	0	0	0	0	0	0	0	0	0	1	0	0	0	0	0	0	0	0	0	0
4	228	1988	26.581858	100	8.1999998	11.046276	16.636599	53.122208	8.6392918	17.513	1.25	62.647282	41.240929	95.058723	6.0879693	10.954454	5	6	1	0	3.4000001	6.0352983	100	3	11.046276	16.575191	57.387768	7.8579969	18.302	1.3333334	68.651917	48.160938	75.106079	5.5735126	14.155503	5.1999998	6.1999998	.60000002	0	2.5999999	5.8160982	0	0	0	1	0	0	0	0	0	0	0	0	0	0	0	0	0	0	0	0	0	0	0	0	0	0	0	0	0	0	0	0	0	0	0	0	0	0	0	0	0	0	0	0	0	0	0	0	0	0	0	0	0	0	1	0	0	0	0	0	0	0	0	0	0
5	228	1993	26.827017	100	5	11.046276	16.705883	47.77816	9.382679	16.743601	1.1764706	73.413979	45.40612	93.057259	6.7641816	9.7972383	5	6	1	0	4	6.4182587	100	8.1999998	11.046276	16.636599	53.122208	8.6392918	17.513	1.25	62.647282	41.240929	95.058723	6.0879693	10.954454	5	6	1	0	3.4000001	6.0352983	0	0	0	0	1	0	0	0	0	0	0	0	0	0	0	0	0	0	0	0	0	0	0	0	0	0	0	0	0	0	0	0	0	0	0	0	0	0	0	0	0	0	0	0	0	0	0	0	0	0	0	0	0	0	1	0	0	0	0	0	0	0	0	0	0
6	228	1998	24.830832	100	5	11.046276	16.738323	41.613766	9.5499849	16.0014	1.1111112	78.679321	47.713917	89.320099	7.4852104	8.0792255	5	6	1	0	3	6.7486296	100	5	11.046276	16.705883	47.77816	9.382679	16.743601	1.1764706	73.413979	45.40612	93.057259	6.7641816	9.7972383	5	6	1	0	4	6.4182587	0	0	0	0	0	1	0	0	0	0	0	0	0	0	0	0	0	0	0	0	0	0	0	0	0	0	0	0	0	0	0	0	0	0	0	0	0	0	0	0	0	0	0	0	0	0	0	0	0	0	0	0	0	0	1	0	0	0	0	0	0	0	0	0	0
7	228	2003	23.811678	100	5	11.046276	16.780466	37.670876	10.179674	15.3598	1.0526316	77.538902	57.702599	99.42112	7.8897691	9.969326	5.4000001	6	1	0	3	6.8990722	100	5	11.046276	16.738323	41.613766	9.5499849	16.0014	1.1111112	78.679321	47.713917	89.320099	7.4852104	8.0792255	5	6	1	0	3	6.7486296	0	0	0	0	0	0	1	0	0	0	0	0	0	0	0	0	0	0	0	0	0	0	0	0	0	0	0	0	0	0	0	0	0	0	0	0	0	0	0	0	0	0	0	0	0	0	0	0	0	0	0	0	0	0	1	0	0	0	0	0	0	0	0	0	0
7	232	2003	29.225239	100	0	9.7526646	13.910821	79.66378	5.6954117	22.2048	0	186.69122	48.486156	20.943821	6.477356	6.980196	-9	1	1	1	6.5999999	7.4134817	100	0	9.7526646	13.831475	89.710442	5.6345229	22.802	2.7523193	147.59618	52.494301	16.94462	6.1749072	8.3482761	-9	1.6	1	1	6	7.3473701	0	0	0	0	0	0	1	0	0	0	0	0	0	0	0	0	0	0	0	0	0	0	0	0	0	0	0	0	0	0	0	0	0	0	0	0	0	0	0	0	0	0	0	0	0	0	0	0	0	0	0	0	0	0	0	1	0	0	0	0	0	0	0	0	0
2	233	1978	46.405342	77.152649	0	12.924742	15.926917	31.380873	24.731834	82.944199	.24390244	57.566391	44.689548	34.34996	7.8052197	10.331476	10	10	0	0	1	9.4143963	100	0	12.924742	15.912283	32.172951	22.466867	82.051598	.49691358	52.848095	42.662899	28.78616	7.447803	9.0175562	10	10	0	0	1.25	8.7995739	0	1	0	0	0	0	0	0	0	0	0	0	0	0	0	0	0	0	0	0	0	0	0	0	0	0	0	0	0	0	0	0	0	0	0	0	0	0	0	0	0	0	0	0	0	0	0	0	0	0	0	0	0	0	0	0	1	0	0	0	0	0	0	0	0
3	233	1983	63.191307	64.419167	0	12.924742	15.934161	29.021538	26.197721	83.094803	.24096386	66.972969	48.300148	66.35936	8.1535702	8.1693001	10	10	0	0	1	9.4532137	77.152649	0	12.924742	15.926917	31.380873	24.731834	82.944199	.24390244	57.566391	44.689548	34.34996	7.8052197	10.331476	10	10	0	0	1	9.4143963	0	0	1	0	0	0	0	0	0	0	0	0	0	0	0	0	0	0	0	0	0	0	0	0	0	0	0	0	0	0	0	0	0	0	0	0	0	0	0	0	0	0	0	0	0	0	0	0	0	0	0	0	0	0	0	0	1	0	0	0	0	0	0	0	0
4	233	1988	58.420055	64.10022	0	12.924742	15.953182	27.761925	27.334969	83.099998	.47338936	62.492573	46.267357	56.759819	9.1523962	7.0026741	10	10	0	0	1	10.007513	64.419167	0	12.924742	15.934161	29.021538	26.197721	83.094803	.24096386	66.972969	48.300148	66.35936	8.1535702	8.1693001	10	10	0	0	1	9.4532137	0	0	0	1	0	0	0	0	0	0	0	0	0	0	0	0	0	0	0	0	0	0	0	0	0	0	0	0	0	0	0	0	0	0	0	0	0	0	0	0	0	0	0	0	0	0	0	0	0	0	0	0	0	0	0	0	1	0	0	0	0	0	0	0	0
5	233	1993	65.569023	66.881645	0	12.924742	15.981092	28.970503	27.600374	83.534401	.4624432	62.250381	48.770798	74.023216	9.8510866	3.5637021	10	10	0	0	1	10.214271	64.10022	0	12.924742	15.953182	27.761925	27.334969	83.099998	.47338936	62.492573	46.267357	56.759819	9.1523962	7.0026741	10	10	0	0	1	10.007513	0	0	0	0	1	0	0	0	0	0	0	0	0	0	0	0	0	0	0	0	0	0	0	0	0	0	0	0	0	0	0	0	0	0	0	0	0	0	0	0	0	0	0	0	0	0	0	0	0	0	0	0	0	0	0	0	1	0	0	0	0	0	0	0	0
6	233	1998	59.109173	66.862625	0	12.924742	15.999302	29.210695	27.011278	83.945198	.22727273	78.591637	45.271545	77.363899	10.926587	1.0394185	10	10	0	0	1	10.279536	66.881645	0	12.924742	15.981092	28.970503	27.600374	83.534401	.4624432	62.250381	48.770798	74.023216	9.8510866	3.5637021	10	10	0	0	1	10.214271	0	0	0	0	0	1	0	0	0	0	0	0	0	0	0	0	0	0	0	0	0	0	0	0	0	0	0	0	0	0	0	0	0	0	0	0	0	0	0	0	0	0	0	0	0	0	0	0	0	0	0	0	0	0	0	0	1	0	0	0	0	0	0	0	0
7	233	2003	55.363331	64.680191	0	12.924742	16.006031	27.44421	26.438822	84.201797	.22471911	84.175667	44.579742	55.911926	11.868585	1.3736402	10	10	0	0	1	10.418845	66.862625	0	12.924742	15.999302	29.210695	27.011278	83.945198	.22727273	78.591637	45.271545	77.363899	10.926587	1.0394185	10	10	0	0	1	10.279536	0	0	0	0	0	0	1	0	0	0	0	0	0	0	0	0	0	0	0	0	0	0	0	0	0	0	0	0	0	0	0	0	0	0	0	0	0	0	0	0	0	0	0	0	0	0	0	0	0	0	0	0	0	0	0	0	1	0	0	0	0	0	0	0	0
8	233	2008	53.133026	63.398422	0	12.924742	16.038992	25.652205	27.135736	84.7612	.87444752	94.583458	45.277512	41.349941	12.58664	2.1489427	10	10	0	0	1	10.775922	64.680191	0	12.924742	16.006031	27.44421	26.438822	84.201797	.22471911	84.175667	44.579742	55.911926	11.868585	1.3736402	10	10	0	0	1	10.418845	0	0	0	0	0	0	0	1	0	0	0	0	0	0	0	0	0	0	0	0	0	0	0	0	0	0	0	0	0	0	0	0	0	0	0	0	0	0	0	0	0	0	0	0	0	0	0	0	0	0	0	0	0	0	0	0	1	0	0	0	0	0	0	0	0
3	234	1983	35.973862	50.961025	0	10.596635	15.66861	27.545498	20.680323	61.959599	.6299603	71.494942	41.245705	38.869099	9.1484308	4.28128	10	10	0	1	1	9.6916456	54.150406	0	10.596635	15.65921	32.226791	20.265402	57.198002	0	66.752342	44.61982	45.72998	8.8629169	2.2591364	10	10	0	1	1	9.5177841	0	0	1	0	0	0	0	0	0	0	0	0	0	0	0	0	0	0	0	0	0	0	0	0	0	0	0	0	0	0	0	0	0	0	0	0	0	0	0	0	0	0	0	0	0	0	0	0	0	0	0	0	0	0	0	0	0	1	0	0	0	0	0	0	0
6	234	1998	45.2327	59.608845	0	10.596635	15.778402	26.132612	22.341076	73.4244	.56740445	76.02861	41.63443	60.899361	11.337128	.38527259	10	10	0	1	1	10.573245	51.084408	0	10.596635	15.743985	25.554708	21.536602	73.420403	.8824802	66.963379	39.705593	48.724899	10.887919	2.3555796	10	10	0	1	1	10.575119	0	0	0	0	0	1	0	0	0	0	0	0	0	0	0	0	0	0	0	0	0	0	0	0	0	0	0	0	0	0	0	0	0	0	0	0	0	0	0	0	0	0	0	0	0	0	0	0	0	0	0	0	0	0	0	0	0	1	0	0	0	0	0	0	0
7	234	2003	37.591862	51.394676	0	10.596635	15.806068	24.785034	23.112709	73.403	.55175036	83.247353	43.456799	68.130836	12.005845	.75510782	10	10	0	1	1	10.702555	59.608845	0	10.596635	15.778402	26.132612	22.341076	73.4244	.56740445	76.02861	41.63443	60.899361	11.337128	.38527259	10	10	0	1	1	10.573245	0	0	0	0	0	0	1	0	0	0	0	0	0	0	0	0	0	0	0	0	0	0	0	0	0	0	0	0	0	0	0	0	0	0	0	0	0	0	0	0	0	0	0	0	0	0	0	0	0	0	0	0	0	0	0	0	0	1	0	0	0	0	0	0	0
8	234	2008	33.647438	53.294518	0	10.596635	15.840975	22.928699	23.917002	73.565598	1.0598351	94.352142	46.672421	57.223541	13.019462	1.4767336	10	10	0	1	1	11.067906	51.394676	0	10.596635	15.806068	24.785034	23.112709	73.403	.55175036	83.247353	43.456799	68.130836	12.005845	.75510782	10	10	0	1	1	10.702555	0	0	0	0	0	0	0	1	0	0	0	0	0	0	0	0	0	0	0	0	0	0	0	0	0	0	0	0	0	0	0	0	0	0	0	0	0	0	0	0	0	0	0	0	0	0	0	0	0	0	0	0	0	0	0	0	0	1	0	0	0	0	0	0	0
4	240	1988	15.109716	94.284836	0	13.143909	17.822514	49.881573	6.7783399	28.892401	1.8531234	62.592243	50.682034	40.671581	8.3609819	4.8369398	2.5999999	7	0	1	2.5999999	7.0363302	94.180618	1.2	13.143909	17.727133	61.631367	6.4242864	27.5734	2.0425186	47.862877	46.731953	39.557281	7.5475016	4.1408982	2	7	0	1	3	6.6691256	0	0	0	1	0	0	0	0	0	0	0	0	0	0	0	0	0	0	0	0	0	0	0	0	0	0	0	0	0	0	0	0	0	0	0	0	0	0	0	0	0	0	0	0	0	0	0	0	0	0	0	0	0	0	0	0	0	0	1	0	0	0	0	0	0
5	240	1993	16.796846	92.538414	0	13.143909	17.889572	42.593811	7.9373417	29.9352	.69570476	80.39949	52.91188	17.57666	9.5489187	4.8643022	7	8.3999996	0	1	3.5999999	7.7032537	94.284836	0	13.143909	17.822514	49.881573	6.7783399	28.892401	1.8531234	62.592243	50.682034	40.671581	8.3609819	4.8369398	2.5999999	7	0	1	2.5999999	7.0363302	0	0	0	0	1	0	0	0	0	0	0	0	0	0	0	0	0	0	0	0	0	0	0	0	0	0	0	0	0	0	0	0	0	0	0	0	0	0	0	0	0	0	0	0	0	0	0	0	0	0	0	0	0	0	0	0	0	0	1	0	0	0	0	0	0
6	240	1998	21.69956	94.175354	0	13.143909	17.936035	36.855152	9.4070311	30.7962	1.0001853	100.49267	46.995468	24.517275	10.121359	2.9238839	9	9	0	1	2.4000001	7.7112832	92.538414	0	13.143909	17.889572	42.593811	7.9373417	29.9352	.69570476	80.39949	52.91188	17.57666	9.5489187	4.8643022	7	8.3999996	0	1	3.5999999	7.7032537	0	0	0	0	0	1	0	0	0	0	0	0	0	0	0	0	0	0	0	0	0	0	0	0	0	0	0	0	0	0	0	0	0	0	0	0	0	0	0	0	0	0	0	0	0	0	0	0	0	0	0	0	0	0	0	0	0	0	1	0	0	0	0	0	0
7	240	2003	20.991421	95.196579	0	13.143909	17.995911	33.058006	10.942774	31.8018	1.2602333	123.70484	45.288502	51.00864	10.768716	2.3654535	9	9	0	1	2.2	7.7485638	94.175354	0	13.143909	17.936035	36.855152	9.4070311	30.7962	1.0001853	100.49267	46.995468	24.517275	10.121359	2.9238839	9	9	0	1	2.4000001	7.7112832	0	0	0	0	0	0	1	0	0	0	0	0	0	0	0	0	0	0	0	0	0	0	0	0	0	0	0	0	0	0	0	0	0	0	0	0	0	0	0	0	0	0	0	0	0	0	0	0	0	0	0	0	0	0	0	0	0	0	1	0	0	0	0	0	0
8	243	2008	20.091049	100	0	10.903935	15.569468	71.881073	5.9470105	36.5938	2.7568762	96.640091	34.777401	84.233803	7.1857152	3.8962405	-3.5999999	6.1999998	0	.40000001	5.1999998	6.1910834	100	0	10.903935	15.459759	77.4011	5.8859582	34.2738	2.3402059	93.413643	34.598831	94.665863	6.6805844	2.980448	-2.4000001	6	0	1	5.8000002	5.7849717	0	0	0	0	0	0	0	1	0	0	0	0	0	0	0	0	0	0	0	0	0	0	0	0	0	0	0	0	0	0	0	0	0	0	0	0	0	0	0	0	0	0	0	0	0	0	0	0	0	0	0	0	0	0	0	0	0	0	0	1	0	0	0	0	0
3	246	1983	30.582691	100	0	8.542861	13.945625	56.09166	9.1263514	10.1034	1.8181819	79.991814	48.326698	12.2	7.9009819	6.2867441	8.3999996	7.8000002	0	1	1	8.8077326	100	0	8.542861	13.853635	60.165314	9.0364666	11.0666	2	99.035263	55.63343	13.229977	7.5433445	14.389732	8	7	0	1	2	8.1993742	0	0	1	0	0	0	0	0	0	0	0	0	0	0	0	0	0	0	0	0	0	0	0	0	0	0	0	0	0	0	0	0	0	0	0	0	0	0	0	0	0	0	0	0	0	0	0	0	0	0	0	0	0	0	0	0	0	0	0	0	1	0	0	0	0
4	246	1988	30.756199	100	0	8.542861	13.997832	57.022362	9.100503	8.9591999	0	82.132912	40.826836	50.400002	8.0029926	6.0865102	9	9	0	1	1	8.2700205	100	0	8.542861	13.945625	56.09166	9.1263514	10.1034	1.8181819	79.991814	48.326698	12.2	7.9009819	6.2867441	8.3999996	7.8000002	0	1	1	8.8077326	0	0	0	1	0	0	0	0	0	0	0	0	0	0	0	0	0	0	0	0	0	0	0	0	0	0	0	0	0	0	0	0	0	0	0	0	0	0	0	0	0	0	0	0	0	0	0	0	0	0	0	0	0	0	0	0	0	0	0	0	1	0	0	0	0
5	246	1993	29.374605	95.564255	0	8.542861	14.029849	53.542713	9.1251249	9.1868	1.6666666	82.944786	38.551601	57.799999	8.2873831	6.6417761	9	9	0	1	1	8.3213091	100	0	8.542861	13.997832	57.022362	9.100503	8.9591999	0	82.132912	40.826836	50.400002	8.0029926	6.0865102	9	9	0	1	1	8.2700205	0	0	0	0	1	0	0	0	0	0	0	0	0	0	0	0	0	0	0	0	0	0	0	0	0	0	0	0	0	0	0	0	0	0	0	0	0	0	0	0	0	0	0	0	0	0	0	0	0	0	0	0	0	0	0	0	0	0	0	0	1	0	0	0	0
2	247	1978	23.85557	100	0	11.953501	15.629562	79.482101	6.760488	49.376598	2.7097082	67.327446	41.372581	35.728649	7.4213729	8.4404783	-9	1	1	1	6	7.0069451	100	0	11.953501	15.505106	87.003807	6.9930363	45.945599	1.8881375	52.467609	43.820034	34.50108	6.5343032	9.2640181	-9	1	1	1	6	6.3253508	0	1	0	0	0	0	0	0	0	0	0	0	0	0	0	0	0	0	0	0	0	0	0	0	0	0	0	0	0	0	0	0	0	0	0	0	0	0	0	0	0	0	0	0	0	0	0	0	0	0	0	0	0	0	0	0	0	0	0	0	0	1	0	0	0
3	247	1983	27.18968	100	0	11.953501	15.757882	74.049667	7.0675302	52.530998	2.6720431	72.159355	41.06134	40.52454	8.3700924	10.139484	-8	2	1	1	5	7.1703582	100	0	11.953501	15.629562	79.482101	6.760488	49.376598	2.7097082	67.327446	41.372581	35.728649	7.4213729	8.4404783	-9	1	1	1	6	7.0069451	0	0	1	0	0	0	0	0	0	0	0	0	0	0	0	0	0	0	0	0	0	0	0	0	0	0	0	0	0	0	0	0	0	0	0	0	0	0	0	0	0	0	0	0	0	0	0	0	0	0	0	0	0	0	0	0	0	0	0	0	0	1	0	0	0
4	247	1988	28.51251	100	0	11.953501	15.876822	68.842201	7.6025567	56.3032	2.3539236	73.073494	38.571884	54.368259	8.61343	5.94067	-5.5999999	2.8	1	1	5.5999999	7.2649679	100	0	11.953501	15.757882	74.049667	7.0675302	52.530998	2.6720431	72.159355	41.06134	40.52454	8.3700924	10.139484	-8	2	1	1	5	7.1703582	0	0	0	1	0	0	0	0	0	0	0	0	0	0	0	0	0	0	0	0	0	0	0	0	0	0	0	0	0	0	0	0	0	0	0	0	0	0	0	0	0	0	0	0	0	0	0	0	0	0	0	0	0	0	0	0	0	0	0	0	0	1	0	0	0
5	247	1993	29.659456	100	0	11.953501	15.973995	61.075336	9.0339317	60.062801	1.8808489	79.719162	39.566498	58.4562	9.0569534	5.4593701	-3.8	4.8000002	1	1	5.8000002	7.5728216	100	0	11.953501	15.876822	68.842201	7.6025567	56.3032	2.3539236	73.073494	38.571884	54.368259	8.61343	5.94067	-5.5999999	2.8	1	1	5.5999999	7.2649679	0	0	0	0	1	0	0	0	0	0	0	0	0	0	0	0	0	0	0	0	0	0	0	0	0	0	0	0	0	0	0	0	0	0	0	0	0	0	0	0	0	0	0	0	0	0	0	0	0	0	0	0	0	0	0	0	0	0	0	0	0	1	0	0	0
6	247	1998	29.018215	100	0	11.953501	16.04541	51.147594	9.9351244	62.6488	1.3000276	79.484291	40.68993	59.862541	9.2501478	5.6796679	-3	6	1	1	6	7.7610469	100	0	11.953501	15.973995	61.075336	9.0339317	60.062801	1.8808489	79.719162	39.566498	58.4562	9.0569534	5.4593701	-3.8	4.8000002	1	1	5.8000002	7.5728216	0	0	0	0	0	1	0	0	0	0	0	0	0	0	0	0	0	0	0	0	0	0	0	0	0	0	0	0	0	0	0	0	0	0	0	0	0	0	0	0	0	0	0	0	0	0	0	0	0	0	0	0	0	0	0	0	0	0	0	0	0	1	0	0	0
7	247	2003	29.291536	100	0	11.953501	16.08753	41.518833	10.15556	64.4496	.82062072	86.892082	40.188278	57.9991	9.6209307	3.043968	-3.8	6	1	1	6	7.9255209	100	0	11.953501	16.04541	51.147594	9.9351244	62.6488	1.3000276	79.484291	40.68993	59.862541	9.2501478	5.6796679	-3	6	1	1	6	7.7610469	0	0	0	0	0	0	1	0	0	0	0	0	0	0	0	0	0	0	0	0	0	0	0	0	0	0	0	0	0	0	0	0	0	0	0	0	0	0	0	0	0	0	0	0	0	0	0	0	0	0	0	0	0	0	0	0	0	0	0	0	0	1	0	0	0
2	256	1978	46.934013	76.443222	0	12.396403	17.840862	34.692451	23.055315	78.161797	0	55.46666	39.44408	49.17334	10.545628	14.89234	10	10	0	1	1	8.6970558	80.372955	0	12.396403	17.840862	37.991673	21.78277	77.456596	0	49.063042	38.828495	56.087502	9.8380356	13.334664	10	10	0	1	1	8.0824652	0	1	0	0	0	0	0	0	0	0	0	0	0	0	0	0	0	0	0	0	0	0	0	0	0	0	0	0	0	0	0	0	0	0	0	0	0	0	0	0	0	0	0	0	0	0	0	0	0	0	0	0	0	0	0	0	0	0	0	0	0	0	1	0	0
3	256	1983	50.258984	77.140617	.2	12.396403	17.844402	30.476444	23.112309	78.426399	.35714287	52.992786	42.365887	48.84848	10.905161	6.9439158	10	10	0	1	1	9.0369921	76.443222	0	12.396403	17.840862	34.692451	23.055315	78.161797	0	55.46666	39.44408	49.17334	10.545628	14.89234	10	10	0	1	1	8.6970558	0	0	1	0	0	0	0	0	0	0	0	0	0	0	0	0	0	0	0	0	0	0	0	0	0	0	0	0	0	0	0	0	0	0	0	0	0	0	0	0	0	0	0	0	0	0	0	0	0	0	0	0	0	0	0	0	0	0	0	0	0	0	1	0	0
4	256	1988	45.749767	75.991165	0	12.396403	17.858562	28.998875	23.599421	78.239998	0	50.593597	46.276215	45.648701	11.858323	6.1639681	10	10	0	1	1	9.5305729	77.140617	.2	12.396403	17.844402	30.476444	23.112309	78.426399	.35714287	52.992786	42.365887	48.84848	10.905161	6.9439158	10	10	0	1	1	9.0369921	0	0	0	1	0	0	0	0	0	0	0	0	0	0	0	0	0	0	0	0	0	0	0	0	0	0	0	0	0	0	0	0	0	0	0	0	0	0	0	0	0	0	0	0	0	0	0	0	0	0	0	0	0	0	0	0	0	0	0	0	0	0	1	0	0
2	262	1978	16.194618	100	0	13.690004	16.467344	75.582092	5.6282444	77.825401	2.9670329	56.792603	42.101692	13.741734	6.1970797	13.898988	9	10	1	0	1	8.153471	100	0	13.690004	16.281622	84.176315	5.6023636	74.212402	3.4848485	48.08503	42.766537	6.2095923	7.146666	15.910456	9	10	1	0	2	7.5206265	0	1	0	0	0	0	0	0	0	0	0	0	0	0	0	0	0	0	0	0	0	0	0	0	0	0	0	0	0	0	0	0	0	0	0	0	0	0	0	0	0	0	0	0	0	0	0	0	0	0	0	0	0	0	0	0	0	0	0	0	0	0	0	1	0
4	262	1988	19.684895	100	0	13.690004	16.748581	66.249519	6.1106825	83.340401	3.3402133	50.611729	42.063255	52.001362	7.3716922	37.675896	9	10	1	0	1	7.8891401	100	0	13.690004	16.599442	69.342522	5.7484384	80.829002	2.5833333	45.692043	44.409485	23.76074	7.0630517	9.6517296	9	10	1	0	1	8.3619938	0	0	0	1	0	0	0	0	0	0	0	0	0	0	0	0	0	0	0	0	0	0	0	0	0	0	0	0	0	0	0	0	0	0	0	0	0	0	0	0	0	0	0	0	0	0	0	0	0	0	0	0	0	0	0	0	0	0	0	0	0	0	0	1	0
5	262	1993	20.180536	100	0	13.690004	16.868883	62.27269	6.6619506	86.105598	1.9523809	54.957973	42.191032	62.718834	8.5576839	39.198021	8.1999998	9.1999998	1	0	2.5999999	7.9465995	100	0	13.690004	16.748581	66.249519	6.1106825	83.340401	3.3402133	50.611729	42.063255	52.001362	7.3716922	37.675896	9	10	1	0	1	7.8891401	0	0	0	0	1	0	0	0	0	0	0	0	0	0	0	0	0	0	0	0	0	0	0	0	0	0	0	0	0	0	0	0	0	0	0	0	0	0	0	0	0	0	0	0	0	0	0	0	0	0	0	0	0	0	0	0	0	0	0	0	0	0	0	1	0
2	274	1978	29.384792	100	0	13.518976	15.504495	94.622513	5.4839277	37.862598	3.0171807	94.334625	58.231453	95.423759	7.5509024	13.958424	-9	1	1	1	5	6.4171247	100	0	13.518976	15.336125	92.706764	5.3259921	33.1008	3.553766	113.19124	65.570389	59.649281	7.4477568	2.5512199	-7.1999998	2	1	1	5	6.1791458	0	1	0	0	0	0	0	0	0	0	0	0	0	0	0	0	0	0	0	0	0	0	0	0	0	0	0	0	0	0	0	0	0	0	0	0	0	0	0	0	0	0	0	0	0	0	0	0	0	0	0	0	0	0	0	0	0	0	0	0	0	0	0	0	1
3	274	1983	29.439447	100	0	13.518976	15.670831	93.363785	5.5136046	39.719002	3.2325437	77.517235	57.31638	127.39928	7.6122684	18.279024	-9	1	1	1	5	6.3385067	100	0	13.518976	15.504495	94.622513	5.4839277	37.862598	3.0171807	94.334625	58.231453	95.423759	7.5509024	13.958424	-9	1	1	1	5	6.4171247	0	0	1	0	0	0	0	0	0	0	0	0	0	0	0	0	0	0	0	0	0	0	0	0	0	0	0	0	0	0	0	0	0	0	0	0	0	0	0	0	0	0	0	0	0	0	0	0	0	0	0	0	0	0	0	0	0	0	0	0	0	0	0	0	1
4	274	1988	23.986673	100	0	13.518976	15.818807	90.23439	5.4805298	39.506199	2.7820756	89.906906	56.40131	193.061	7.7558522	73.151558	-9	1	1	1	5.5999999	5.9917536	100	0	13.518976	15.670831	93.363785	5.5136046	39.719002	3.2325437	77.517235	57.31638	127.39928	7.6122684	18.279024	-9	1	1	1	5	6.3385067	0	0	0	1	0	0	0	0	0	0	0	0	0	0	0	0	0	0	0	0	0	0	0	0	0	0	0	0	0	0	0	0	0	0	0	0	0	0	0	0	0	0	0	0	0	0	0	0	0	0	0	0	0	0	0	0	0	0	0	0	0	0	0	0	1
5	274	1993	33.653427	100	0	13.518976	15.955023	87.904068	5.5239682	38.0252	2.4419322	75.785942	53.783504	194.4446	7.9871845	101.06002	6	7	1	1	2.5999999	5.9802313	100	0	13.518976	15.818807	90.23439	5.4805298	39.506199	2.7820756	89.906906	56.40131	193.061	7.7558522	73.151558	-9	1	1	1	5.5999999	5.9917536	0	0	0	0	1	0	0	0	0	0	0	0	0	0	0	0	0	0	0	0	0	0	0	0	0	0	0	0	0	0	0	0	0	0	0	0	0	0	0	0	0	0	0	0	0	0	0	0	0	0	0	0	0	0	0	0	0	0	0	0	0	0	0	0	1
