period	cc	year	CG_7_GDP	centralization	warfare	area	population	depend15	depend64	urban	pop_growth	trade	gini_gross	debt	fdi_liab	inflation	democracy	pol_comp	presidential	plurality	pol_rights	gdp_pc	lcentralization	lwarfare	larea	lpopulation	ldepend15	ldepend64	lurban	lpop_growth	ltrade	lgini_gross	ldebt	lfdi_liab	linflation	ldemocracy	lpol_comp	lpresidential	lplurality	lpol_rights	lgdp_pc	per01	per02	per03	per04	per05	per06	per07	per08	cc1	cc2	cc3	cc4	cc5	cc6	cc7	cc8	cc9	cc10	cc11	cc12	cc13	cc14	cc15	cc16	cc17	cc18	cc19	cc20	cc21
4	14	1988	36.823723	72.317055	0	11.319947	15.846273	26.101954	21.492294	65.685402	.2631579	69.419174	42.257298	55.373219	8.906106	2.5758481	10	10	0	0	1	9.7307739	72.436829	0	11.319947	15.835711	28.786287	22.0756	65.496002	.26666668	68.62606	44.050762	41.327358	7.9897509	4.6915021	10	10	0	0	1	9.1294394	0	0	0	1	0	0	0	0	1	0	0	0	0	0	0	0	0	0	0	0	0	0	0	0	0	0	0	0	0
5	14	1993	39.562767	70.228325	0	11.319947	15.872149	26.166885	22.448759	65.786003	.51615053	69.359703	49.79306	61.250599	9.4482117	2.84338	10	10	0	0	1	10.135292	72.317055	0	11.319947	15.846273	26.101954	21.492294	65.685402	.2631579	69.419174	42.257298	55.373219	8.906106	2.5758481	10	10	0	0	1	9.7307739	0	0	0	0	1	0	0	0	1	0	0	0	0	0	0	0	0	0	0	0	0	0	0	0	0	0	0	0	0
6	14	1998	41.033047	76.532242	0	11.319947	15.894952	25.695854	22.711035	65.800003	.25316456	81.268883	43.527016	66.244141	10.04312	.4228076	10	10	0	0	1	10.185601	70.228325	0	11.319947	15.872149	26.166885	22.448759	65.786003	.51615053	69.359703	49.79306	61.250599	9.4482117	2.84338	10	10	0	0	1	10.135292	0	0	0	0	0	1	0	0	1	0	0	0	0	0	0	0	0	0	0	0	0	0	0	0	0	0	0	0	0
7	14	2003	40.912971	79.793327	0	11.319947	15.909799	24.192911	23.403061	66.240402	.49691358	96.489006	48.315159	65.958504	11.056755	1.597104	10	10	0	0	1	10.316314	76.532242	0	11.319947	15.894952	25.695854	22.711035	65.800003	.25316456	81.268883	43.527016	66.244141	10.04312	.4228076	10	10	0	0	1	10.185601	0	0	0	0	0	0	1	0	1	0	0	0	0	0	0	0	0	0	0	0	0	0	0	0	0	0	0	0	0
8	14	2008	38.781807	77.47506	0	11.319748	15.936557	22.456839	25.124138	67.085999	.48486629	106.42944	48.607761	65.802559	12.458786	1.726102	10	10	0	0	1	10.711997	79.793327	0	11.319947	15.909799	24.192911	23.403061	66.240402	.49691358	96.489006	48.315159	65.958504	11.056755	1.597104	10	10	0	0	1	10.316314	0	0	0	0	0	0	0	1	1	0	0	0	0	0	0	0	0	0	0	0	0	0	0	0	0	0	0	0	0
7	21	2003	42.83931	85.217979	0	10.318243	16.118095	25.735348	26.086	97.222397	0	148.50986	39.566898	99.019142	12.720386	2.110522	10	10	0	0	1	10.284338	87.684944	0	10.318243	16.118095	26.162348	25.061308	96.981598	0	137.72638	46.879303	117.8408	11.975632	1.0812594	10	10	0	0	1	10.126507	0	0	0	0	0	0	1	0	0	1	0	0	0	0	0	0	0	0	0	0	0	0	0	0	0	0	0	0	0
8	21	2008	42.600281	84.174591	0	10.318243	16.194344	25.618084	26.30629	97.390404	2	157.66937	37.969681	90.986038	13.623202	2.019598	8.3999996	7.5999999	0	0	1	10.680591	85.217979	0	10.318243	16.118095	25.735348	26.086	97.222397	0	148.50986	39.566898	99.019142	12.720386	2.110522	10	10	0	0	1	10.284338	0	0	0	0	0	0	0	1	0	1	0	0	0	0	0	0	0	0	0	0	0	0	0	0	0	0	0	0	0
2	45	1978	19.870735	77.149994	0	16.023785	16.993217	35.830948	13.459776	75.642197	1.7028985	49.75708	36.826576	45.548481	10.719354	8.5907078	10	10	0	1	1	9.1485271	100	0	16.023785	16.933224	43.366093	12.803397	75.628197	1.8614719	44.828785	37.034523	54.281139	10.426517	9.2623997	10	10	0	1	1	8.6593313	0	1	0	0	0	0	0	0	0	0	1	0	0	0	0	0	0	0	0	0	0	0	0	0	0	0	0	0	0
3	45	1983	23.160271	47.403988	0	16.023785	17.050076	31.822815	14.497365	76.077599	.80000001	51.25034	38.639256	57.30946	11.04132	6.4231858	10	10	0	1	1	9.4716177	77.149994	0	16.023785	16.993217	35.830948	13.459776	75.642197	1.7028985	49.75708	36.826576	45.548481	10.719354	8.5907078	10	10	0	1	1	9.1485271	0	0	1	0	0	0	0	0	0	0	1	0	0	0	0	0	0	0	0	0	0	0	0	0	0	0	0	0	0
4	45	1988	23.702297	44.607338	0	16.023785	17.111073	30.604544	15.927623	76.490799	1.5099715	52.541344	38.82811	72.193619	11.4784	4.0743361	10	10	0	1	1	9.784832	47.403988	0	16.023785	17.050076	31.822815	14.497365	76.077599	.80000001	51.25034	38.639256	57.30946	11.04132	6.4231858	10	10	0	1	1	9.4716177	0	0	0	1	0	0	0	0	0	0	1	0	0	0	0	0	0	0	0	0	0	0	0	0	0	0	0	0	0
5	45	1993	25.367357	49.365067	0	16.023785	17.16877	30.335236	17.290426	77.237801	.71428573	60.813988	40.320194	93.691544	12.071505	1.91399	10	10	0	1	1	9.912796	44.607338	0	16.023785	17.111073	30.604544	15.927623	76.490799	1.5099715	52.541344	38.82811	72.193619	11.4784	4.0743361	10	10	0	1	1	9.784832	0	0	0	0	1	0	0	0	0	0	1	0	0	0	0	0	0	0	0	0	0	0	0	0	0	0	0	0	0
6	45	1998	20.280117	46.49593	0	16.023785	17.223267	28.929882	18.151485	78.756798	1.3563218	79.752922	42.211491	93.3395	12.52867	1.764714	10	10	0	1	1	9.9790487	49.365067	0	16.023785	17.16877	30.335236	17.290426	77.237801	.71428573	60.813988	40.320194	93.691544	12.071505	1.91399	10	10	0	1	1	9.912796	0	0	0	0	0	1	0	0	0	0	1	0	0	0	0	0	0	0	0	0	0	0	0	0	0	0	0	0	0
7	45	2003	18.417442	45.068367	0	16.023785	17.268547	26.430641	18.661287	79.864403	.64516127	75.391846	43.236797	76.796761	12.963113	2.53476	10	10	0	1	1	10.228035	46.49593	0	16.023785	17.223267	28.929882	18.151485	78.756798	1.3563218	79.752922	42.211491	93.3395	12.52867	1.764714	10	10	0	1	1	9.9790487	0	0	0	0	0	0	1	0	0	0	1	0	0	0	0	0	0	0	0	0	0	0	0	0	0	0	0	0	0
8	45	2008	17.72159	44.560879	0	16.023785	17.323959	24.231792	19.619421	80.381203	1.2310606	65.272972	42.766453	75.028458	13.616703	2.0685439	10	10	0	1	1	10.659899	45.068367	0	16.023785	17.268547	26.430641	18.661287	79.864403	.64516127	75.391846	43.236797	76.796761	12.963113	2.53476	10	10	0	1	1	10.228035	0	0	0	0	0	0	0	1	0	0	1	0	0	0	0	0	0	0	0	0	0	0	0	0	0	0	0	0	0
5	63	1993	32.049099	100.55762	0	9.1312971	13.343719	38.360226	15.430935	67.533203	2.2157359	104.82491	38.238415	36.525051	7.2705584	5.6092501	10	10	1	0	1	9.3646669	100	0	9.1312971	13.238064	39.114719	15.286086	65.936798	1.7279595	107.18658	36.80904	31.187241	6.8328934	4.2782159	10	10	1	0	1	8.9449444	0	0	0	0	1	0	0	0	0	0	0	1	0	0	0	0	0	0	0	0	0	0	0	0	0	0	0	0	0
6	63	1998	37.75798	102.9438	0	9.1312971	13.426817	34.928604	15.277052	68.403999	1.9755652	105.39626	42.998245	57.16634	7.9371777	2.7672541	10	10	1	0	1	9.524169	100.55762	0	9.1312971	13.343719	38.360226	15.430935	67.533203	2.2157359	104.82491	38.238415	36.525051	7.2705584	5.6092501	10	10	1	0	1	9.3646669	0	0	0	0	0	1	0	0	0	0	0	1	0	0	0	0	0	0	0	0	0	0	0	0	0	0	0	0	0
7	63	2003	43.03841	101.75887	0	9.1312971	13.493981	30.553185	15.286609	69.125603	1.1784482	101.99002	45.660801	66.713478	8.9804401	3.0534959	10	10	1	0	1	9.7815609	102.9438	0	9.1312971	13.426817	34.928604	15.277052	68.403999	1.9755652	105.39626	42.998245	57.16634	7.9371777	2.7672541	10	10	1	0	1	9.524169	0	0	0	0	0	0	1	0	0	0	0	1	0	0	0	0	0	0	0	0	0	0	0	0	0	0	0	0	0
8	63	2008	44.340851	100.41167	0	9.1312971	13.581741	26.483751	15.928982	69.964203	2	96.578011	47.475742	58.159538	9.8163185	2.8196235	10	10	1	0	1	10.242956	101.75887	0	9.1312971	13.493981	30.553185	15.286609	69.125603	1.1784482	101.99002	45.660801	66.713478	8.9804401	3.0534959	10	10	1	0	1	9.7815609	0	0	0	0	0	0	0	1	0	0	0	1	0	0	0	0	0	0	0	0	0	0	0	0	0	0	0	0	0
2	68	1978	32.742264	54.032318	0	10.65429	15.444751	33.624126	21.78845	83.092201	0	63.168736	48.90181	14.772842	8.4180641	8.5747681	10	10	0	0	1	9.3234167	55.415939	0	10.654196	15.428909	35.762833	20.168356	81.182404	.80816329	60.768734	49.214062	5.91085	7.8023181	10.90686	10	10	0	0	1	8.6202726	0	1	0	0	0	0	0	0	0	0	0	0	1	0	0	0	0	0	0	0	0	0	0	0	0	0	0	0	0
3	68	1983	39.645664	56.943787	0	10.654432	15.444751	29.491972	22.550127	84.0998	0	73.80529	48.545467	54.11248	8.2979431	7.647038	10	10	0	0	1	9.3603315	54.032318	0	10.65429	15.444751	33.624126	21.78845	83.092201	0	63.168736	48.90181	14.772842	8.4180641	8.5747681	10	10	0	0	1	9.3234167	0	0	1	0	0	0	0	0	0	0	0	0	1	0	0	0	0	0	0	0	0	0	0	0	0	0	0	0	0
4	68	1988	36.935345	55.967163	0	10.65462	15.444751	26.059668	23.006121	84.646202	0	67.394653	46.863209	59.642979	9.0158186	3.8362999	10	10	0	0	1	9.9690027	56.943787	0	10.654432	15.444751	29.491972	22.550127	84.0998	0	73.80529	48.545467	54.11248	8.2979431	7.647038	10	10	0	0	1	9.3603315	0	0	0	1	0	0	0	0	0	0	0	0	1	0	0	0	0	0	0	0	0	0	0	0	0	0	0	0	0
5	68	1993	40.593987	59.159302	0	10.655422	15.46417	25.424168	22.865904	84.924599	.39215687	70.051064	47.860664	64.906502	9.7281494	1.561748	10	10	0	0	1	10.283306	55.967163	0	10.65462	15.444751	26.059668	23.006121	84.646202	0	67.394653	46.863209	59.642979	9.0158186	3.8362999	10	10	0	0	1	9.9690027	0	0	0	0	1	0	0	0	0	0	0	0	1	0	0	0	0	0	0	0	0	0	0	0	0	0	0	0	0
6	68	1998	37.291786	66.295753	0	10.655611	15.483217	26.976784	22.323362	85.051598	.38461539	76.404877	47.171276	67.272774	10.41873	1.9725519	10	10	0	0	1	10.389779	59.159302	0	10.655422	15.46417	25.424168	22.865904	84.924599	.39215687	70.051064	47.860664	64.906502	9.7281494	1.561748	10	10	0	0	1	10.283306	0	0	0	0	0	1	0	0	0	0	0	0	1	0	0	0	0	0	0	0	0	0	0	0	0	0	0	0	0
7	68	2003	33.987255	62.662079	0	10.655611	15.501909	28.267084	22.460171	85.553596	.3773585	87.895477	45.98859	54.448021	11.341936	2.3298039	10	10	0	0	1	10.553508	66.295753	0	10.655611	15.483217	26.976784	22.323362	85.051598	.38461539	76.404877	47.171276	67.272774	10.41873	1.9725519	10	10	0	0	1	10.389779	0	0	0	0	0	0	1	0	0	0	0	0	1	0	0	0	0	0	0	0	0	0	0	0	0	0	0	0	0
8	68	2008	37.558762	69.400368	0	10.655611	15.520192	27.878649	24.029398	86.419403	.37037036	99.24511	51.654423	40.538639	11.678454	2.7149673	10	10	0	0	1	10.939422	62.662079	0	10.655611	15.501909	28.267084	22.460171	85.553596	.3773585	87.895477	45.98859	54.448021	11.341936	2.3298039	10	10	0	0	1	10.553508	0	0	0	0	0	0	0	1	0	0	0	0	1	0	0	0	0	0	0	0	0	0	0	0	0	0	0	0	0
2	83	1978	26.14304	62.911308	0	12.626722	15.375705	30.943014	16.981976	70.168602	.42553192	55.731205	38.296722	3.4137001	6.1575675	9.5876217	10	10	0	0	2	9.0053625	62.978073	0	12.626722	15.35447	34.383369	14.978628	66.180199	.43478259	51.211185	43.698967	2.911406	5.318615	13.003914	10	10	0	0	2	8.3040619	0	1	0	0	0	0	0	0	0	0	0	0	0	1	0	0	0	0	0	0	0	0	0	0	0	0	0	0	0
3	83	1983	27.519817	62.430107	0	12.626722	15.396498	28.964954	18.089371	74.175598	.41666666	58.497902	37.639992	14.30602	7.0219984	8.5323725	10	10	0	0	2	9.2843199	62.911308	0	12.626722	15.375705	30.943014	16.981976	70.168602	.42553192	55.731205	38.296722	3.4137001	6.1575675	9.5876217	10	10	0	0	2	9.0053625	0	0	1	0	0	0	0	0	0	0	0	0	0	1	0	0	0	0	0	0	0	0	0	0	0	0	0	0	0
4	83	1988	28.792992	61.245419	0	12.626722	15.416867	28.559944	19.213493	77.943398	.40816328	48.897728	36.718899	15.7458	8.0291719	5.7207541	10	10	0	0	1.2	9.9378128	62.430107	0	12.626722	15.396498	28.964954	18.089371	74.175598	.41666666	58.497902	37.639992	14.30602	7.0219984	8.5323725	10	10	0	0	2	9.2843199	0	0	0	1	0	0	0	0	0	0	0	0	0	1	0	0	0	0	0	0	0	0	0	0	0	0	0	0	0
5	83	1993	40.776924	64.883186	0	12.626722	15.436831	28.674416	20.775515	80.3246	.40000001	56.767712	37.639591	45.54398	8.5526304	2.1007338	10	10	0	0	1	9.983963	61.245419	0	12.626722	15.416867	28.559944	19.213493	77.943398	.40816328	48.897728	36.718899	15.7458	8.0291719	5.7207541	10	10	0	0	1.2	9.9378128	0	0	0	0	1	0	0	0	0	0	0	0	0	1	0	0	0	0	0	0	0	0	0	0	0	0	0	0	0
6	83	1998	35.810883	67.022629	0	12.626722	15.456402	27.715694	21.834017	81.695	.39215687	70.636429	43.187084	49.168861	9.5731201	1.7167758	10	10	0	0	1	10.109635	64.883186	0	12.626722	15.436831	28.674416	20.775515	80.3246	.40000001	56.767712	37.639591	45.54398	8.5526304	2.1007338	10	10	0	0	1	9.983963	0	0	0	0	0	1	0	0	0	0	0	0	0	1	0	0	0	0	0	0	0	0	0	0	0	0	0	0	0
7	83	2003	35.634682	72.063133	0	12.626722	15.46417	26.495062	23.210928	82.616203	0	73.735497	47.689888	42.937901	10.643261	.9084602	10	10	0	0	1	10.327182	67.022629	0	12.626722	15.456402	27.715694	21.834017	81.695	.39215687	70.636429	43.187084	49.168861	9.5731201	1.7167758	10	10	0	0	1	10.109635	0	0	0	0	0	0	1	0	0	0	0	0	0	1	0	0	0	0	0	0	0	0	0	0	0	0	0	0	0
8	83	2008	36.881977	71.960793	0	12.624717	15.486956	25.308689	24.978861	83.296799	.76197386	83.003403	47.767551	40.214981	11.328174	1.7197398	10	10	0	0	1	10.715929	72.063133	0	12.626722	15.46417	26.495062	23.210928	82.616203	0	73.735497	47.689888	42.937901	10.643261	.9084602	10	10	0	0	1	10.327182	0	0	0	0	0	0	0	1	0	0	0	0	0	1	0	0	0	0	0	0	0	0	0	0	0	0	0	0	0
2	84	1978	35.457058	92.583549	0	13.213428	17.815504	36.437027	21.903543	73.139603	.37037036	41.33403	40.63385	16.945299	9.5854979	10.131396	8	10	0	1	1	9.1205683	100	0	13.213428	17.789469	38.967659	21.177118	72.177597	.76197386	35.58453	42.465721	17.02038	8.3210192	9.098052	8	10	0	1	1	8.4316339	0	1	0	0	0	0	0	0	0	0	0	0	0	0	1	0	0	0	0	0	0	0	0	0	0	0	0	0	0
3	84	1983	41.083328	87.453354	0	13.213428	17.840799	33.324215	20.422165	73.5028	.72077924	47.075829	35.319813	26.754499	10.198635	9.1984081	8	10	0	1	1	9.2075062	92.583549	0	13.213428	17.815504	36.437027	21.903543	73.139603	.37037036	41.33403	40.63385	16.945299	9.5854979	10.131396	8	10	0	1	1	9.1205683	0	0	1	0	0	0	0	0	0	0	0	0	0	0	1	0	0	0	0	0	0	0	0	0	0	0	0	0	0
4	84	1988	40.721077	85.602661	0	13.213428	17.868998	31.092379	20.406725	73.8936	.3508772	42.870323	39.051323	33.360958	11.779023	3.440352	9	10	0	1	1	9.7353401	87.453354	0	13.213428	17.840799	33.324215	20.422165	73.5028	.72077924	47.075829	35.319813	26.754499	10.198635	9.1984081	8	10	0	1	1	9.2075062	0	0	0	1	0	0	0	0	0	0	0	0	0	0	1	0	0	0	0	0	0	0	0	0	0	0	0	0	0
5	84	1993	44.357468	85.227058	0	13.213428	17.889629	30.096418	22.478512	74.569603	.68381065	42.98732	47.710949	45.382622	12.531362	1.737826	9	10	0	1	1	10.051267	85.602661	0	13.213428	17.868998	31.092379	20.406725	73.8936	.3508772	42.870323	39.051323	33.360958	11.779023	3.440352	9	10	0	1	1	9.7353401	0	0	0	0	1	0	0	0	0	0	0	0	0	0	1	0	0	0	0	0	0	0	0	0	0	0	0	0	0
6	84	1998	46.592155	87.642097	0	13.213428	17.91316	29.320581	24.151005	76.101799	.33333334	50.3484	45.161114	58.630718	13.016353	1.031626	9	10	0	1	1	10.087535	85.227058	0	13.213428	17.889629	30.096418	22.478512	74.569603	.68381065	42.98732	47.710949	45.382622	12.531362	1.737826	9	10	0	1	1	10.051267	0	0	0	0	0	1	0	0	0	0	0	0	0	0	1	0	0	0	0	0	0	0	0	0	0	0	0	0	0
7	84	2003	46.019859	86.856987	0	13.213425	17.942593	28.488239	25.056013	79.691002	.65044951	53.046005	49.222717	62.175179	13.323471	1.963202	9	10	0	1	1	10.234266	87.642097	0	13.213428	17.91316	29.320581	24.151005	76.101799	.33333334	50.3484	45.161114	58.630718	13.016353	1.031626	9	10	0	1	1	10.087535	0	0	0	0	0	0	1	0	0	0	0	0	0	0	1	0	0	0	0	0	0	0	0	0	0	0	0	0	0
8	84	2008	46.673023	85.734062	0	13.21341	17.974344	28.236656	25.473652	83.759399	.6299603	53.64563	51.289398	71.545517	13.870057	1.7894052	9	10	0	1	1	10.598432	86.856987	0	13.213425	17.942593	28.488239	25.056013	79.691002	.65044951	53.046005	49.222717	62.175179	13.323471	1.963202	9	10	0	1	1	10.234266	0	0	0	0	0	0	0	1	0	0	0	0	0	0	1	0	0	0	0	0	0	0	0	0	0	0	0	0	0
6	93	1998	31.731733	66.170311	0	12.762878	18.222229	23.464674	23.227537	73.154602	0	56.467026	47.276054	59.809879	12.35026	.20213559	10	10	0	1	1	10.170842	59.328384	0	12.763165	18.207445	23.571543	22.159008	73.218803	.75007814	47.58271	46.948601	46.20808	11.313795	3.394536	10	10	0	1	1	10.163696	0	0	0	0	0	1	0	0	0	0	0	0	0	0	0	1	0	0	0	0	0	0	0	0	0	0	0	0	0
7	93	2003	31.902987	66.560318	0	12.762311	18.227077	22.00152	26.687117	73.239799	.0029385835	70.287064	51.062397	63.384621	13.279296	1.0685964	10	10	0	1	1	10.249834	66.170311	0	12.762878	18.222229	23.464674	23.227537	73.154602	0	56.467026	47.276054	59.809879	12.35026	.20213559	10	10	0	1	1	10.170842	0	0	0	0	0	0	1	0	0	0	0	0	0	0	0	1	0	0	0	0	0	0	0	0	0	0	0	0	0
8	93	2008	30.339106	66.240379	0	12.761795	18.227077	20.681292	30.078335	73.630997	0	86.208755	54.40213	71.075478	13.746892	.98604178	10	10	0	1	1	10.592058	66.560318	0	12.762311	18.227077	22.00152	26.687117	73.239799	.0029385835	70.287064	51.062397	63.384621	13.279296	1.0685964	10	10	0	1	1	10.249834	0	0	0	0	0	0	0	1	0	0	0	0	0	0	0	1	0	0	0	0	0	0	0	0	0	0	0	0	0
2	96	1978	20.970093	100	0	11.766792	16.053921	36.382103	20.054573	56.763199	1.3001817	44.449627	45.460297	22.5735	7.2353663	16.673401	8	10	0	1	1.8	8.3906097	100	0	11.766792	16.003771	38.064407	18.590666	54.185799	.45199183	36.735405	47.888332	24.01292	6.0849056	12.966496	-2.4000001	3.25	0	1	4.25	7.7104001	0	1	0	0	0	0	0	0	0	0	0	0	0	0	0	0	1	0	0	0	0	0	0	0	0	0	0	0	0
3	96	1983	31.262253	100	0	11.766792	16.099903	33.876564	20.476074	58.158199	.61860055	51.418068	44.918404	35.33036	7.8573899	22.076281	8	10	0	1	1.2	8.4932775	100	0	11.766792	16.053921	36.382103	20.054573	56.763199	1.3001817	44.449627	45.460297	22.5735	7.2353663	16.673401	8	10	0	1	1.8	8.3906097	0	0	1	0	0	0	0	0	0	0	0	0	0	0	0	0	1	0	0	0	0	0	0	0	0	0	0	0	0
4	96	1988	38.17123	100	0	11.766792	16.118095	30.296295	20.255764	58.682201	.2020202	49.958344	43.817558	58.047298	8.6486979	17.20084	10	10	0	1	1.6	8.8532352	100	0	11.766792	16.099903	33.876564	20.476074	58.158199	.61860055	51.418068	44.918404	35.33036	7.8573899	22.076281	8	10	0	1	1.2	8.4932775	0	0	0	1	0	0	0	0	0	0	0	0	0	0	0	0	1	0	0	0	0	0	0	0	0	0	0	0	0
5	96	1993	31.941317	99.684135	0	11.766792	16.156219	26.221994	21.575914	59.109402	2	45.619869	45.012505	90.644501	9.2275944	13.997788	10	10	0	1	1	9.2682667	100	0	11.766792	16.118095	30.296295	20.255764	58.682201	.2020202	49.958344	43.817558	58.047298	8.6486979	17.20084	10	10	0	1	1.6	8.8532352	0	0	0	0	1	0	0	0	0	0	0	0	0	0	0	0	1	0	0	0	0	0	0	0	0	0	0	0	0
6	96	1998	44.176594	98.172432	0	11.766792	16.213406	23.164474	23.855827	59.5564	0	53.591431	46.024178	100.57426	9.5012531	5.1480341	10	10	0	1	1	9.4231195	99.684135	0	11.766792	16.156219	26.221994	21.575914	59.109402	2	45.619869	45.012505	90.644501	9.2275944	13.997788	10	10	0	1	1	9.2682667	0	0	0	0	0	1	0	0	0	0	0	0	0	0	0	0	1	0	0	0	0	0	0	0	0	0	0	0	0
7	96	2003	44.255291	97.945786	0	11.766792	16.213406	21.635225	26.354679	60.084	0	57.428856	45.956997	100.3144	9.9505768	3.2398	10	10	0	1	1	9.7044239	98.172432	0	11.766792	16.213406	23.164474	23.855827	59.5564	0	53.591431	46.024178	100.57426	9.5012531	5.1480341	10	10	0	1	1	9.4231195	0	0	0	0	0	0	1	0	0	0	0	0	0	0	0	0	1	0	0	0	0	0	0	0	0	0	0	0	0
8	96	2008	47.015278	97.710968	0	11.766792	16.213406	21.530704	27.566879	60.8578	0	56.273357	39.7197	118.4194	10.634113	2.7801139	10	10	0	1	1	10.204239	97.945786	0	11.766792	16.213406	21.635225	26.354679	60.084	0	57.428856	45.956997	100.3144	9.9505768	3.2398	10	10	0	1	1	9.7044239	0	0	0	0	0	0	0	1	0	0	0	0	0	0	0	0	1	0	0	0	0	0	0	0	0	0	0	0	0
2	116	1978	36.339722	76.524849	0	11.140266	15.01522	52.439213	18.463022	54.6534	1.2310606	99.426918	46.905483	52.502041	8.0571175	14.63976	10	10	0	0	1	8.3530664	75.687317	0	11.140266	14.940146	53.747318	18.912039	52.869202	1.3118279	77.584419	46.210835	40.814419	6.7118773	13.083582	10	10	0	0	1	7.7221828	0	1	0	0	0	0	0	0	0	0	0	0	0	0	0	0	0	1	0	0	0	0	0	0	0	0	0	0	0
3	116	1983	45.739429	78.597885	0	11.140266	15.068274	50.079079	18.251135	55.898201	.58823532	101.1282	47.037086	69.164261	8.9913788	10.97984	10	10	0	0	1	8.6836796	76.524849	0	11.140266	15.01522	52.439213	18.463022	54.6534	1.2310606	99.426918	46.905483	52.502041	8.0571175	14.63976	10	10	0	0	1	8.3530664	0	0	1	0	0	0	0	0	0	0	0	0	0	0	0	0	0	1	0	0	0	0	0	0	0	0	0	0	0
4	116	1988	40.824627	78.3946	0	11.140266	15.068274	46.018696	18.383526	56.653599	0	105.28958	45.997787	85.725418	9.2980356	3.357199	10	10	0	0	1	9.2447815	78.597885	0	11.140266	15.068274	50.079079	18.251135	55.898201	.58823532	101.1282	47.037086	69.164261	8.9913788	10.97984	10	10	0	0	1	8.6836796	0	0	0	1	0	0	0	0	0	0	0	0	0	0	0	0	0	1	0	0	0	0	0	0	0	0	0	0	0
5	116	1993	37.951981	79.668594	0	11.140266	15.085176	40.093369	18.147898	57.5144	.5714286	121.67632	43.034554	90.204422	9.947897	2.90358	10	10	0	0	1	9.6504803	78.3946	0	11.140266	15.068274	46.018696	18.383526	56.653599	0	105.28958	45.997787	85.725418	9.2980356	3.357199	10	10	0	0	1	9.2447815	0	0	0	0	1	0	0	0	0	0	0	0	0	0	0	0	0	1	0	0	0	0	0	0	0	0	0	0	0
6	116	1998	31.611095	91.00457	0	11.140266	15.129031	34.371132	17.170162	58.655602	1.096096	159.19151	42.639381	55.541599	11.015464	3.790679	10	10	0	0	1	10.062995	79.668594	0	11.140266	15.085176	40.093369	18.147898	57.5144	.5714286	121.67632	43.034554	90.204422	9.947897	2.90358	10	10	0	0	1	9.6504803	0	0	0	0	0	1	0	0	0	0	0	0	0	0	0	0	0	1	0	0	0	0	0	0	0	0	0	0	0
7	116	2003	29.824667	91.14151	0	11.140266	15.206374	30.757744	16.301739	59.944599	2.0269413	161.40881	41.880947	31.10774	12.097045	3.985146	10	10	0	0	1	10.534817	91.00457	0	11.140266	15.129031	34.371132	17.170162	58.655602	1.096096	159.19151	42.639381	55.541599	11.015464	3.790679	10	10	0	0	1	10.062995	0	0	0	0	0	0	1	0	0	0	0	0	0	0	0	0	0	1	0	0	0	0	0	0	0	0	0	0	0
8	116	2008	42.689377	91.892303	0	11.140266	15.287707	30.821611	16.763935	61.329601	1.8402966	161.63548	40.894489	50.818661	12.234745	-.63050002	10	10	0	0	1	10.89273	91.14151	0	11.140266	15.206374	30.757744	16.301739	59.944599	2.0269413	161.40881	41.880947	31.10774	12.097045	3.985146	10	10	0	0	1	10.534817	0	0	0	0	0	0	0	1	0	0	0	0	0	0	0	0	0	1	0	0	0	0	0	0	0	0	0	0	0
2	119	1978	33.736622	100	0	12.591709	17.837259	36.289635	20.333754	66.241203	.36363637	43.733734	44.808472	57.041901	9.0206919	17.228661	10	10	0	0	1.8	8.6257305	100	0	12.591709	17.811834	38.567966	18.425196	65.094597	.37037036	36.173248	50.16922	49.420238	8.893405	12.555982	10	10	0	0	1	8.017992	0	1	0	0	0	0	0	0	0	0	0	0	0	0	0	0	0	0	1	0	0	0	0	0	0	0	0	0	0
3	119	1983	27.021959	94.306259	0	12.591709	17.855022	30.988268	19.920109	66.751602	.35714287	44.3759	40.667606	69.361702	9.2711992	14.272268	10	10	0	0	1	8.9219522	100	0	12.591709	17.837259	36.289635	20.333754	66.241203	.36363637	43.733734	44.808472	57.041901	9.0206919	17.228661	10	10	0	0	1.8	8.6257305	0	0	1	0	0	0	0	0	0	0	0	0	0	0	0	0	0	0	1	0	0	0	0	0	0	0	0	0	0
4	119	1988	45.684254	84.085602	0	12.591709	17.858562	25.680552	20.648241	66.765999	0	37.444084	43.092712	90.720337	10.60067	7.0519099	10	10	0	0	1	9.6056147	94.306259	0	12.591709	17.855022	30.988268	19.920109	66.751602	.35714287	44.3759	40.667606	69.361702	9.2711992	14.272268	10	10	0	0	1	8.9219522	0	0	0	1	0	0	0	0	0	0	0	0	0	0	0	0	0	0	1	0	0	0	0	0	0	0	0	0	0
5	119	1993	48.730179	98.270828	0	12.591709	17.858562	22.533274	23.339108	66.843597	0	40.21085	45.625938	112.62706	10.97679	4.8606219	10	10	0	.40000001	1	9.8999329	84.085602	0	12.591709	17.858562	25.680552	20.648241	66.765999	0	37.444084	43.092712	90.720337	10.60067	7.0519099	10	10	0	0	1	9.6056147	0	0	0	0	1	0	0	0	0	0	0	0	0	0	0	0	0	0	1	0	0	0	0	0	0	0	0	0	0
6	119	1998	42.139866	85.919037	0	12.591709	17.858562	21.403664	25.994852	67.101997	0	47.489143	45.937073	115.353	11.507975	2.7522659	10	10	0	1	1	9.9556952	98.270828	0	12.591709	17.858562	22.533274	23.339108	66.843597	0	40.21085	45.625938	112.62706	10.97679	4.8606219	10	10	0	.40000001	1	9.8999329	0	0	0	0	0	1	0	0	0	0	0	0	0	0	0	0	0	0	1	0	0	0	0	0	0	0	0	0	0
7	119	2003	38.808456	81.38414	0	12.59177	17.872416	21.229797	28.672873	67.441597	.3508772	50.42683	45.008194	105.7468	12.030114	2.68277	10	10	0	1	1	10.130092	85.919037	0	12.591709	17.858562	21.403664	25.994852	67.101997	0	47.489143	45.937073	115.353	11.507975	2.7522659	10	10	0	1	1	9.9556952	0	0	0	0	0	0	1	0	0	0	0	0	0	0	0	0	0	0	1	0	0	0	0	0	0	0	0	0	0
8	119	2008	40.765419	82.845886	0	12.591811	17.906439	21.343733	30.437458	67.967201	.34482759	54.969227	44.215855	110.326	12.728108	1.8183622	10	10	0	1	1	10.46102	81.38414	0	12.59177	17.872416	21.229797	28.672873	67.441597	.3508772	50.42683	45.008194	105.7468	12.030114	2.68277	10	10	0	1	1	10.130092	0	0	0	0	0	0	0	1	0	0	0	0	0	0	0	0	0	0	1	0	0	0	0	0	0	0	0	0	0
2	167	1978	46.64595	75.880028	0	10.427032	16.454567	36.744022	17.194124	64.120201	0	96.774307	39.665787	40.740002	9.6481276	5.7897878	10	10	0	0	1	9.2136135	91.827393	0	10.427032	16.395281	41.888458	16.621166	62.575001	1.5384616	92.672844	42.555042	41.82	8.8496847	9.304204	10	10	0	0	1	8.4672995	0	1	0	0	0	0	0	0	0	0	0	0	0	0	0	0	0	0	0	1	0	0	0	0	0	0	0	0	0
3	167	1983	52.753258	75.849846	0	10.427032	16.454567	30.858097	17.413576	65.929398	0	113.09404	37.871059	58.720001	9.8574629	3.1151626	10	10	0	0	1	9.1978617	75.880028	0	10.427032	16.454567	36.744022	17.194124	64.120201	0	96.774307	39.665787	40.740002	9.6481276	5.7897878	10	10	0	0	1	9.2136135	0	0	1	0	0	0	0	0	0	0	0	0	0	0	0	0	0	0	0	1	0	0	0	0	0	0	0	0	0
4	167	1988	51.577999	77.349098	0	10.427032	16.523561	27.132849	18.103155	67.898003	1.4285715	105.47824	38.984543	74.32	10.80644	.57829762	10	10	0	0	1	9.6807966	75.849846	0	10.427032	16.454567	30.858097	17.413576	65.929398	0	113.09404	37.871059	58.720001	9.8574629	3.1151626	10	10	0	0	1	9.1978617	0	0	0	1	0	0	0	0	0	0	0	0	0	0	0	0	0	0	0	1	0	0	0	0	0	0	0	0	0
5	167	1993	49.841808	77.254364	0	10.427032	16.523561	26.594475	18.988779	71.160202	0	108.38414	41.539242	76.800003	11.346703	2.2675481	10	10	0	0	1	10.030482	77.349098	0	10.427032	16.523561	27.132849	18.103155	67.898003	1.4285715	105.47824	38.984543	74.32	10.80644	.57829762	10	10	0	0	1	9.6807966	0	0	0	0	1	0	0	0	0	0	0	0	0	0	0	0	0	0	0	1	0	0	0	0	0	0	0	0	0
6	167	1998	41.511566	88.742836	0	10.427032	16.588099	27.212521	19.692844	75.203796	1.3333334	122.37512	40.523407	64.580002	12.008492	2.3499601	10	10	0	0	1	10.147489	77.254364	0	10.427032	16.523561	26.594475	18.988779	71.160202	0	108.38414	41.539242	76.800003	11.346703	2.2675481	10	10	0	0	1	10.030482	0	0	0	0	0	1	0	0	0	0	0	0	0	0	0	0	0	0	0	1	0	0	0	0	0	0	0	0	0
7	167	2003	40.4828	88.181664	0	10.427032	16.588099	27.410679	20.420481	78.8228	0	125.28268	47.305305	51.484482	12.918883	2.8527882	10	10	0	0	1	10.37402	88.742836	0	10.427032	16.588099	27.212521	19.692844	75.203796	1.3333334	122.37512	40.523407	64.580002	12.008492	2.3499601	10	10	0	0	1	10.147489	0	0	0	0	0	0	1	0	0	0	0	0	0	0	0	0	0	0	0	1	0	0	0	0	0	0	0	0	0
8	167	2008	42.627632	89.190117	0	10.426677	16.624474	26.795153	21.851635	81.717003	1.25	140.15427	49.336761	55.065361	13.361228	1.3333036	10	10	0	0	1	10.76238	88.181664	0	10.427032	16.588099	27.410679	20.420481	78.8228	0	125.28268	47.305305	51.484482	12.918883	2.8527882	10	10	0	0	1	10.37402	0	0	0	0	0	0	0	1	0	0	0	0	0	0	0	0	0	0	0	1	0	0	0	0	0	0	0	0	0
2	178	1978	32.863682	80.329613	0	12.625704	15.21662	36.463879	22.802082	69.601799	.5	77.886688	38.095409	35.634918	8.5269566	8.2117081	10	10	0	0	1	9.3536701	100	0	12.625704	15.191678	38.604828	21.374741	67.070602	.51282054	76.02523	41.364582	26.08638	7.1949162	8.14711	10	10	0	0	1	8.6117172	0	1	0	0	0	0	0	0	0	0	0	0	0	0	0	0	0	0	0	0	1	0	0	0	0	0	0	0	0
3	178	1983	32.943638	69.113724	0	12.625704	15.231317	32.685963	24.066902	71.003998	.48780489	77.599174	38.963135	39.411766	8.7539463	8.3401899	10	10	0	0	1	9.6203508	80.329613	0	12.625704	15.21662	36.463879	22.802082	69.601799	.5	77.886688	38.095409	35.634918	8.5269566	8.2117081	10	10	0	0	1	9.3536701	0	0	1	0	0	0	0	0	0	0	0	0	0	0	0	0	0	0	0	0	1	0	0	0	0	0	0	0	0
4	178	1988	36.995693	68.128593	0	12.625704	15.250595	29.759346	24.970455	71.697601	0	70.408737	39.766575	39.707119	9.1551619	4.1735663	10	10	0	0	1	10.043679	69.113724	0	12.625704	15.231317	32.685963	24.066902	71.003998	.48780489	77.599174	38.963135	39.411766	8.7539463	8.3401899	10	10	0	0	1	9.6203508	0	0	0	1	0	0	0	0	0	0	0	0	0	0	0	0	0	0	0	0	1	0	0	0	0	0	0	0	0
5	178	1993	40.886494	68.188736	0	12.625704	15.278724	29.684509	24.979691	73.040802	.94130677	70.072769	44.14732	49.933281	9.6504726	1.317966	10	10	0	0	1	10.2946	68.128593	0	12.625704	15.250595	29.759346	24.970455	71.697601	0	70.408737	39.766575	39.707119	9.1551619	4.1735663	10	10	0	0	1	10.043679	0	0	0	0	1	0	0	0	0	0	0	0	0	0	0	0	0	0	0	0	1	0	0	0	0	0	0	0	0
6	178	1998	35.012032	68.58358	0	12.625704	15.306105	30.687975	23.916515	75.154198	.45454547	73.597046	45.413689	33.269299	10.14631	5.6952229	10	10	0	0	1	10.488099	68.188736	0	12.625704	15.278724	29.684509	24.979691	73.040802	.94130677	70.072769	44.14732	49.933281	9.6504726	1.317966	10	10	0	0	1	10.2946	0	0	0	0	0	1	0	0	0	0	0	0	0	0	0	0	0	0	0	0	1	0	0	0	0	0	0	0	0
7	178	2003	35.772827	79.39859	0	12.625704	15.332775	30.430285	22.782816	76.926399	.44444445	70.665916	46.48204	45.127041	10.903142	3.5377281	10	10	0	0	1	10.808039	68.58358	0	12.625704	15.306105	30.687975	23.916515	75.154198	.45454547	73.597046	45.413689	33.269299	10.14631	5.6952229	10	10	0	0	1	10.488099	0	0	0	0	0	0	1	0	0	0	0	0	0	0	0	0	0	0	0	0	1	0	0	0	0	0	0	0	0
8	178	2008	33.716671	79.614601	0	12.627245	15.379829	28.769156	21.947754	78.457199	1.2769812	72.3452	42.48708	56.852341	11.789412	4.7334561	10	10	0	0	1	11.320476	79.39859	0	12.625704	15.332775	30.430285	22.782816	76.926399	.44444445	70.665916	46.48204	45.127041	10.903142	3.5377281	10	10	0	0	1	10.808039	0	0	0	0	0	0	0	1	0	0	0	0	0	0	0	0	0	0	0	0	1	0	0	0	0	0	0	0	0
2	191	1978	22.483541	100	0	11.424094	16.075026	42.390526	17.777952	41.982601	1.4971519	45.753887	50.71727	28.87266	6.6074395	21.072559	9	10	1	0	2	7.8373456	100	0	11.424094	16.005831	45.15966	16.475157	39.988998	.91704941	47.631863	54.283466	15.29696	5.3050842	11.476642	-5.4000001	1	1	0	5	7.3381934	0	1	0	0	0	0	0	0	0	0	0	0	0	0	0	0	0	0	0	0	0	1	0	0	0	0	0	0	0
3	191	1983	30.203928	100	0	11.424094	16.112066	38.754883	18.616991	44.292801	.40610182	60.392723	49.788368	45.620361	7.1106353	21.862961	9.8000002	10	.40000001	0	1.4	7.9426608	100	0	11.424094	16.075026	42.390526	17.777952	41.982601	1.4971519	45.753887	50.71727	28.87266	6.6074395	21.072559	9	10	1	0	2	7.8373456	0	0	1	0	0	0	0	0	0	0	0	0	0	0	0	0	0	0	0	0	0	1	0	0	0	0	0	0	0
4	191	1988	32.047272	95.556641	0	11.424094	16.110056	33.573185	19.913622	46.868198	0	62.521107	48.375271	54.288021	8.4476261	13.07436	10	10	0	0	1	8.6048441	100	0	11.424094	16.112066	38.754883	18.616991	44.292801	.40610182	60.392723	49.788368	45.620361	7.1106353	21.862961	9.8000002	10	.40000001	0	1.4	7.9426608	0	0	0	1	0	0	0	0	0	0	0	0	0	0	0	0	0	0	0	0	0	1	0	0	0	0	0	0	0
5	191	1993	38.382439	91.766808	0	11.424094	16.116085	28.270544	21.599804	49.831402	0	58.700436	53.800087	55.39888	9.7127247	7.922976	10	10	0	0	1	9.2080851	95.556641	0	11.424094	16.110056	33.573185	19.913622	46.868198	0	62.521107	48.375271	54.288021	8.4476261	13.07436	10	10	0	0	1	8.6048441	0	0	0	0	1	0	0	0	0	0	0	0	0	0	0	0	0	0	0	0	0	1	0	0	0	0	0	0	0
6	191	1998	38.356529	91.775223	0	11.424094	16.118095	24.774332	23.230469	53.083	0	64.742104	55.929451	52.22908	10.172276	3.3227799	10	10	0	0	1	9.372901	91.766808	0	11.424094	16.116085	28.270544	21.599804	49.831402	0	58.700436	53.800087	55.39888	9.7127247	7.922976	10	10	0	0	1	9.2080851	0	0	0	0	0	1	0	0	0	0	0	0	0	0	0	0	0	0	0	0	0	1	0	0	0	0	0	0	0
7	191	2003	40.294151	91.466431	0	11.424028	16.156219	23.39784	24.821817	56.3046	2	64.217461	58.669827	56.263081	10.875661	3.06317	10	10	0	0	1	9.6081734	91.775223	0	11.424094	16.118095	24.774332	23.230469	53.083	0	64.742104	55.929451	52.22908	10.172276	3.3227799	10	10	0	0	1	9.372901	0	0	0	0	0	0	1	0	0	0	0	0	0	0	0	0	0	0	0	0	0	1	0	0	0	0	0	0	0
8	191	2008	42.503349	90.922379	0	11.423766	16.213406	22.835609	26.189816	59.333599	0	70.102745	59.18964	75.938538	11.566392	1.748106	10	10	0	0	1	9.9780283	91.466431	0	11.424028	16.156219	23.39784	24.821817	56.3046	2	64.217461	58.669827	56.263081	10.875661	3.06317	10	10	0	0	1	9.6081734	0	0	0	0	0	0	0	1	0	0	0	0	0	0	0	0	0	0	0	0	0	1	0	0	0	0	0	0	0
7	220	2003	37.93512	92.887772	0	10.781079	15.501909	25.985134	16.091743	55.831001	0	153.13316	36.580135	39.215141	9.4961605	4.4862418	9	9	0	0	1	8.6919537	92.981194	0	10.781037	15.501909	31.533939	16.08005	56.354599	0	127.85218	33.075825	21.812599	7.942729	6.4410338	8.1999998	8.1999998	0	0	1.6	8.273881	0	0	0	0	0	0	1	0	0	0	0	0	0	0	0	0	0	0	0	0	0	0	1	0	0	0	0	0	0
8	220	2008	34.017776	88.578743	0	10.780958	15.509249	21.797804	16.306122	55.125599	0	164.70816	36.519199	33.01162	10.724463	1.2451302	10	10	0	0	1	9.5777092	92.887772	0	10.781079	15.501909	25.985134	16.091743	55.831001	0	153.13316	36.580135	39.215141	9.4961605	4.4862418	9	9	0	0	1	8.6919537	0	0	0	0	0	0	0	1	0	0	0	0	0	0	0	0	0	0	0	0	0	0	1	0	0	0	0	0	0
2	227	1978	21.777937	93.336594	0	13.121423	17.420948	42.553699	17.331779	71.501404	.55555558	29.229918	39.85622	15.05266	9.0407658	18.158079	6.5999999	9	.40000001	1	2.5999999	8.3836193	100	0	13.121851	17.370695	44.376289	16.189651	68.157204	1.1596639	28.347075	40.542217	9.3667936	8.3194523	12.188088	-6.1999998	1	1	1	5	7.6459169	0	1	0	0	0	0	0	0	0	0	0	0	0	0	0	0	0	0	0	0	0	0	0	1	0	0	0	0	0
3	227	1983	27.442844	84.182129	0	13.121255	17.453096	38.291008	18.199759	73.643402	.54054052	38.808056	34.322918	31.332541	9.3818693	11.455576	9.8000002	9.8000002	0	1	1.4	8.452301	93.336594	0	13.121423	17.420948	42.553699	17.331779	71.501404	.55555558	29.229918	39.85622	15.05266	9.0407658	18.158079	6.5999999	9	.40000001	1	2.5999999	8.3836193	0	0	1	0	0	0	0	0	0	0	0	0	0	0	0	0	0	0	0	0	0	0	0	1	0	0	0	0	0
4	227	1988	30.627741	77.679565	0	13.121243	17.479073	32.36869	19.714756	74.895798	.52631581	36.238995	34.884785	41.865082	10.553315	7.3963141	10	10	0	1	1	9.1281528	84.182129	0	13.121255	17.453096	38.291008	18.199759	73.643402	.54054052	38.808056	34.322918	31.332541	9.3818693	11.455576	9.8000002	9.8000002	0	1	1.4	8.452301	0	0	0	1	0	0	0	0	0	0	0	0	0	0	0	0	0	0	0	0	0	0	0	1	0	0	0	0	0
5	227	1993	35.477058	72.728798	0	13.121243	17.479073	26.467257	21.809082	75.653999	0	38.925385	43.306057	53.2747	11.403737	5.3992238	10	10	0	1	1	9.5622835	77.679565	0	13.121243	17.479073	32.36869	19.714756	74.895798	.52631581	36.238995	34.884785	41.865082	10.553315	7.3963141	10	10	0	1	1	9.1281528	0	0	0	0	1	0	0	0	0	0	0	0	0	0	0	0	0	0	0	0	0	0	0	1	0	0	0	0	0
6	227	1998	33.642345	82.24437	0	13.121066	17.504391	22.530853	23.989828	76.099602	.51282054	53.68708	41.911037	63.8591	11.696032	2.8818021	10	10	0	1	1	9.617856	72.728798	0	13.121243	17.479073	26.467257	21.809082	75.653999	0	38.925385	43.306057	53.2747	11.403737	5.3992238	10	10	0	1	1	9.5622835	0	0	0	0	0	1	0	0	0	0	0	0	0	0	0	0	0	0	0	0	0	0	0	1	0	0	0	0	0
7	227	2003	27.198368	70.555687	0	13.120378	17.552954	21.139563	24.57781	76.525398	1.9291116	56.769028	37.203991	49.206699	12.611157	4.2188978	10	10	0	1	1	9.9107599	82.24437	0	13.121066	17.504391	22.530853	23.989828	76.099602	.51282054	53.68708	41.911037	63.8591	11.696032	2.8818021	10	10	0	1	1	9.617856	0	0	0	0	0	0	1	0	0	0	0	0	0	0	0	0	0	0	0	0	0	0	0	1	0	0	0	0	0
8	227	2008	28.142229	67.095589	0	13.120157	17.626471	21.538452	24.581209	77.050797	1.3337725	56.907059	38.162067	45.781898	13.263403	1.987766	10	10	0	1	1	10.356441	70.555687	0	13.120378	17.552954	21.139563	24.57781	76.525398	1.9291116	56.769028	37.203991	49.206699	12.611157	4.2188978	10	10	0	1	1	9.9107599	0	0	0	0	0	0	0	1	0	0	0	0	0	0	0	0	0	0	0	0	0	0	0	1	0	0	0	0	0
2	233	1978	33.281578	77.152649	0	12.924742	15.926917	31.380873	24.731834	82.944199	.24390244	57.566391	44.689548	34.34996	7.8052197	10.331476	10	10	0	0	1	9.4143963	100	0	12.924742	15.912283	32.172951	22.466867	82.051598	.49691358	52.848095	42.662899	28.78616	7.447803	9.0175562	10	10	0	0	1.25	8.7995739	0	1	0	0	0	0	0	0	0	0	0	0	0	0	0	0	0	0	0	0	0	0	0	0	1	0	0	0	0
3	233	1983	40.711273	64.419167	0	12.924742	15.934161	29.021538	26.197721	83.094803	.24096386	66.972969	48.300148	66.35936	8.1535702	8.1693001	10	10	0	0	1	9.4532137	77.152649	0	12.924742	15.926917	31.380873	24.731834	82.944199	.24390244	57.566391	44.689548	34.34996	7.8052197	10.331476	10	10	0	0	1	9.4143963	0	0	1	0	0	0	0	0	0	0	0	0	0	0	0	0	0	0	0	0	0	0	0	0	1	0	0	0	0
4	233	1988	37.44936	64.10022	0	12.924742	15.953182	27.761925	27.334969	83.099998	.47338936	62.492573	46.267357	56.759819	9.1523962	7.0026741	10	10	0	0	1	10.007513	64.419167	0	12.924742	15.934161	29.021538	26.197721	83.094803	.24096386	66.972969	48.300148	66.35936	8.1535702	8.1693001	10	10	0	0	1	9.4532137	0	0	0	1	0	0	0	0	0	0	0	0	0	0	0	0	0	0	0	0	0	0	0	0	1	0	0	0	0
5	233	1993	43.878658	66.881645	0	12.924742	15.981092	28.970503	27.600374	83.534401	.4624432	62.250381	48.770798	74.023216	9.8510866	3.5637021	10	10	0	0	1	10.214271	64.10022	0	12.924742	15.953182	27.761925	27.334969	83.099998	.47338936	62.492573	46.267357	56.759819	9.1523962	7.0026741	10	10	0	0	1	10.007513	0	0	0	0	1	0	0	0	0	0	0	0	0	0	0	0	0	0	0	0	0	0	0	0	1	0	0	0	0
6	233	1998	39.531178	66.862625	0	12.924742	15.999302	29.210695	27.011278	83.945198	.22727273	78.591637	45.271545	77.363899	10.926587	1.0394185	10	10	0	0	1	10.279536	66.881645	0	12.924742	15.981092	28.970503	27.600374	83.534401	.4624432	62.250381	48.770798	74.023216	9.8510866	3.5637021	10	10	0	0	1	10.214271	0	0	0	0	0	1	0	0	0	0	0	0	0	0	0	0	0	0	0	0	0	0	0	0	1	0	0	0	0
7	233	2003	35.807568	64.680191	0	12.924742	16.006031	27.44421	26.438822	84.201797	.22471911	84.175667	44.579742	55.911926	11.868585	1.3736402	10	10	0	0	1	10.418845	66.862625	0	12.924742	15.999302	29.210695	27.011278	83.945198	.22727273	78.591637	45.271545	77.363899	10.926587	1.0394185	10	10	0	0	1	10.279536	0	0	0	0	0	0	1	0	0	0	0	0	0	0	0	0	0	0	0	0	0	0	0	0	1	0	0	0	0
8	233	2008	33.686291	63.398422	0	12.924742	16.038992	25.652205	27.135736	84.7612	.87444752	94.583458	45.277512	41.349941	12.58664	2.1489427	10	10	0	0	1	10.775922	64.680191	0	12.924742	16.006031	27.44421	26.438822	84.201797	.22471911	84.175667	44.579742	55.911926	11.868585	1.3736402	10	10	0	0	1	10.418845	0	0	0	0	0	0	0	1	0	0	0	0	0	0	0	0	0	0	0	0	0	0	0	0	1	0	0	0	0
3	234	1983	18.335051	50.961025	0	10.596635	15.66861	27.545498	20.680323	61.959599	.6299603	71.494942	41.245705	38.869099	9.1484308	4.28128	10	10	0	1	1	9.6916456	54.150406	0	10.596635	15.65921	32.226791	20.265402	57.198002	0	66.752342	44.61982	45.72998	8.8629169	2.2591364	10	10	0	1	1	9.5177841	0	0	1	0	0	0	0	0	0	0	0	0	0	0	0	0	0	0	0	0	0	0	0	0	0	1	0	0	0
6	234	1998	26.673317	59.608845	0	10.596635	15.778402	26.132612	22.341076	73.4244	.56740445	76.02861	41.63443	60.899361	11.337128	.38527259	10	10	0	1	1	10.573245	51.084408	0	10.596635	15.743985	25.554708	21.536602	73.420403	.8824802	66.963379	39.705593	48.724899	10.887919	2.3555796	10	10	0	1	1	10.575119	0	0	0	0	0	1	0	0	0	0	0	0	0	0	0	0	0	0	0	0	0	0	0	0	0	1	0	0	0
7	234	2003	19.320833	51.394676	0	10.596635	15.806068	24.785034	23.112709	73.403	.55175036	83.247353	43.456799	68.130836	12.005845	.75510782	10	10	0	1	1	10.702555	59.608845	0	10.596635	15.778402	26.132612	22.341076	73.4244	.56740445	76.02861	41.63443	60.899361	11.337128	.38527259	10	10	0	1	1	10.573245	0	0	0	0	0	0	1	0	0	0	0	0	0	0	0	0	0	0	0	0	0	0	0	0	0	1	0	0	0
8	234	2008	17.93314	53.294518	0	10.596635	15.840975	22.928699	23.917002	73.565598	1.0598351	94.352142	46.672421	57.223541	13.019462	1.4767336	10	10	0	1	1	11.067906	51.394676	0	10.596635	15.806068	24.785034	23.112709	73.403	.55175036	83.247353	43.456799	68.130836	12.005845	.75510782	10	10	0	1	1	10.702555	0	0	0	0	0	0	0	1	0	0	0	0	0	0	0	0	0	0	0	0	0	0	0	0	0	1	0	0	0
2	248	1978	12.556685	100	0	13.553665	17.552612	73.252213	7.5134263	42.902401	2.4419322	10.827079	50.482906	23.219879	7.2892656	51.393379	6.1999998	7.4000001	0	0	2.5999999	7.6695242	100	0	13.553665	17.452404	76.839951	7.2417049	40.245201	2.1938405	11.806482	59.296509	25.35914	6.7249784	20.0219	4.5999999	6.1999998	0	0	2.25	6.903945	0	1	0	0	0	0	0	0	0	0	0	0	0	0	0	0	0	0	0	0	0	0	0	0	0	0	1	0	0
3	248	1983	12.725666	100	1.2	13.553665	17.665205	68.625671	6.7362008	48.980801	2.175971	23.383272	50.100521	36.993099	7.0930157	39.966679	2.2	5.8000002	.60000002	0	4	7.5191054	100	0	13.553665	17.552612	73.252213	7.5134263	42.902401	2.4419322	10.827079	50.482906	23.219879	7.2892656	51.393379	6.1999998	7.4000001	0	0	2.5999999	7.6695242	0	0	1	0	0	0	0	0	0	0	0	0	0	0	0	0	0	0	0	0	0	0	0	0	0	0	1	0	0
4	248	1988	11.607251	100	3	13.553665	17.766384	63.202782	6.2630835	56.500999	1.962294	26.102312	45.170586	35.283958	7.9412804	54.457279	7.8000002	9	0	0	2.4000001	7.8461804	100	1.2	13.553665	17.665205	68.625671	6.7362008	48.980801	2.175971	23.383272	50.100521	36.993099	7.0930157	39.966679	2.2	5.8000002	.60000002	0	4	7.5191054	0	0	0	1	0	0	0	0	0	0	0	0	0	0	0	0	0	0	0	0	0	0	0	0	0	0	1	0	0
5	248	1993	16.686108	100	3	13.553665	17.858253	56.929127	6.7204351	60.955002	1.7868544	28.76144	44.079079	32.09642	9.0518036	76.699883	8.3999996	8.3999996	0	0	3.5999999	8.2187929	100	3	13.553665	17.766384	63.202782	6.2630835	56.500999	1.962294	26.102312	45.170586	35.283958	7.9412804	54.457279	7.8000002	9	0	0	2.4000001	7.8461804	0	0	0	0	1	0	0	0	0	0	0	0	0	0	0	0	0	0	0	0	0	0	0	0	0	0	1	0	0
6	248	1998	25.033674	100	2.4000001	13.553665	17.942385	50.422924	7.6515903	63.693802	1.3227658	41.193169	41.114395	41.570961	9.6078081	80.009659	7.1999998	6.4000001	0	0	4	8.3333445	100	3	13.553665	17.858253	56.929127	6.7204351	60.955002	1.7868544	28.76144	44.079079	32.09642	9.0518036	76.699883	8.3999996	8.3999996	0	0	3.5999999	8.2187929	0	0	0	0	0	1	0	0	0	0	0	0	0	0	0	0	0	0	0	0	0	0	0	0	0	0	1	0	0
7	248	2003	36.800232	100	0	13.553665	18.008036	44.883347	8.4031363	66.000999	1.5391904	48.706619	41.44838	66.025383	10.374927	26.605978	7	6	0	0	3.2	8.431633	100	2.4000001	13.553665	17.942385	50.422924	7.6515903	63.693802	1.3227658	41.193169	41.114395	41.570961	9.6078081	80.009659	7.1999998	6.4000001	0	0	4	8.3333445	0	0	0	0	0	0	1	0	0	0	0	0	0	0	0	0	0	0	0	0	0	0	0	0	0	0	1	0	0
8	248	2008	29.877783	94.772896	0	13.553665	18.077991	40.530876	8.7146063	69.028603	1.1513772	49.602764	45.24567	42.52092	11.744848	7.7032561	7	6	0	0	3	9.117671	100	0	13.553665	18.008036	44.883347	8.4031363	66.000999	1.5391904	48.706619	41.44838	66.025383	10.374927	26.605978	7	6	0	0	3.2	8.431633	0	0	0	0	0	0	0	1	0	0	0	0	0	0	0	0	0	0	0	0	0	0	0	0	0	0	1	0	0
2	256	1978	35.876926	76.443222	0	12.396403	17.840862	34.692451	23.055315	78.161797	0	55.46666	39.44408	49.17334	10.545628	14.89234	10	10	0	1	1	8.6970558	80.372955	0	12.396403	17.840862	37.991673	21.78277	77.456596	0	49.063042	38.828495	56.087502	9.8380356	13.334664	10	10	0	1	1	8.0824652	0	1	0	0	0	0	0	0	0	0	0	0	0	0	0	0	0	0	0	0	0	0	0	0	0	0	0	1	0
3	256	1983	38.769569	77.140617	.2	12.396403	17.844402	30.476444	23.112309	78.426399	.35714287	52.992786	42.365887	48.84848	10.905161	6.9439158	10	10	0	1	1	9.0369921	76.443222	0	12.396403	17.840862	34.692451	23.055315	78.161797	0	55.46666	39.44408	49.17334	10.545628	14.89234	10	10	0	1	1	8.6970558	0	0	1	0	0	0	0	0	0	0	0	0	0	0	0	0	0	0	0	0	0	0	0	0	0	0	0	1	0
4	256	1988	34.767181	75.991165	0	12.396403	17.858562	28.998875	23.599421	78.239998	0	50.593597	46.276215	45.648701	11.858323	6.1639681	10	10	0	1	1	9.5305729	77.140617	.2	12.396403	17.844402	30.476444	23.112309	78.426399	.35714287	52.992786	42.365887	48.84848	10.905161	6.9439158	10	10	0	1	1	9.0369921	0	0	0	1	0	0	0	0	0	0	0	0	0	0	0	0	0	0	0	0	0	0	0	0	0	0	0	1	0
5	256	1993	40.947681	80.276947	0	12.396403	17.872475	29.754063	24.369497	78.267799	.3508772	51.238743	47.908585	45.261799	12.270146	3.015518	10	10	0	1	1	9.8261414	75.991165	0	12.396403	17.858562	28.998875	23.599421	78.239998	0	50.593597	46.276215	45.648701	11.858323	6.1639681	10	10	0	1	1	9.5305729	0	0	0	0	1	0	0	0	0	0	0	0	0	0	0	0	0	0	0	0	0	0	0	0	0	0	0	1	0
6	256	1998	36.982899	92.356277	0	12.396403	17.882792	29.698578	24.366323	78.531799	.34482759	55.999596	47.795647	54.416241	12.754113	1.8903116	10	10	0	1	1	10.084211	80.276947	0	12.396403	17.872475	29.754063	24.369497	78.267799	.3508772	51.238743	47.908585	45.261799	12.270146	3.015518	10	10	0	1	1	9.8261414	0	0	0	0	0	1	0	0	0	0	0	0	0	0	0	0	0	0	0	0	0	0	0	0	0	0	0	1	0
7	256	2003	38.52544	91.670937	0	12.396403	17.903131	27.952549	24.165903	78.864601	.33898306	55.31414	47.571381	46.39542	13.384159	2.2479801	10	10	0	1	1	10.345696	92.356277	0	12.396403	17.882792	29.698578	24.366323	78.531799	.34482759	55.999596	47.795647	54.416241	12.754113	1.8903116	10	10	0	1	1	10.084211	0	0	0	0	0	0	1	0	0	0	0	0	0	0	0	0	0	0	0	0	0	0	0	0	0	0	0	1	0
8	256	2008	43.61512	92.031906	0	12.396403	17.932888	26.510263	24.603649	79.307602	.98378283	60.327717	49.37112	56.586342	13.921408	2.7374179	10	10	0	1	1	10.60198	91.670937	0	12.396403	17.903131	27.952549	24.165903	78.864601	.33898306	55.31414	47.571381	46.39542	13.384159	2.2479801	10	10	0	1	1	10.345696	0	0	0	0	0	0	0	1	0	0	0	0	0	0	0	0	0	0	0	0	0	0	0	0	0	0	0	1	0
2	257	1978	20.241285	91.736633	0	16.034714	19.235809	35.879456	16.718824	73.704002	.90909094	18.172979	40.532978	36.340225	11.195516	7.1976519	10	10	1	1	1	9.2107725	100	0	16.034714	19.190531	41.821613	16.083158	73.632599	.95238096	13.984634	40.876785	34.069141	10.328597	6.62181	10	10	1	1	1	8.7450171	0	1	0	0	0	0	0	0	0	0	0	0	0	0	0	0	0	0	0	0	0	0	0	0	0	0	0	0	1
3	257	1983	22.788088	60.172878	0	16.034714	19.279125	33.158051	17.556871	74.191597	.86956519	18.16678	40.946095	48.711021	12.209632	5.2468061	10	10	1	1	1	9.6198006	91.736633	0	16.034714	19.235809	35.879456	16.718824	73.704002	.90909094	18.172979	40.532978	36.340225	11.195516	7.1976519	10	10	1	1	1	9.2107725	0	0	1	0	0	0	0	0	0	0	0	0	0	0	0	0	0	0	0	0	0	0	0	0	0	0	0	0	1
4	257	1988	22.233704	57.950474	0	16.034714	19.328808	32.858849	18.57766	74.9776	.83333331	19.281872	42.875755	61.639938	12.874469	3.1317439	10	10	1	1	1	9.9205456	60.172878	0	16.034714	19.279125	33.158051	17.556871	74.191597	.86956519	18.16678	40.946095	48.711021	12.209632	5.2468061	10	10	1	1	1	9.6198006	0	0	0	1	0	0	0	0	0	0	0	0	0	0	0	0	0	0	0	0	0	0	0	0	0	0	0	0	1
5	257	1993	22.605186	54.197662	0	16.034714	19.383739	33.324951	19.219519	76.470001	1.5692308	21.430338	45.008877	70.847038	13.288899	2.4402261	10	10	1	1	1	10.142717	57.950474	0	16.034714	19.328808	32.858849	18.57766	74.9776	.83333331	19.281872	42.875755	61.639938	12.874469	3.1317439	10	10	1	1	1	9.9205456	0	0	0	0	1	0	0	0	0	0	0	0	0	0	0	0	0	0	0	0	0	0	0	0	0	0	0	0	1
6	257	1998	19.916435	53.188396	0	16.034714	19.435753	32.841305	18.941545	78.353401	.74074072	24.305677	46.96859	63.668839	13.787808	1.664482	10	10	1	1	1	10.366648	54.197662	0	16.034714	19.383739	33.324951	19.219519	76.470001	1.5692308	21.430338	45.008877	70.847038	13.288899	2.4402261	10	10	1	1	1	10.142717	0	0	0	0	0	1	0	0	0	0	0	0	0	0	0	0	0	0	0	0	0	0	0	0	0	0	0	0	1
7	257	2003	20.698208	57.178261	1.2	16.034714	19.492172	31.196672	18.420424	80.074203	1.4039409	24.356831	47.58532	59.072941	14.344405	2.3549581	10	10	1	1	1	10.559544	53.188396	0	16.034714	19.435753	32.841305	18.941545	78.353401	.74074072	24.305677	46.96859	63.668839	13.787808	1.664482	10	10	1	1	1	10.366648	0	0	0	0	0	0	1	0	0	0	0	0	0	0	0	0	0	0	0	0	0	0	0	0	0	0	0	0	1
8	257	2008	23.936964	68.06311	2	16.028156	19.53241	30.116501	18.936142	81.578201	.66666669	28.504732	46.161671	74.4207	14.897784	1.9323291	10	10	1	1	1	10.731361	57.178261	1.2	16.034714	19.492172	31.196672	18.420424	80.074203	1.4039409	24.356831	47.58532	59.072941	14.344405	2.3549581	10	10	1	1	1	10.559544	0	0	0	0	0	0	0	1	0	0	0	0	0	0	0	0	0	0	0	0	0	0	0	0	0	0	0	0	1
