period	cc	year	CG_7_GDP	centralization	warfare	area	population	depend15	depend64	urban	pop_growth	trade	gini_gross	debt	fdi_liab	inflation	democracy	pol_comp	presidential	plurality	pol_rights	gdp	lcentralization	lwarfare	larea	lpopulation	ldepend15	ldepend64	lurban	lpop_growth	ltrade	lgini_gross	ldebt	lfdi_liab	linflation	ldemocracy	lpol_comp	lpresidential	lplurality	lpol_rights	lgdp	per01	per02	per03	per04	per05	per06	per07	per08	cc1	cc2	cc3	cc4	cc5	cc6	cc7	cc8	cc9	cc10	cc11	cc12	cc13	cc14	cc15	cc16	cc17	cc18	cc19	cc20	cc21	cc22	cc23	cc24	cc25	cc26	cc27
7	6	2003	34.03574	100	2.4000001	13.997832	16.535578	95.644615	4.928041	51.960602	4.0119047	141.15469	59.220188	59.806541	9.5209789	80.059143	-2.2	7.5999999	1	0	6	17194694656	100	6	13.997832	16.394094	95.538322	4.9884677	46.9874	3.2051282	154.09622	51.964218	135.23801	8.4992723	1300.8677	-2.8	6	1	0	6	7130402816	0	0	0	0	0	0	1	0	1	0	0	0	0	0	0	0	0	0	0	0	0	0	0	0	0	0	0	0	0	0	0	0	0	0	0
8	24	2008	21.260931	100	0	11.633017	15.938205	83.204903	5.6911502	42.956001	2.9883642	44.400684	36.366428	25.651924	7.3964434	3.3367319	7	9	1	0	2	5999813632	100	0	11.633017	15.782978	86.620316	5.7293682	39.935001	3.5149057	51.446087	37.093201	53.848042	6.7247791	2.290904	6	9	1	0	2.4000001	3449791232	0	0	0	0	0	0	0	1	0	1	0	0	0	0	0	0	0	0	0	0	0	0	0	0	0	0	0	0	0	0	0	0	0	0	0
4	32	1988	29.125113	98.558182	0	13.247639	14.076688	87.803123	4.9150772	35.8494	3.2051282	113.4049	56.008572	25.62138	7.0684676	13.880244	6.8000002	9	0	1	1.6	2230449408	100	0	13.247639	13.909161	90.896919	4.7387362	22.625999	3.8676238	122.84258	55.236347	26.991039	6.4890342	10.134658	6	9	0	1	2	903241728	0	0	0	1	0	0	0	0	0	0	1	0	0	0	0	0	0	0	0	0	0	0	0	0	0	0	0	0	0	0	0	0	0	0	0
5	32	1993	36.635555	99.315414	0	13.247639	14.220085	79.058296	4.9555912	46.1618	2.7619047	91.922218	56.978889	19.813841	7.0989738	8.3001575	7	9	0	1	1.6	4184856832	98.558182	0	13.247639	14.076688	87.803123	4.9150772	35.8494	3.2051282	113.4049	56.008572	25.62138	7.0684676	13.880244	6.8000002	9	0	1	1.6	2230449408	0	0	0	0	1	0	0	0	0	0	1	0	0	0	0	0	0	0	0	0	0	0	0	0	0	0	0	0	0	0	0	0	0	0	0
6	32	1998	35.408016	100	0	13.247639	14.345446	68.285843	5.0377026	51.5238	2.4264705	94.629074	55.508854	16.219641	7.1885824	11.892666	7.8000002	9	0	1	2	5410332160	99.315414	0	13.247639	14.220085	79.058296	4.9555912	46.1618	2.7619047	91.922218	56.978889	19.813841	7.0989738	8.3001575	7	9	0	1	1.6	4184856832	0	0	0	0	0	1	0	0	0	0	1	0	0	0	0	0	0	0	0	0	0	0	0	0	0	0	0	0	0	0	0	0	0	0	0
6	42	1998	17.980362	100	4	10.153468	15.646358	91.649895	5.8302016	7.8319998	1.5679256	16.558777	39.223038	143.78259	3.9751821	22.4401	-2.5999999	4.4000001	.80000001	0	6.5999999	1193145088	100	2.4000001	10.153468	15.590176	88.205566	5.9273367	6.835	2.0590825	23.796877	35.457264	105.13392	3.8941386	7.9957399	-2	1	.60000002	.60000002	6.4000001	1480449024	0	0	0	0	0	1	0	0	0	0	0	1	0	0	0	0	0	0	0	0	0	0	0	0	0	0	0	0	0	0	0	0	0	0	0
4	44	1988	16.608713	100	0	13.066237	16.248211	88.497032	6.9938054	38.286999	3.8181818	40.552845	47.806751	34.2369	7.1702914	-.31503099	-8	1	1	1	6	10802842624	100	0	13.066237	16.11668	87.646324	7.0433764	34.507599	2.3660734	46.589783	48.822975	27.208679	6.8063464	11.756918	-7.8000002	1	1	1	6	8529009664	0	0	0	1	0	0	0	0	0	0	0	0	1	0	0	0	0	0	0	0	0	0	0	0	0	0	0	0	0	0	0	0	0	0	0
5	44	1993	15.934001	100	0	13.066237	16.410103	86.729904	6.8399706	41.406601	3.2051282	38.70483	46.536465	77.357162	7.1153316	8.4514303	-4.8000002	5	1	1	6.1999998	10368253952	100	0	13.066237	16.248211	88.497032	6.9938054	38.286999	3.8181818	40.552845	47.806751	34.2369	7.1702914	-.31503099	-8	1	1	1	6	10802842624	0	0	0	0	1	0	0	0	0	0	0	0	1	0	0	0	0	0	0	0	0	0	0	0	0	0	0	0	0	0	0	0	0	0	0
6	44	1998	13.672748	100	0	13.066237	16.522671	82.027176	6.6331134	44.354401	2.7619047	40.455803	45.073887	95.721321	7.1473613	2.976198	-4	6	1	1	7	9567785984	100	0	13.066237	16.410103	86.729904	6.8399706	41.406601	3.2051282	38.70483	46.536465	77.357162	7.1153316	8.4514303	-4.8000002	5	1	1	6.1999998	10368253952	0	0	0	0	0	1	0	0	0	0	0	0	1	0	0	0	0	0	0	0	0	0	0	0	0	0	0	0	0	0	0	0	0	0	0
4	79	1988	19.582628	100	6	13.910821	17.625484	85.668159	5.4682856	12.1538	3.2082376	17.917456	36.986095	86.878319	4.8516927	.113802	-8	1	1	1	6.5999999	10384017408	100	6	13.910821	17.4676	84.611038	5.4342518	11.0358	3.2194815	22.695789	33.874454	55.440479	4.8274083	9.0069675	-7.4000001	1	1	1	7	7246191104	0	0	0	1	0	0	0	0	0	0	0	0	0	1	0	0	0	0	0	0	0	0	0	0	0	0	0	0	0	0	0	0	0	0	0
5	79	1993	15.621809	100	1.2	13.853635	17.796038	88.446747	5.5722437	13.3446	3.4999385	19.837376	40.097729	126.52422	5.0425296	12.726044	.75	6	1	1	5.5999999	9133433856	100	6	13.910821	17.625484	85.668159	5.4682856	12.1538	3.2082376	17.917456	36.986095	86.878319	4.8516927	.113802	-8	1	1	1	6.5999999	10384017408	0	0	0	0	1	0	0	0	0	0	0	0	0	1	0	0	0	0	0	0	0	0	0	0	0	0	0	0	0	0	0	0	0	0	0
6	79	1998	19.097038	100	3.4000001	13.815511	17.945021	90.123344	5.7144761	14.3742	2.9777505	32.917534	39.869873	99.970459	6.3561478	2.3965297	1	6	0	1	4.4000001	8050241024	100	1.2	13.853635	17.796038	88.446747	5.5722437	13.3446	3.4999385	19.837376	40.097729	126.52422	5.0425296	12.726044	.75	6	1	1	5.5999999	9133433856	0	0	0	0	0	1	0	0	0	0	0	0	0	1	0	0	0	0	0	0	0	0	0	0	0	0	0	0	0	0	0	0	0	0	0
7	79	2003	21.905397	82.890648	0	13.815511	18.074711	87.322968	5.8483191	15.3156	2.8618205	42.530937	31.16567	103.05966	7.6105843	3.435586	1	6	0	1	5	9335719936	100	3.4000001	13.815511	17.945021	90.123344	5.7144761	14.3742	2.9777505	32.917534	39.869873	99.970459	6.3561478	2.3965297	1	6	0	1	4.4000001	8050241024	0	0	0	0	0	0	1	0	0	0	0	0	0	1	0	0	0	0	0	0	0	0	0	0	0	0	0	0	0	0	0	0	0	0	0
5	94	1993	10.472551	100	0	12.335081	16.599442	80.566505	5.8409142	38.659801	2.5833333	30.696239	36.102367	59.719082	6.6460862	27.224581	-1.6	6	1	1	5	10234838016	100	0	12.335081	16.453545	84.397476	5.7228251	35.022999	2.9670329	26.206242	38.035137	40.28175	6.2943206	34.7542	-7	1	1	1	6.4000001	8725897216	0	0	0	0	1	0	0	0	0	0	0	0	0	0	1	0	0	0	0	0	0	0	0	0	0	0	0	0	0	0	0	0	0	0	0
8	94	2008	24.719671	100	0	12.335081	16.959139	68.071098	6.4639297	49.806599	2.7310371	67.264374	42.402039	32.89156	8.717061	30.064819	8	9	1	1	1	26138632192	100	0	12.335081	16.849821	71.380844	6.1593108	46.198002	2.0526316	63.624035	41.348106	75.312698	7.4477525	23.13096	6.8000002	8.3999996	1	1	1.8	12520398848	0	0	0	0	0	0	0	1	0	0	0	0	0	0	1	0	0	0	0	0	0	0	0	0	0	0	0	0	0	0	0	0	0	0	0
6	102	1998	18.425936	100	0	12.411948	15.904675	84.945717	6.3293667	30.403799	2.2128379	38.160858	43.086567	107.78696	5.3646512	3.366508	-1	6	1	1	6	3703873792	100	0	12.411948	15.738279	85.449318	6.3311009	28.895399	5.391624	39.480541	45.696259	94.495422	4.8312154	12.018399	-4.1999998	2.8	1	1	6	3429526528	0	0	0	0	0	1	0	0	0	0	0	0	0	0	0	1	0	0	0	0	0	0	0	0	0	0	0	0	0	0	0	0	0	0	0
6	120	1998	20.494514	100	.40000001	12.669806	16.574409	77.240349	5.4406266	42.608601	2.7619047	74.65564	43.991074	98.65284	7.4827771	2.9915423	-3	3	1	1	6	11895734272	100	0	12.669806	16.438723	82.64817	5.1541634	40.464001	3.2051282	59.862957	38.188023	124.9748	6.8716908	12.844748	-6.5999999	2	1	1	6	10816318464	0	0	0	0	0	1	0	0	0	0	0	0	0	0	0	0	1	0	0	0	0	0	0	0	0	0	0	0	0	0	0	0	0	0	0
7	120	2003	20.00223	100	2	12.669806	16.671587	76.066956	6.0300283	45.518002	1.25	81.264236	46.206551	86.30452	8.1502571	3.0956423	.80000001	6	1	1	5.8000002	14451538944	100	.40000001	12.669806	16.574409	77.240349	5.4406266	42.608601	2.7619047	74.65564	43.991074	98.65284	7.4827771	2.9915423	-3	3	1	1	6	11895734272	0	0	0	0	0	0	1	0	0	0	0	0	0	0	0	0	1	0	0	0	0	0	0	0	0	0	0	0	0	0	0	0	0	0	0
2	125	1978	14.20185	93.179474	0	13.251882	16.535578	106.02351	6.6427016	14.5154	4.3003664	50.914047	63.161606	21.707033	6.0206199	10.815272	-6.5999999	1.4	1	1	5	6868521984	100	0	13.251882	16.348442	104.59311	7.0658746	11.8664	3.4848485	48.594276	70.998444	13.40548	5.4040275	6.0148578	-7	1	1	1	5	3287959040	0	1	0	0	0	0	0	0	0	0	0	0	0	0	0	0	0	1	0	0	0	0	0	0	0	0	0	0	0	0	0	0	0	0	0
3	125	1983	17.12775	95.018745	0	13.251882	16.726336	106.24275	6.1866407	15.8806	4.5902133	42.224461	68.352135	34.745178	6.410388	10.556036	-6.8000002	1.2	1	1	5.4000001	8197099520	93.179474	0	13.251882	16.535578	106.02351	6.6427016	14.5154	4.3003664	50.914047	63.161606	21.707033	6.0206199	10.815272	-6.5999999	1.4	1	1	5	6868521984	0	0	1	0	0	0	0	0	0	0	0	0	0	0	0	0	0	1	0	0	0	0	0	0	0	0	0	0	0	0	0	0	0	0	0
4	125	1988	18.022753	95.151093	0	13.251882	16.895967	103.70297	5.7542844	16.4804	2.8614719	40.515968	61.957531	45.929001	6.6188164	8.1950998	-7	1	1	1	6	10454612992	95.018745	0	13.251882	16.726336	106.24275	6.1866407	15.8806	4.5902133	42.224461	68.352135	34.745178	6.410388	10.556036	-6.8000002	1.2	1	1	5.4000001	8197099520	0	0	0	1	0	0	0	0	0	0	0	0	0	0	0	0	0	1	0	0	0	0	0	0	0	0	0	0	0	0	0	0	0	0	0
5	125	1993	18.205807	95.835495	0	13.251882	17.06485	95.639442	5.4303184	17.657	3.2721293	51.911682	53.043282	67.894058	6.8681083	17.07304	-5	3	1	1	5.5999999	9694219264	95.151093	0	13.251882	16.895967	103.70297	5.7542844	16.4804	2.8614719	40.515968	61.957531	45.929001	6.6188164	8.1950998	-7	1	1	1	6	10454612992	0	0	0	0	1	0	0	0	0	0	0	0	0	0	0	0	0	1	0	0	0	0	0	0	0	0	0	0	0	0	0	0	0	0	0
6	125	1998	18.508636	100	0	13.251882	17.202686	86.686958	5.3234186	19.2404	2.8113482	50.914257	51.185928	54.576439	7.163578	14.125838	-2.5999999	7	1	1	6.1999998	12843413504	95.835495	0	13.251882	17.06485	95.639442	5.4303184	17.657	3.2721293	51.911682	53.043282	67.894058	6.8681083	17.07304	-5	3	1	1	5.5999999	9694219264	0	0	0	0	0	1	0	0	0	0	0	0	0	0	0	0	0	1	0	0	0	0	0	0	0	0	0	0	0	0	0	0	0	0	0
7	125	2003	19.944061	98.537704	0	13.251882	17.341005	80.19175	5.1635408	20.9618	3.0358858	57.84288	49.131241	55.569	7.4134712	4.1460252	6	8.8000002	1	1	3.8	15259594752	100	0	13.251882	17.202686	86.686958	5.3234186	19.2404	2.8113482	50.914257	51.185928	54.576439	7.163578	14.125838	-2.5999999	7	1	1	6.1999998	12843413504	0	0	0	0	0	0	1	0	0	0	0	0	0	0	0	0	0	1	0	0	0	0	0	0	0	0	0	0	0	0	0	0	0	0	0
5	136	1993	52.586052	100	0	10.320881	14.369002	83.595909	8.3713989	15.7598	2.4264705	141.12668	62.045296	77.735748	4.8756027	12.344764	2	4.5999999	.60000002	1	4.5999999	736658624	100	0	10.320881	14.272607	85.666199	8.0682621	13.081	1.3333334	141.61945	60.813839	85.141121	3.746017	14.8972	-7	1	1	1	5.5999999	416765184	0	0	0	0	1	0	0	0	0	0	0	0	0	0	0	0	0	0	1	0	0	0	0	0	0	0	0	0	0	0	0	0	0	0	0
6	136	1998	56.858997	100	0	10.320881	14.45681	78.352592	8.3123035	18.7652	1.1111112	172.76833	61.518963	88.35318	6.9960785	7.900692	4.4000001	7	0	1	4	810471488	100	0	10.320881	14.369002	83.595909	8.3713989	15.7598	2.4264705	141.12668	62.045296	77.735748	4.8756027	12.344764	2	4.5999999	.60000002	1	4.5999999	736658624	0	0	0	0	0	1	0	0	0	0	0	0	0	0	0	0	0	0	1	0	0	0	0	0	0	0	0	0	0	0	0	0	0	0	0
7	136	2003	50.49688	99.931732	0	10.320881	14.518415	72.825935	8.0638189	21.954399	0	191.12596	52.756508	83.822258	7.3313789	7.1987462	7.5999999	7	0	1	2.4000001	983186880	100	0	10.320881	14.45681	78.352592	8.3123035	18.7652	1.1111112	172.76833	61.518963	88.35318	6.9960785	7.900692	4.4000001	7	0	1	4	810471488	0	0	0	0	0	0	1	0	0	0	0	0	0	0	0	0	0	0	1	0	0	0	0	0	0	0	0	0	0	0	0	0	0	0	0
8	137	2008	18.042725	100	0	11.475431	15.110773	80.75441	5.1270175	47.101002	3.9303253	111.7037	43.831108	310.42566	8.2192955	11.344724	6	8	1	1	3	908227456	100	.60000002	11.475431	14.926808	80.363617	4.8970866	45.362999	2.6264832	71.605835	40.9883	428.54221	7.9511395	5.1244078	1.8	6	.60000002	.40000001	5.4000001	529007904	0	0	0	0	0	0	0	1	0	0	0	0	0	0	0	0	0	0	0	1	0	0	0	0	0	0	0	0	0	0	0	0	0	0	0
5	143	1993	17.99699	100	0	13.273435	16.332434	84.977768	6.0087118	24.903999	1.6666666	46.338387	44.747894	142.343	4.774682	25.231501	7.5999999	9	1	1	2.8	3041825280	100	0	13.273435	16.175282	86.304459	6.2408376	22.5128	3.8181818	36.905643	45.690639	154.53525	3.8859684	16.35792	-6	2	1	1	4.8000002	2751731712	0	0	0	0	1	0	0	0	0	0	0	0	0	0	0	0	0	0	0	0	1	0	0	0	0	0	0	0	0	0	0	0	0	0	0
6	143	1998	16.885897	100	0	13.273435	16.482164	86.739014	6.0355549	26.591	4.3003664	55.417686	41.49905	129.5032	5.3190956	10.103406	7.5999999	9	1	1	2	3767893504	100	0	13.273435	16.332434	84.977768	6.0087118	24.903999	1.6666666	46.338387	44.747894	142.343	4.774682	25.231501	7.5999999	9	1	1	2.8	3041825280	0	0	0	0	0	1	0	0	0	0	0	0	0	0	0	0	0	0	0	0	1	0	0	0	0	0	0	0	0	0	0	0	0	0	0
7	143	2003	19.341795	100	0	13.273435	16.635906	86.632149	6.0605497	28.136801	2.4264705	64.918411	46.223564	101.43416	6.192873	11.582916	7	9	1	1	2.8	4749875712	100	0	13.273435	16.482164	86.739014	6.0355549	26.591	4.3003664	55.417686	41.49905	129.5032	5.3190956	10.103406	7.5999999	9	1	1	2	3767893504	0	0	0	0	0	0	1	0	0	0	0	0	0	0	0	0	0	0	0	0	1	0	0	0	0	0	0	0	0	0	0	0	0	0	0
2	144	1978	11.623835	93.275589	0	11.454024	15.586111	93.135185	5.0915818	8.4907999	3.189579	55.350334	64.777649	55.753422	4.909956	8.5700064	-9	1	1	1	6.4000001	1293244160	89.315201	0	11.454024	15.420023	91.765823	4.7693419	7.0124002	3.332068	52.647015	67.508293	43.512199	4.2088146	8.9258442	-9	1	1	1	7	680716352	0	1	0	0	0	0	0	0	0	0	0	0	0	0	0	0	0	0	0	0	0	1	0	0	0	0	0	0	0	0	0	0	0	0	0
3	144	1983	15.820643	95.474632	0	11.454024	15.731362	94.791695	5.0724649	9.7178001	3.3258569	44.996563	69.868752	78.244797	5.1285167	11.800338	-9	1	1	1	6	1639561088	93.275589	0	11.454024	15.586111	93.135185	5.0915818	8.4907999	3.189579	55.350334	64.777649	55.753422	4.909956	8.5700064	-9	1	1	1	6.4000001	1293244160	0	0	1	0	0	0	0	0	0	0	0	0	0	0	0	0	0	0	0	0	0	1	0	0	0	0	0	0	0	0	0	0	0	0	0
4	144	1988	17.664297	100	0	11.454024	15.962276	91.600937	5.0688186	11.0012	5.1929846	45.031544	68.438148	103.10522	5.3368759	18.899059	-9	1	1	1	6.4000001	1978217984	95.474632	0	11.454024	15.731362	94.791695	5.0724649	9.7178001	3.3258569	44.996563	69.868752	78.244797	5.1285167	11.800338	-9	1	1	1	6	1639561088	0	0	0	1	0	0	0	0	0	0	0	0	0	0	0	0	0	0	0	0	0	1	0	0	0	0	0	0	0	0	0	0	0	0	0
7	147	2003	22.858137	100	0	13.997832	16.332434	93.292328	4.681756	29.8876	3.8181818	59.561047	39.33379	58.78928	6.8148532	3.7734311	6.8000002	8.6000004	1	1	2	4175072256	100	0	13.997832	16.175282	94.19352	5.2765961	27.054399	2.1362276	52.66164	44.964661	103.5058	5.6716738	1.7687227	6.1999998	7.4000001	1	1	2.5999999	2780186368	0	0	0	0	0	0	1	0	0	0	0	0	0	0	0	0	0	0	0	0	0	0	1	0	0	0	0	0	0	0	0	0	0	0	0
8	147	2008	24.139414	100	0	13.997832	16.482164	93.192261	4.3936615	33.003799	3.2051282	53.118153	38.842491	23.48172	7.7008371	4.9025278	7	9	1	1	2	8018649600	100	0	13.997832	16.332434	93.292328	4.681756	29.8876	3.8181818	59.561047	39.33379	58.78928	6.8148532	3.7734311	6.8000002	8.6000004	1	1	2	4175072256	0	0	0	0	0	0	0	1	0	0	0	0	0	0	0	0	0	0	0	0	0	0	1	0	0	0	0	0	0	0	0	0	0	0	0
3	152	1983	24.305607	100	0	7.6157908	13.807221	52.097206	6.2146258	42.3354	.69592375	98.319626	48.976788	63.57848	3.1330955	8.7658062	9.8000002	9.8000002	0	1	2	1108164096	101.665	0	7.6157908	13.749168	62.640289	5.5054007	42.7878	1.606733	103.1947	50.442619	37.390999	2.9436486	15.959328	9	9	0	1	2.4000001	1001460160	0	0	1	0	0	0	0	0	0	0	0	0	0	0	0	0	0	0	0	0	0	0	0	1	0	0	0	0	0	0	0	0	0	0	0
4	152	1988	20.1943	99.156296	0	7.6157908	13.834573	46.39222	6.6397991	43.27	2	130.96831	45.814316	53.8195	4.4455504	10.598532	10	10	0	1	2	2023198848	100	0	7.6157908	13.807221	52.097206	6.2146258	42.3354	.69592375	98.319626	48.976788	63.57848	3.1330955	8.7658062	9.8000002	9.8000002	0	1	2	1108164096	0	0	0	1	0	0	0	0	0	0	0	0	0	0	0	0	0	0	0	0	0	0	0	1	0	0	0	0	0	0	0	0	0	0	0
5	152	1993	21.981504	95.408318	0	7.6157908	13.910821	42.776096	7.1508589	43.530399	0	122.9836	45.358845	48.50106	5.3314548	7.0197058	10	10	0	1	1.2	3392726784	99.156296	0	7.6157908	13.834573	46.39222	6.6397991	43.27	2	130.96831	45.814316	53.8195	4.4455504	10.598532	10	10	0	1	2	2023198848	0	0	0	0	1	0	0	0	0	0	0	0	0	0	0	0	0	0	0	0	0	0	0	1	0	0	0	0	0	0	0	0	0	0	0
6	152	1998	22.152739	96.222809	0	7.6157908	13.997832	40.266445	8.0212269	42.9156	1.8181819	127.78518	51.347389	47.797024	5.8802009	5.2913518	10	10	0	1	1	4488095744	95.408318	0	7.6157908	13.910821	42.776096	7.1508589	43.530399	0	122.9836	45.358845	48.50106	5.3314548	7.0197058	10	10	0	1	1.2	3392726784	0	0	0	0	0	1	0	0	0	0	0	0	0	0	0	0	0	0	0	0	0	0	0	1	0	0	0	0	0	0	0	0	0	0	0
7	152	2003	22.978035	98.769501	0	7.6157908	14.013841	37.511829	8.6639509	42.375999	0	118.28712	47.536617	52.035561	6.5017147	5.803596	10	10	0	1	1	5609639936	96.222809	0	7.6157908	13.997832	40.266445	8.0212269	42.9156	1.8181819	127.78518	51.347389	47.797024	5.8802009	5.2913518	10	10	0	1	1	4488095744	0	0	0	0	0	0	1	0	0	0	0	0	0	0	0	0	0	0	0	0	0	0	0	1	0	0	0	0	0	0	0	0	0	0	0
8	152	2008	22.735188	98.816467	0	7.6157908	14.077875	32.751663	9.2396231	41.9394	1.6666666	119.81816	39.179001	48.178341	9.1432562	5.3987284	10	10	0	1	1	8642669568	98.769501	0	7.6157908	14.013841	37.511829	8.6639509	42.375999	0	118.28712	47.536617	52.035561	6.5017147	5.803596	10	10	0	1	1	5609639936	0	0	0	0	0	0	0	1	0	0	0	0	0	0	0	0	0	0	0	0	0	0	0	1	0	0	0	0	0	0	0	0	0	0	0
6	164	1998	32.971107	100	0	13.621064	14.413492	73.624168	6.0472207	31.349001	2.2875817	91.410416	65.970596	21.31946	7.3381548	9.851512	6	9	1	0	2	4010841600	100	0	13.621064	14.271824	78.846542	6.2449484	28.950199	4.0119047	97.886063	68.402283	18.542433	7.4909329	10.444088	6	9	.2	0	2	3461468160	0	0	0	0	0	1	0	0	0	0	0	0	0	0	0	0	0	0	0	0	0	0	0	0	1	0	0	0	0	0	0	0	0	0	0
7	164	2003	31.380644	100	0	13.621064	14.508157	69.250969	5.9630241	33.974998	1.0526316	88.287178	65.064415	25.245899	7.6398802	6.0856061	6	9	1	0	2	5119099392	100	0	13.621064	14.413492	73.624168	6.0472207	31.349001	2.2875817	91.410416	65.970596	21.31946	7.3381548	9.851512	6	9	1	0	2	4010841600	0	0	0	0	0	0	1	0	0	0	0	0	0	0	0	0	0	0	0	0	0	0	0	0	1	0	0	0	0	0	0	0	0	0	0
2	174	1978	8.814785	100	0	13.722046	18.080046	82.565041	5.8780556	27.3624	2.9503911	46.401043	52.931351	15.706268	8.2648668	12.57804	0	3.5	1	0	4	66184482816	100	0	13.722046	17.938818	80.572563	5.9396253	24.402201	2.7097082	37.434254	61.074135	12.01676	7.7466488	15.406988	-7	1	1	0	6	24855035904	0	1	0	0	0	0	0	0	0	0	0	0	0	0	0	0	0	0	0	0	0	0	0	0	0	1	0	0	0	0	0	0	0	0	0
3	174	1983	8.9298506	100	0	13.722046	18.221634	85.500397	5.9706602	30.535	2.5674818	32.517586	44.869007	51.40258	8.5009155	11.173116	1.4	4	1	.40000001	4	82254995456	100	0	13.722046	18.080046	82.565041	5.8780556	27.3624	2.9503911	46.401043	52.931351	15.706268	8.2648668	12.57804	0	3.5	1	0	4	66184482816	0	0	1	0	0	0	0	0	0	0	0	0	0	0	0	0	0	0	0	0	0	0	0	0	0	1	0	0	0	0	0	0	0	0	0
4	174	1988	13.49258	100	0	13.722046	18.345228	86.684235	6.0787816	33.903999	2.7078466	42.819477	44.577126	131.6468	8.901166	31.25625	-6.1999998	1.8	1	1	5.8000002	33857257472	100	0	13.722046	18.221634	85.500397	5.9706602	30.535	2.5674818	32.517586	44.869007	51.40258	8.5009155	11.173116	1.4	4	1	.40000001	4	82254995456	0	0	0	1	0	0	0	0	0	0	0	0	0	0	0	0	0	0	0	0	0	0	0	0	0	1	0	0	0	0	0	0	0	0	0
5	198	1993	19.347149	100	4.4000001	10.113343	15.623633	100.09985	4.578958	7.1427999	-4.5263715	34.039108	36.070141	75.394417	5.4841566	20.918116	-6.5999999	1	1	.80000001	6.4000001	1686260608	100	.60000002	10.113343	15.740412	100.51566	4.2726855	5.2723999	3.3880575	19.439466	29.242334	29.46814	5.3081551	2.9255033	-7	1	1	1	6	2483058176	0	0	0	0	1	0	0	0	0	0	0	0	0	0	0	0	0	0	0	0	0	0	0	0	0	0	1	0	0	0	0	0	0	0	0
7	213	2003	20.629456	100	0	12.168007	16.15218	85.058746	4.8061886	40.8106	2.2020202	67.140099	40.560822	57.5578	6.9903879	1.8879091	8	9	1	1	2.2	6808070656	97.513107	0	12.168007	16.01652	88.327065	4.8515201	40.055	2.619242	62.165398	42.040161	80.512222	6.4783993	2.2825191	.80000001	9	1	1	3.8	4917435392	0	0	0	0	0	0	1	0	0	0	0	0	0	0	0	0	0	0	0	0	0	0	0	0	0	0	0	1	0	0	0	0	0	0	0
3	217	1983	9.9750509	100	0	11.17913	15.032785	74.92733	5.0675125	30.583401	2.3907244	30.038713	62.160969	76.611656	4.4658222	31.059181	-7	1	1	1	4.8000002	1489256320	100	0	11.17913	14.926808	72.525452	5.2410655	28.1654	2.7157688	51.903214	60.929844	57.167301	4.2754607	11.481654	-6.5999999	1.4	1	1	5.1999998	999812544	0	0	1	0	0	0	0	0	0	0	0	0	0	0	0	0	0	0	0	0	0	0	0	0	0	0	0	0	1	0	0	0	0	0	0
4	217	1988	6.7461877	100	0	11.17913	15.149818	76.675049	4.8052912	32.4468	2.1352324	33.655441	63.062019	118.02962	1.4956455	88.110382	-7	1	1	1	5.4000001	1012764224	100	0	11.17913	15.032785	74.92733	5.0675125	30.583401	2.3907244	30.038713	62.160969	76.611656	4.4658222	31.059181	-7	1	1	1	4.8000002	1489256320	0	0	0	1	0	0	0	0	0	0	0	0	0	0	0	0	0	0	0	0	0	0	0	0	0	0	0	0	1	0	0	0	0	0	0
5	217	1993	11.067957	100	3	11.17913	15.186614	76.731171	4.4441242	33.8624	-.48780489	47.153107	58.021763	185.368	4.2448506	59.236382	-6.8000002	1.2	1	.40000001	6.8000002	1072852800	100	0	11.17913	15.149818	76.675049	4.8052912	32.4468	2.1352324	33.655441	63.062019	118.02962	1.4956455	88.110382	-7	1	1	1	5.4000001	1012764224	0	0	0	0	1	0	0	0	0	0	0	0	0	0	0	0	0	0	0	0	0	0	0	0	0	0	0	0	1	0	0	0	0	0	0
6	217	1998	10.472919	100	3	11.17913	15.196616	76.316055	3.9582474	35.2626	1.0128205	43.109138	51.001068	194.18021	4.3669486	15.216662	.80000001	6	1	0	4.1999998	1008549952	100	3	11.17913	15.186614	76.731171	4.4441242	33.8624	-.48780489	47.153107	58.021763	185.368	4.2448506	59.236382	-6.8000002	1.2	1	.40000001	6.8000002	1072852800	0	0	0	0	0	1	0	0	0	0	0	0	0	0	0	0	0	0	0	0	0	0	0	0	0	0	0	0	1	0	0	0	0	0	0
2	225	1978	20.788836	79.561287	0	13.997832	17.132639	75.661606	5.7010508	48.298599	2.3099716	58.776249	66.369865	41.535599	9.3713055	14.66204	4	2	0	0	4.8000002	51160305664	100	0	13.997832	17.009226	76.67527	6.0273228	47.988998	2.6119895	51.726444	66.516701	37.380939	8.9562578	12.379402	4	2	0	0	4.25	28341223424	0	1	0	0	0	0	0	0	0	0	0	0	0	0	0	0	0	0	0	0	0	0	0	0	0	0	0	0	0	1	0	0	0	0	0
3	225	1983	24.332918	76.935448	1.8	13.997832	17.261793	73.193695	5.5417476	48.993198	2.0706077	52.17775	65.889565	27.400261	9.4322472	13.750552	4	2	0	0	5	75103617024	79.561287	0	13.997832	17.132639	75.661606	5.7010508	48.298599	2.3099716	58.776249	66.369865	41.535599	9.3713055	14.66204	4	2	0	0	4.8000002	51160305664	0	0	1	0	0	0	0	0	0	0	0	0	0	0	0	0	0	0	0	0	0	0	0	0	0	0	0	0	0	1	0	0	0	0	0
4	225	1988	27.867214	82.492805	3	13.997832	17.376011	69.341652	5.5130944	50.971001	2.4644573	49.14782	65.409271	32.342281	9.0963945	15.90454	4.1999998	2.2	0	0	5.1999998	90178846720	76.935448	1.8	13.997832	17.261793	73.193695	5.5417476	48.993198	2.0706077	52.17775	65.889565	27.400261	9.4322472	13.750552	4	2	0	0	5	75103617024	0	0	0	1	0	0	0	0	0	0	0	0	0	0	0	0	0	0	0	0	0	0	0	0	0	0	0	0	0	1	0	0	0	0	0
5	225	1993	30.798834	74.309692	3	13.997832	17.498945	62.583954	5.5541649	53.506401	2.1938405	40.998978	63.858246	40.551041	9.3684702	12.646022	7.4000001	7	0	0	3.5999999	134316335104	82.492805	3	13.997832	17.376011	69.341652	5.5130944	50.971001	2.4644573	49.14782	65.409271	32.342281	9.0963945	15.90454	4.1999998	2.2	0	0	5.1999998	90178846720	0	0	0	0	1	0	0	0	0	0	0	0	0	0	0	0	0	0	0	0	0	0	0	0	0	0	0	0	0	1	0	0	0	0	0
6	225	1998	29.334782	82.03833	.60000002	13.997832	17.590292	55.897095	5.7488475	55.929001	2.4419322	49.396671	65.862312	45.028141	10.081976	7.9578638	9	9	0	0	1	138906697728	74.309692	3	13.997832	17.498945	62.583954	5.5541649	53.506401	2.1938405	40.998978	63.858246	40.551041	9.3684702	12.646022	7.4000001	7	0	0	3.5999999	134316335104	0	0	0	0	0	1	0	0	0	0	0	0	0	0	0	0	0	0	0	0	0	0	0	0	0	0	0	0	0	1	0	0	0	0	0
7	225	2003	29.200588	82.732819	0	13.997832	17.65687	51.046528	6.1660695	58.310001	1.7593044	56.002754	69.550903	37.570919	10.752483	7.1566439	9	9	0	0	1	172847792128	82.03833	.60000002	13.997832	17.590292	55.897095	5.7488475	55.929001	2.4419322	49.396671	65.862312	45.028141	10.081976	7.9578638	9	9	0	0	1	138906697728	0	0	0	0	0	0	1	0	0	0	0	0	0	0	0	0	0	0	0	0	0	0	0	0	0	0	0	0	0	1	0	0	0	0	0
7	232	2003	29.225239	100	0	9.7526646	13.910821	79.66378	5.6954117	22.2048	0	186.69122	48.486156	20.943821	6.477356	6.980196	-9	1	1	1	6.5999999	1901211776	100	0	9.7526646	13.831475	89.710442	5.6345229	22.802	2.7523193	147.59618	52.494301	16.94462	6.1749072	8.3482761	-9	1.6	1	1	6	1578906112	0	0	0	0	0	0	1	0	0	0	0	0	0	0	0	0	0	0	0	0	0	0	0	0	0	0	0	0	0	0	1	0	0	0	0
8	243	2008	20.091049	100	0	10.903935	15.569468	71.881073	5.9470105	36.5938	2.7568762	96.640091	34.777401	84.233803	7.1857152	3.8962405	-3.5999999	6.1999998	0	.40000001	5.1999998	2851773696	100	0	10.903935	15.459759	77.4011	5.8859582	34.2738	2.3402059	93.413643	34.598831	94.665863	6.6805844	2.980448	-2.4000001	6	0	1	5.8000002	1708641920	0	0	0	0	0	0	0	1	0	0	0	0	0	0	0	0	0	0	0	0	0	0	0	0	0	0	0	0	0	0	0	1	0	0	0
7	252	2003	21.635592	80.214165	0	12.205122	17.102955	100.31138	5.3606033	12.7816	3.8575907	36.670429	43.233154	79.32222	7.2557001	4.6036139	-3.4000001	2.8	1	1	5.4000001	7736465920	81.896133	0	12.205122	16.932432	100.09387	5.5969405	11.9144	2.7310371	33.50647	40.152245	76.787323	6.5017886	5.4915257	-4	2	1	1	4.5999999	6495111168	0	0	0	0	0	0	1	0	0	0	0	0	0	0	0	0	0	0	0	0	0	0	0	0	0	0	0	0	0	0	0	0	1	0	0
8	252	2008	16.661098	79.900375	0	12.205122	17.248455	99.392555	5.1377091	14.394	3.2325437	50.262447	41.194221	30.642099	8.431922	8.0415277	-1	6	1	1	5	14868935680	80.214165	0	12.205122	17.102955	100.31138	5.3606033	12.7816	3.8575907	36.670429	43.233154	79.32222	7.2557001	4.6036139	-3.4000001	2.8	1	1	5.4000001	7736465920	0	0	0	0	0	0	0	1	0	0	0	0	0	0	0	0	0	0	0	0	0	0	0	0	0	0	0	0	0	0	0	0	1	0	0
2	274	1978	29.384792	100	0	13.518976	15.504495	94.622513	5.4839277	37.862598	3.0171807	94.334625	58.231453	95.423759	7.5509024	13.958424	-9	1	1	1	5	3368395520	100	0	13.518976	15.336125	92.706764	5.3259921	33.1008	3.553766	113.19124	65.570389	59.649281	7.4477568	2.5512199	-7.1999998	2	1	1	5	2262498816	0	1	0	0	0	0	0	0	0	0	0	0	0	0	0	0	0	0	0	0	0	0	0	0	0	0	0	0	0	0	0	0	0	1	0
3	274	1983	29.439447	100	0	13.518976	15.670831	93.363785	5.5136046	39.719002	3.2325437	77.517235	57.31638	127.39928	7.6122684	18.279024	-9	1	1	1	5	3666720000	100	0	13.518976	15.504495	94.622513	5.4839277	37.862598	3.0171807	94.334625	58.231453	95.423759	7.5509024	13.958424	-9	1	1	1	5	3368395520	0	0	1	0	0	0	0	0	0	0	0	0	0	0	0	0	0	0	0	0	0	0	0	0	0	0	0	0	0	0	0	0	0	1	0
4	274	1988	23.986673	100	0	13.518976	15.818807	90.23439	5.4805298	39.506199	2.7820756	89.906906	56.40131	193.061	7.7558522	73.151558	-9	1	1	1	5.5999999	3082293760	100	0	13.518976	15.670831	93.363785	5.5136046	39.719002	3.2325437	77.517235	57.31638	127.39928	7.6122684	18.279024	-9	1	1	1	5	3666720000	0	0	0	1	0	0	0	0	0	0	0	0	0	0	0	0	0	0	0	0	0	0	0	0	0	0	0	0	0	0	0	0	0	1	0
5	274	1993	33.653427	100	0	13.518976	15.955023	87.904068	5.5239682	38.0252	2.4419322	75.785942	53.783504	194.4446	7.9871845	101.06002	6	7	1	1	2.5999999	3360734720	100	0	13.518976	15.818807	90.23439	5.4805298	39.506199	2.7820756	89.906906	56.40131	193.061	7.7558522	73.151558	-9	1	1	1	5.5999999	3082293760	0	0	0	0	1	0	0	0	0	0	0	0	0	0	0	0	0	0	0	0	0	0	0	0	0	0	0	0	0	0	0	0	0	1	0
6	274	1998	25.105658	100	0	13.518976	16.080942	87.212685	5.6310186	35.722801	2.5913699	63.489498	51.822353	223.8186	8.2081118	24.0959	1	7	1	1	5	3344810752	100	0	13.518976	15.955023	87.904068	5.5239682	38.0252	2.4419322	75.785942	53.783504	194.4446	7.9871845	101.06002	6	7	1	1	2.5999999	3360734720	0	0	0	0	0	1	0	0	0	0	0	0	0	0	0	0	0	0	0	0	0	0	0	0	0	0	0	0	0	0	0	0	0	1	0
7	274	2003	22.311647	98.099251	0	13.518976	16.194344	88.966812	5.8370657	35.888	2	56.688816	48.866398	164.43106	8.4510946	20.159201	5	7	1	1	4.1999998	4787434496	100	0	13.518976	16.080942	87.212685	5.6310186	35.722801	2.5913699	63.489498	51.822353	223.8186	8.2081118	24.0959	1	7	1	1	5	3344810752	0	0	0	0	0	0	1	0	0	0	0	0	0	0	0	0	0	0	0	0	0	0	0	0	0	0	0	0	0	0	0	0	0	1	0
5	276	1993	30.164349	97.25721	0	12.865792	16.230808	87.049324	5.958437	30.634399	3.8181818	50.927422	54.982761	58.606758	5.8587999	-5.1110501	-6	2	1	1	5	9492742144	81.517761	0	12.865792	16.089151	93.423965	5.9416862	27.558399	2.3704567	35.176029	54.42857	38.040878	5.5067787	4.5745726	-4.5999999	2.2	.60000002	1	5.4000001	9987886080	0	0	0	0	1	0	0	0	0	0	0	0	0	0	0	0	0	0	0	0	0	0	0	0	0	0	0	0	0	0	0	0	0	0	1
