period	cc	year	CG_7_GDP	centralization	warfare	area	population	depend15	depend64	urban	pop_growth	trade	gini_gross	debt	fdi_liab	inflation	democracy	pol_comp	presidential	plurality	pol_rights	gdp_pc	lcentralization	lwarfare	larea	lpopulation	ldepend15	ldepend64	lurban	lpop_growth	ltrade	lgini_gross	ldebt	lfdi_liab	linflation	ldemocracy	lpol_comp	lpresidential	lplurality	lpol_rights	lgdp_pc	per01	per02	per03	per04	per05	per06	per07	per08	cc1	cc2	cc3	cc4	cc5	cc6	cc7	cc8	cc9	cc10	cc11	cc12	cc13	cc14	cc15	cc16	cc17	cc18	cc19	cc20
3	10	1983	13.610382	72.296562	.2	14.808763	17.196367	50.636185	13.634814	84.177597	1.4039409	15.048242	41.172844	40.985859	8.3517094	385.7738	1.6	5	1	0	3.8	8.2158976	87.5	3	14.808763	17.118347	48.094734	12.591663	82.119797	1.5099715	13.97912	40.577187	14.48082	7.7063375	199.46796	-9	1	1	0	6	8.2727804	0	0	1	0	0	0	0	0	1	0	0	0	0	0	0	0	0	0	0	0	0	0	0	0	0	0	0	0
4	10	1988	11.949428	61.714081	0	14.808763	17.274702	51.133274	14.468559	86.205597	1.9368279	16.000284	43.631573	60.969524	8.8388939	1144.8917	7.5999999	7.4000001	1	0	1.6	8.14785	72.296562	.2	14.808763	17.196367	50.636185	13.634814	84.177597	1.4039409	15.048242	41.172844	40.985859	8.3517094	385.7738	1.6	5	1	0	3.8	8.2158976	0	0	0	1	0	0	0	0	1	0	0	0	0	0	0	0	0	0	0	0	0	0	0	0	0	0	0	0
5	10	1993	13.809123	56.823685	0	14.808763	17.341698	48.811382	15.171429	87.986	1.1942959	16.497944	44.474213	36.520119	9.827117	34.231953	7	9	1	0	1.8	8.8322802	61.714081	0	14.808763	17.274702	51.133274	14.468559	86.205597	1.9368279	16.000284	43.631573	60.969524	8.8388939	1144.8917	7.5999999	7.4000001	1	0	1.6	8.14785	0	0	0	0	1	0	0	0	1	0	0	0	0	0	0	0	0	0	0	0	0	0	0	0	0	0	0	0
6	10	1998	15.984253	58.222885	0	14.808763	17.404354	45.86274	15.690331	89.536598	1.1269841	22.420864	47.471855	39.122898	10.80127	-.604168	7.4000001	9	1	0	2	8.9781189	56.823685	0	14.808763	17.341698	48.811382	15.171429	87.986	1.1942959	16.497944	44.474213	36.520119	9.827117	34.231953	7	9	1	0	1.8	8.8322802	0	0	0	0	0	1	0	0	1	0	0	0	0	0	0	0	0	0	0	0	0	0	0	0	0	0	0	0
7	10	2003	18.929899	63.429813	0	14.808763	17.452959	42.830132	15.964285	90.879204	1.0668564	37.947021	48.536751	114.37478	10.905325	11.700214	8	9	1	0	2.4000001	8.3354874	58.222885	0	14.808763	17.404354	45.86274	15.690331	89.536598	1.1269841	22.420864	47.471855	39.122898	10.80127	-.604168	7.4000001	9	1	0	2	8.9781189	0	0	0	0	0	0	1	0	1	0	0	0	0	0	0	0	0	0	0	0	0	0	0	0	0	0	0	0
4	27	1988	12.403177	86.119537	0	13.910821	15.668119	75.009666	6.6958346	53.553799	2.537921	45.874344	50.95628	122.223	5.3537502	58.333359	9	9	1	1	2	6.6158094	62.853107	0	13.910821	15.559031	77.480988	6.7145176	48.491798	2.132103	52.190163	52.276974	161.224	5.2809987	2847.0134	5.1999998	6.1999998	1	1	4	7.045711	0	0	0	1	0	0	0	0	0	1	0	0	0	0	0	0	0	0	0	0	0	0	0	0	0	0	0	0
5	27	1993	21.077202	81.199165	0	13.910821	15.780651	73.626884	6.9852476	57.8708	2.2519417	48.723969	51.885841	87.650703	6.2011538	11.365054	9	9	1	1	2	6.711719	86.119537	0	13.910821	15.668119	75.009666	6.6958346	53.553799	2.537921	45.874344	50.95628	122.223	5.3537502	58.333359	9	9	1	1	2	6.6158094	0	0	0	0	1	0	0	0	0	1	0	0	0	0	0	0	0	0	0	0	0	0	0	0	0	0	0	0
6	27	1998	22.809406	74.666931	0	13.910821	15.889477	71.895103	7.3285933	60.860401	2.2649665	48.474628	56.60281	64.085899	8.0079565	6.3886681	9	9	1	1	1.2	6.9229569	81.199165	0	13.910821	15.780651	73.626884	6.9852476	57.8708	2.2519417	48.723969	51.885841	87.650703	6.2011538	11.365054	9	9	1	1	2	6.711719	0	0	0	0	0	1	0	0	0	1	0	0	0	0	0	0	0	0	0	0	0	0	0	0	0	0	0	0
7	27	2003	29.389219	85.772705	0	13.910821	15.989926	68.520531	7.5950732	63.247002	2.0342457	54.330425	55.653168	65.834358	8.5844431	4.9858699	8.3999996	7.8000002	1	1	2.4000001	6.8682756	74.666931	0	13.910821	15.889477	71.895103	7.3285933	60.860401	2.2649665	48.474628	56.60281	64.085899	8.0079565	6.3886681	9	9	1	1	1.2	6.9229569	0	0	0	0	0	0	1	0	0	1	0	0	0	0	0	0	0	0	0	0	0	0	0	0	0	0	0	0
8	27	2008	25.777742	74.675201	0	13.910821	16.079107	63.271107	7.8112149	65.514999	1.2481674	75.521057	55.35965	42.326	8.6909609	7.5551739	7.5999999	7	1	1	3	7.3757901	85.772705	0	13.910821	15.989926	68.520531	7.5950732	63.247002	2.0342457	54.330425	55.653168	65.834358	8.5844431	4.9858699	8.3999996	7.8000002	1	1	2.4000001	6.8682756	0	0	0	0	0	0	0	1	0	1	0	0	0	0	0	0	0	0	0	0	0	0	0	0	0	0	0	0
3	34	1983	20.75491	70.063515	0	15.955577	18.681858	63.569695	6.9673014	68.104401	3.2051282	18.603912	56.25238	42.221741	9.772543	159.3502	-1.2	3.4000001	0	1	3.4000001	7.3240199	70	0	15.955577	18.568197	67.810028	6.8901181	63.596401	1.8181819	15.845852	67.38414	31.122133	9.4588099	55.730782	-4	2	0	1	4	7.2449389	0	0	1	0	0	0	0	0	0	0	1	0	0	0	0	0	0	0	0	0	0	0	0	0	0	0	0	0
4	34	1988	31.941793	71.45591	0	15.955577	18.78475	60.1367	7.2025733	72.297997	1.4285715	14.93623	57.663349	69.030243	10.13413	989.01978	7.5999999	9	1	1	2	7.6124296	70.063515	0	15.955577	18.681858	63.569695	6.9673014	68.104401	3.2051282	18.603912	56.25238	42.221741	9.772543	159.3502	-1.2	3.4000001	0	1	3.4000001	7.3240199	0	0	0	1	0	0	0	0	0	0	1	0	0	0	0	0	0	0	0	0	0	0	0	0	0	0	0	0
5	34	1993	28.531116	62.290276	0	15.955577	18.864868	54.470577	7.7603483	76.134804	1.3333334	18.048422	57.157658	61.209278	10.576962	1145.7983	8	9	1	1	2.2	7.9414473	71.45591	0	15.955577	18.78475	60.1367	7.2025733	72.297997	1.4285715	14.93623	57.663349	69.030243	10.13413	989.01978	7.5999999	9	1	1	2	7.6124296	0	0	0	0	1	0	0	0	0	0	1	0	0	0	0	0	0	0	0	0	0	0	0	0	0	0	0	0
6	34	1998	23.876709	57.300529	0	15.955577	18.939184	47.83794	8.321559	79.759201	1.25	17.71715	57.124577	58.576881	11.384536	8.7240982	8	9	1	1	2.8	8.3927164	62.290276	0	15.955577	18.864868	54.470577	7.7603483	76.134804	1.3333334	18.048422	57.157658	61.209278	10.576962	1145.7983	8	9	1	1	2.2	7.9414473	0	0	0	0	0	1	0	0	0	0	1	0	0	0	0	0	0	0	0	0	0	0	0	0	0	0	0	0
7	34	2003	26.080004	100	0	15.955577	19.019281	43.014462	9.0853977	82.1772	2.2875817	27.008324	54.265957	72.895622	11.825706	9.6995401	8	9	1	1	2.2	8.1341782	57.300529	0	15.955577	18.939184	47.83794	8.321559	79.759201	1.25	17.71715	57.124577	58.576881	11.384536	8.7240982	8	9	1	1	2.8	8.3927164	0	0	0	0	0	0	1	0	0	0	1	0	0	0	0	0	0	0	0	0	0	0	0	0	0	0	0	0
8	34	2008	28.172859	94.399788	0	15.955577	19.062534	39.26189	9.9874439	83.734596	1.0526316	24.614389	51.958664	67.282822	12.77033	7.1529198	8	9	1	1	2	8.9898481	100	0	15.955577	19.019281	43.014462	9.0853977	82.1772	2.2875817	27.008324	54.265957	72.895622	11.825706	9.6995401	8	9	1	1	2.2	8.1341782	0	0	0	0	0	0	0	1	0	0	1	0	0	0	0	0	0	0	0	0	0	0	0	0	0	0	0	0
2	51	1978	24.87466	96.499435	.60000002	13.519167	16.213406	57.647247	9.281847	80.100197	2	44.659912	52.885593	48.51226	8.3972092	97.711723	-7	1	1	1	6.4000001	7.4098945	98.52832	1.2	13.519167	16.112045	67.47258	9.3999414	77.122398	.82276851	32.715309	52.799259	79.8181	7.9176102	303.5675	-1.8	3.4000001	1	1	5.5	7.1422496	0	1	0	0	0	0	0	0	0	0	0	1	0	0	0	0	0	0	0	0	0	0	0	0	0	0	0	0
3	51	1983	27.211678	92.829506	0	13.519167	16.283014	50.403168	9.2445889	82.071602	1.8181819	44.047009	52.139523	81.4888	8.4901543	19.110701	-6.4000001	1.6	1	1	6	7.6275043	96.499435	.60000002	13.519167	16.213406	57.647247	9.281847	80.100197	2	44.659912	52.885593	48.51226	8.3972092	97.711723	-7	1	1	1	6.4000001	7.4098945	0	0	1	0	0	0	0	0	0	0	0	1	0	0	0	0	0	0	0	0	0	0	0	0	0	0	0	0
4	51	1988	19.514772	95.462311	0	13.519167	16.36445	47.378899	9.4655542	83.012199	1.6666666	56.698441	52.523689	117.01622	8.6852694	21.316879	.60000002	6	1	1	4.5999999	7.6551046	92.829506	0	13.519167	16.283014	50.403168	9.2445889	82.071602	1.8181819	44.047009	52.139523	81.4888	8.4901543	19.110701	-6.4000001	1.6	1	1	6	7.6275043	0	0	0	1	0	0	0	0	0	0	0	1	0	0	0	0	0	0	0	0	0	0	0	0	0	0	0	0
5	51	1993	18.636505	93.921112	0	13.519167	16.439747	46.747044	10.078614	83.931602	1.5384616	54.418186	51.688087	48.274158	9.5733461	14.24602	8	9	1	1	2	8.2395601	95.462311	0	13.519167	16.36445	47.378899	9.4655542	83.012199	1.6666666	56.698441	52.523689	117.01622	8.6852694	21.316879	.60000002	6	1	1	4.5999999	7.6551046	0	0	0	0	1	0	0	0	0	0	0	1	0	0	0	0	0	0	0	0	0	0	0	0	0	0	0	0
6	51	1998	20.520634	91.503059	0	13.519167	16.523561	44.525269	10.900227	85.316399	1.4285715	55.735371	52.704826	22.986799	10.526471	4.3266821	8.1999998	9	1	1	2.2	8.5721731	93.921112	0	13.519167	16.439747	46.747044	10.078614	83.931602	1.5384616	54.418186	51.688087	48.274158	9.5733461	14.24602	8	9	1	1	2	8.2395601	0	0	0	0	0	1	0	0	0	0	0	1	0	0	0	0	0	0	0	0	0	0	0	0	0	0	0	0
7	51	2003	20.932817	95.100159	0	13.519167	16.588099	39.390438	11.711746	86.952202	1.3333334	67.291031	51.64732	12.3316	10.891338	5.7903061	9	9	1	1	1.4	8.585515	91.503059	0	13.519167	16.523561	44.525269	10.900227	85.316399	1.4285715	55.735371	52.704826	22.986799	10.526471	4.3266821	8.1999998	9	1	1	2.2	8.5721731	0	0	0	0	0	0	1	0	0	0	0	1	0	0	0	0	0	0	0	0	0	0	0	0	0	0	0	0
8	51	2008	21.28631	93.049133	0	13.519167	16.636599	34.01128	12.886475	88.414398	1.25	73.646446	50.484085	5.9930639	11.610178	6.159615	10	10	1	1	1	9.2695761	95.100159	0	13.519167	16.588099	39.390438	11.711746	86.952202	1.3333334	67.291031	51.64732	12.3316	10.891338	5.7903061	9	9	1	1	1.4	8.585515	0	0	0	0	0	0	0	1	0	0	0	1	0	0	0	0	0	0	0	0	0	0	0	0	0	0	0	0
2	56	1978	6.1564894	68.799767	0	13.910821	17.065466	77.122368	7.0776634	60.688202	2.402564	24.07279	60.448524	14.45686	7.1209006	24.65254	8	9	1	0	2	7.145164	83.462067	0	13.910821	16.941736	85.641739	6.9984279	57.051399	2.7310371	22.910376	54.996014	19.686226	6.8058457	18.44388	7.4000001	9	1	0	2	6.4501734	0	1	0	0	0	0	0	0	0	0	0	0	1	0	0	0	0	0	0	0	0	0	0	0	0	0	0	0
3	56	1983	8.5062027	71.080582	0	13.910821	17.168276	68.739525	7.0343781	64.192802	2.1446817	20.604313	56.087128	21.19388	7.5822334	23.00404	8	9	1	0	2	7.5182137	68.799767	0	13.910821	17.065466	77.122368	7.0776634	60.688202	2.402564	24.07279	60.448524	14.45686	7.1209006	24.65254	8	9	1	0	2	7.145164	0	0	1	0	0	0	0	0	0	0	0	0	1	0	0	0	0	0	0	0	0	0	0	0	0	0	0	0
4	56	1988	8.2339392	94.385124	0	13.910821	17.280855	63.260796	7.1657953	67.195198	1.9368279	25.17123	46.813065	35.350281	8.2876501	26.21356	8	9	1	0	2.4000001	7.4290061	71.080582	0	13.910821	17.168276	68.739525	7.0343781	64.192802	2.1446817	20.604313	56.087128	21.19388	7.5822334	23.00404	8	9	1	0	2	7.5182137	0	0	0	1	0	0	0	0	0	0	0	0	1	0	0	0	0	0	0	0	0	0	0	0	0	0	0	0
5	56	1993	9.7589941	100	0	13.910821	17.370531	59.1595	7.3447552	69.620003	2.32128	28.367094	50.346912	29.309919	8.7740879	28.11508	8.6000004	8.6000004	1	0	2.5999999	7.6962466	94.385124	0	13.910821	17.280855	63.260796	7.1657953	67.195198	1.9368279	25.17123	46.813065	35.350281	8.2876501	26.21356	8	9	1	0	2.4000001	7.4290061	0	0	0	0	1	0	0	0	0	0	0	0	1	0	0	0	0	0	0	0	0	0	0	0	0	0	0	0
6	56	1998	16.354797	85.886314	0	13.910821	17.463217	54.476925	7.4957538	71.451401	1.5796769	29.788164	53.329502	30.80625	9.5612211	18.573099	7	7	1	0	3.8	7.9792914	100	0	13.910821	17.370531	59.1595	7.3447552	69.620003	2.32128	28.367094	50.346912	29.309919	8.7740879	28.11508	8.6000004	8.6000004	1	0	2.5999999	7.6962466	0	0	0	0	0	1	0	0	0	0	0	0	1	0	0	0	0	0	0	0	0	0	0	0	0	0	0	0
7	56	2003	30.675293	83.090019	0	13.910821	17.543308	49.757042	7.7606831	72.9786	1.4639953	34.979523	51.935448	42.381882	10.000927	6.4312439	7	7	1	0	3.8	7.87117	85.886314	0	13.910821	17.463217	54.476925	7.4957538	71.451401	1.5796769	29.788164	53.329502	30.80625	9.5612211	18.573099	7	7	1	0	3.8	7.9792914	0	0	0	0	0	0	1	0	0	0	0	0	1	0	0	0	0	0	0	0	0	0	0	0	0	0	0	0
8	56	2008	32.230129	83.444626	0	13.910821	17.621975	45.379406	8.253397	74.444397	1.3641062	36.150848	52.51664	34.422798	11.064655	5.1269441	7	7	1	0	3	8.5082855	83.090019	0	13.910821	17.543308	49.757042	7.7606831	72.9786	1.4639953	34.979523	51.935448	42.381882	10.000927	6.4312439	7	7	1	0	3.8	7.87117	0	0	0	0	0	0	0	1	0	0	0	0	1	0	0	0	0	0	0	0	0	0	0	0	0	0	0	0
2	59	1978	15.545707	100	0	10.840756	14.612445	69.212326	8.5810146	42.398998	1.8614719	59.046642	56.160702	42.24308	5.0177665	13.88573	10	10	1	0	1	7.5970345	100	0	10.840756	14.48814	81.570648	9.0936041	40.340199	3.1637428	63.759628	57.593391	23.957701	4.3501439	14.290188	10	10	1	0	1	6.8567023	0	1	0	0	0	0	0	0	0	0	0	0	0	1	0	0	0	0	0	0	0	0	0	0	0	0	0	0
3	59	1983	15.889074	100	0	10.840756	14.746873	61.753735	8.5244112	44.5774	3.2721293	69.800781	50.799915	101.78234	4.9817696	44.653419	10	10	1	0	1	7.3589668	100	0	10.840756	14.612445	69.212326	8.5810146	42.398998	1.8614719	59.046642	56.160702	42.24308	5.0177665	13.88573	10	10	1	0	1	7.5970345	0	0	1	0	0	0	0	0	0	0	0	0	0	1	0	0	0	0	0	0	0	0	0	0	0	0	0	0
4	59	1988	19.335684	99.39183	0	10.840756	14.886303	60.521271	8.4970627	48.634998	2.8113482	63.508427	44.907711	81.716759	5.5706577	16.94206	10	10	1	0	1	7.6609831	100	0	10.840756	14.746873	61.753735	8.5244112	44.5774	3.2721293	69.800781	50.799915	101.78234	4.9817696	44.653419	10	10	1	0	1	7.3589668	0	0	0	1	0	0	0	0	0	0	0	0	0	1	0	0	0	0	0	0	0	0	0	0	0	0	0	0
5	59	1993	21.047153	100	0	10.840756	15.008513	58.685448	8.5810184	53.746601	2.4644573	75.673973	43.50668	40.486279	6.2630343	18.998779	10	10	1	0	1	7.9528718	99.39183	0	10.840756	14.886303	60.521271	8.4970627	48.634998	2.8113482	63.508427	44.907711	81.716759	5.5706577	16.94206	10	10	1	0	1	7.6609831	0	0	0	0	1	0	0	0	0	0	0	0	0	1	0	0	0	0	0	0	0	0	0	0	0	0	0	0
6	59	1998	22.199675	100	0	10.840756	15.128746	52.817757	8.6755419	57.7384	2.1938405	91.406059	44.29974	39.831749	7.396358	12.953686	10	10	1	0	1	8.2291889	100	0	10.840756	15.008513	58.685448	8.5810184	53.746601	2.4644573	75.673973	43.50668	40.486279	6.2630343	18.998779	10	10	1	0	1	7.9528718	0	0	0	0	0	1	0	0	0	0	0	0	0	1	0	0	0	0	0	0	0	0	0	0	0	0	0	0
7	59	2003	24.236475	97.822128	0	10.840756	15.240724	45.150921	8.8090878	60.638802	1.9768158	93.888687	46.387657	42.144402	8.3378019	9.7079077	10	10	1	0	1	8.363307	100	0	10.840756	15.128746	52.817757	8.6755419	57.7384	2.1938405	91.406059	44.29974	39.831749	7.396358	12.953686	10	10	1	0	1	8.2291889	0	0	0	0	0	0	1	0	0	0	0	0	0	1	0	0	0	0	0	0	0	0	0	0	0	0	0	0
8	59	2008	23.885759	98.601486	0	10.840756	15.328186	38.472424	9.2519379	63.194	1.7988888	93.925499	46.700966	35.909641	9.2349806	9.8244019	10	10	1	0	1	8.7493677	97.822128	0	10.840756	15.240724	45.150921	8.8090878	60.638802	1.9768158	93.888687	46.387657	42.144402	8.3378019	9.7079077	10	10	1	0	1	8.363307	0	0	0	0	0	0	0	1	0	0	0	0	0	1	0	0	0	0	0	0	0	0	0	0	0	0	0	0
5	71	1993	11.360915	97.710739	0	10.785601	15.845893	64.46386	7.4821639	56.647999	2.1317198	79.277397	48.003468	40.35994	6.8434792	26.593723	5.5999999	7	1	1	3	7.4001141	99.679161	0	10.785601	15.749449	68.270752	6.4975958	54.6828	2.0695319	103.28991	46.383621	56.448879	6.1331239	28.282854	6	7	1	1	1.2	6.9416504	0	0	0	0	1	0	0	0	0	0	0	0	0	0	1	0	0	0	0	0	0	0	0	0	0	0	0	0
6	71	1998	12.998363	99.471504	0	10.785601	15.936327	60.169197	8.5190039	60.085999	1.6934745	78.391418	47.382786	23.935061	7.619463	5.6975479	8	9	1	1	2.4000001	7.7953639	97.710739	0	10.785601	15.845893	64.46386	7.4821639	56.647999	2.1317198	79.277397	48.003468	40.35994	6.8434792	26.593723	5.5999999	7	1	1	3	7.4001141	0	0	0	0	0	1	0	0	0	0	0	0	0	0	1	0	0	0	0	0	0	0	0	0	0	0	0	0
7	71	2003	15.102741	100	0	10.785601	16.012487	55.55698	9.3839474	64.107002	1.3437675	76.689743	49.234882	30.956301	8.4509993	18.419861	8	9	1	1	2.2	7.9100471	99.471504	0	10.785601	15.936327	60.169197	8.5190039	60.085999	1.6934745	78.391418	47.382786	23.935061	7.619463	5.6975479	8	9	1	1	2.4000001	7.7953639	0	0	0	0	0	0	1	0	0	0	0	0	0	0	1	0	0	0	0	0	0	0	0	0	0	0	0	0
8	71	2008	18.465969	100	0	10.785601	16.083319	51.157894	9.8718863	67.716202	1.4634024	61.724884	47.674301	32.028999	9.6230106	5.7926741	8	9	1	1	2	8.4137726	100	0	10.785601	16.012487	55.55698	9.3839474	64.107002	1.3437675	76.689743	49.234882	30.956301	8.4509993	18.419861	8	9	1	1	2.2	7.9100471	0	0	0	0	0	0	0	1	0	0	0	0	0	0	1	0	0	0	0	0	0	0	0	0	0	0	0	0
5	73	1993	14.349413	100	0	12.531195	16.194344	63.984337	7.6212378	56.695599	2	55.413887	47.15995	81.190643	7.7876163	6.8131142	9	9	1	0	2	7.2639337	100	0	12.531195	16.091377	70.898766	7.4305234	53.540001	2.1319163	56.012005	45.338577	93.610001	6.9767938	-4.5647202	8.6000004	9	1	0	2	7.0246358	0	0	0	0	1	0	0	0	0	0	0	0	0	0	0	1	0	0	0	0	0	0	0	0	0	0	0	0
2	75	1978	34.962173	100	2.4000001	9.9388552	15.319094	89.238632	7.6170855	43.038799	2.2750793	71.86203	47.53138	17.083179	5.3547516	13.886023	-3.8	3.3333333	1	1	4.4000001	5.3956218	100	0	9.9451094	15.20118	91.296608	7.4137259	40.666801	2.5674818	63.178226	52.897736	12.35575	4.7312031	5.9170527	-.80000001	6.4000001	1	1	2	4.710577	0	1	0	0	0	0	0	0	0	0	0	0	0	0	0	0	1	0	0	0	0	0	0	0	0	0	0	0
3	75	1983	43.515511	100	6	9.9388552	15.396328	86.611649	8.0022097	45.604801	1.2503618	53.681568	47.363087	72.571983	5.764184	4.1488361	3.5999999	7	1	1	3.4000001	5.6552277	100	2.4000001	9.9388552	15.319094	89.238632	7.6170855	43.038799	2.2750793	71.86203	47.53138	17.083179	5.3547516	13.886023	-3.8	3.3333333	1	1	4.4000001	5.3956218	0	0	1	0	0	0	0	0	0	0	0	0	0	0	0	0	1	0	0	0	0	0	0	0	0	0	0	0
4	75	1988	15.67424	100	6	9.9388552	15.464022	80.41568	8.5020981	48.194199	1.1767722	44.723431	47.474121	80.277496	6.0164943	2.6866739	6	7	1	1	3	6.5333533	100	6	9.9388552	15.396328	86.611649	8.0022097	45.604801	1.2503618	53.681568	47.363087	72.571983	5.764184	4.1488361	3.5999999	7	1	1	3.4000001	5.6552277	0	0	0	1	0	0	0	0	0	0	0	0	0	0	0	0	1	0	0	0	0	0	0	0	0	0	0	0
5	75	1993	12.95857	100	2.4000001	9.9388552	15.53448	73.396477	8.8996153	52.073399	1.4685081	52.858089	48.753124	43.482861	6.2703104	7.9807739	7	9	1	1	3	7.1355062	100	6	9.9388552	15.464022	80.41568	8.5020981	48.194199	1.1767722	44.723431	47.474121	80.277496	6.0164943	2.6866739	6	7	1	1	3	6.5333533	0	0	0	0	1	0	0	0	0	0	0	0	0	0	0	0	1	0	0	0	0	0	0	0	0	0	0	0
6	75	1998	14.857697	100	0	9.9388552	15.583625	69.474335	9.6326885	56.933998	1.0346879	62.475651	49.624557	29.23402	7.1968846	3.5482097	7	9	1	.40000001	2.2	7.6030865	100	2.4000001	9.9388552	15.53448	73.396477	8.8996153	52.073399	1.4685081	52.858089	48.753124	43.482861	6.2703104	7.9807739	7	9	1	1	3	7.1355062	0	0	0	0	0	1	0	0	0	0	0	0	0	0	0	0	1	0	0	0	0	0	0	0	0	0	0	0
7	75	2003	20.094816	97.372742	0	9.9388552	15.610576	64.309494	10.573374	60.5536	.33333334	69.201538	48.020187	38.491241	8.0679684	2.996026	7	9	1	0	2	7.8338242	100	0	9.9388552	15.583625	69.474335	9.6326885	56.933998	1.0346879	62.475651	49.624557	29.23402	7.1968846	3.5482097	7	9	1	.40000001	2.2	7.6030865	0	0	0	0	0	0	1	0	0	0	0	0	0	0	0	0	1	0	0	0	0	0	0	0	0	0	0	0
8	75	2008	21.157614	96.536751	0	9.9388552	15.630303	55.967453	11.248648	63.2272	.32786885	70.719826	45.234196	44.495159	8.7690964	3.1715071	7.4000001	9	1	0	2	8.1101599	97.372742	0	9.9388552	15.610576	64.309494	10.573374	60.5536	.33333334	69.201538	48.020187	38.491241	8.0679684	2.996026	7	9	1	0	2	7.8338242	0	0	0	0	0	0	0	1	0	0	0	0	0	0	0	0	1	0	0	0	0	0	0	0	0	0	0	0
2	101	1978	10.636281	97.949013	5	11.582078	15.717038	86.64505	5.8671017	37.1278	2.4597886	70.938141	43.20158	12.60176	6.0137973	10.40725	-4.1999998	4.1999998	1	1	4	6.6851101	100	5	11.582078	15.593194	85.082832	5.6519823	36.248798	2.8052876	60.783112	51.229935	11.55692	5.1933732	8.1327105	-.60000002	6	1	1	3	5.9799876	0	1	0	0	0	0	0	0	0	0	0	0	0	0	0	0	0	1	0	0	0	0	0	0	0	0	0	0
3	101	1983	10.487554	97.931465	5	11.582078	15.842965	88.601685	6.1609035	38.451599	2.4500682	49.353813	49.72628	36.651981	6.5469909	8.5980883	-5.1999998	1.75	1	1	5.4000001	7.0044456	97.949013	5	11.582078	15.717038	86.64505	5.8671017	37.1278	2.4597886	70.938141	43.20158	12.60176	6.0137973	10.40725	-4.1999998	4.1999998	1	1	4	6.6851101	0	0	1	0	0	0	0	0	0	0	0	0	0	0	0	0	0	1	0	0	0	0	0	0	0	0	0	0
4	101	1988	11.493954	98.078606	5	11.582078	15.955023	88.7033	6.5372701	40.331001	2.4124424	55.485748	56.882786	49.630138	6.5144811	22.511326	3	7	1	1	3	6.7129998	97.931465	5	11.582078	15.842965	88.601685	6.1609035	38.451599	2.4500682	49.353813	49.72628	36.651981	6.5469909	8.5980883	-5.1999998	1.75	1	1	5.4000001	7.0044456	0	0	0	1	0	0	0	0	0	0	0	0	0	0	0	0	0	1	0	0	0	0	0	0	0	0	0	0
5	101	1993	10.526584	94.64959	5	11.582078	16.072514	87.5756	7.0063829	42.312801	2.3588483	62.826996	56.53577	39.571018	6.9615502	15.346202	3	7	.60000002	1	3.8	6.9887333	98.078606	5	11.582078	15.955023	88.7033	6.5372701	40.331001	2.4124424	55.485748	56.882786	49.630138	6.5144811	22.511326	3	7	1	1	3	6.7129998	0	0	0	0	1	0	0	0	0	0	0	0	0	0	0	0	0	1	0	0	0	0	0	0	0	0	0	0
6	101	1998	12.092928	100	1	11.582078	16.175282	85.651184	7.517633	44.320202	2	64.676292	55.581478	27.810925	7.3820529	7.7062898	8	9	1	1	3	7.3140736	94.64959	5	11.582078	16.072514	87.5756	7.0063829	42.312801	2.3588483	62.826996	56.53577	39.571018	6.9615502	15.346202	3	7	.60000002	1	3.8	6.9887333	0	0	0	0	0	1	0	0	0	0	0	0	0	0	0	0	0	1	0	0	0	0	0	0	0	0	0	0
7	101	2003	14.008431	100	0	11.582078	16.316425	83.140732	7.9157043	46.354	3.4848485	67.332565	55.303345	20.32226	7.8649292	3.7066121	8	9	1	1	3.8	7.5206213	100	1	11.582078	16.175282	85.651184	7.517633	44.320202	2	64.676292	55.581478	27.810925	7.3820529	7.7062898	8	9	1	1	3	7.3140736	0	0	0	0	0	0	1	0	0	0	0	0	0	0	0	0	0	1	0	0	0	0	0	0	0	0	0	0
8	101	2008	14.228437	100	0	11.582078	16.424925	78.789215	7.9804697	48.465599	1.5384616	63.603813	54.638	22.028561	8.5452757	6.0511599	8	9	1	1	3.4000001	7.8824654	100	0	11.582078	16.316425	83.140732	7.9157043	46.354	3.4848485	67.332565	55.303345	20.32226	7.8649292	3.7066121	8	9	1	1	3.8	7.5206213	0	0	0	0	0	0	0	1	0	0	0	0	0	0	0	0	0	1	0	0	0	0	0	0	0	0	0	0
8	108	2008	24.972464	95.019768	0	11.625272	15.803009	65.734192	7.3390222	50.4058	1.9536732	122.57636	54.021606	24.35364	8.8745985	6.4189739	7	9	1	1	3.4000001	7.5037479	94.946968	0	11.625272	15.702121	74.231392	7.3533163	47.372601	2.1655319	125.62782	53.149841	60.594521	8.001606	6.5413661	7	9	1	1	3	7.1525559	0	0	0	0	0	0	0	1	0	0	0	0	0	0	0	0	0	0	1	0	0	0	0	0	0	0	0	0
2	121	1978	26.695105	100	0	9.2900753	14.547689	82.369431	12.324342	45.648602	1	77.554314	69.791168	64.825478	7.4902077	16.843519	10	10	0	1	1.8	7.3248167	100	0	9.2900753	14.48814	96.625938	11.756398	42.937401	1.0526316	71.649307	63.533436	21.362101	7.4024096	16.058804	10	10	0	1	1	7.0885878	0	1	0	0	0	0	0	0	0	0	0	0	0	0	0	0	0	0	0	1	0	0	0	0	0	0	0	0
3	121	1983	31.852036	100	0	9.2900753	14.621749	70.007713	12.537189	47.75	1.8614719	97.712112	67.894119	134.6828	7.1032228	19.609547	10	10	0	1	2	7.2593122	100	0	9.2900753	14.547689	82.369431	12.324342	45.648602	1	77.554314	69.791168	64.825478	7.4902077	16.843519	10	10	0	1	1.8	7.3248167	0	0	1	0	0	0	0	0	0	0	0	0	0	0	0	0	0	0	0	1	0	0	0	0	0	0	0	0
6	121	1998	32.72184	100	0	9.2900753	14.74749	55.803394	12.363029	51.3344	.80000001	87.516357	52.390564	77.742119	7.9987059	14.046152	9	9	0	1	2	8.1125317	100	0	9.2900753	14.699143	58.904728	12.409148	50.146599	.83333331	110.26394	54.304173	87.449875	7.2360587	39.10014	9.3999996	9.3999996	0	1	2	7.6479311	0	0	0	0	0	1	0	0	0	0	0	0	0	0	0	0	0	0	0	1	0	0	0	0	0	0	0	0
7	121	2003	33.887486	99.303375	0	9.2900753	14.786119	52.396156	12.522112	51.941799	0	86.936142	48.824421	104.05102	8.5585909	7.4182601	9	9	0	1	2	8.230443	100	0	9.2900753	14.74749	55.803394	12.363029	51.3344	.80000001	87.516357	52.390564	77.742119	7.9987059	14.046152	9	9	0	1	2	8.1125317	0	0	0	0	0	0	1	0	0	0	0	0	0	0	0	0	0	0	0	1	0	0	0	0	0	0	0	0
2	154	1978	10.502436	82.349121	0	14.457364	17.995352	88.396904	7.4696326	64.906998	2.4597559	21.909664	51.708771	35.79594	8.5068579	23.773621	-3.5999999	5.1999998	1	.60000002	3.5999999	7.6587324	76.531548	0	14.457364	17.850603	93.109665	7.5223804	61.263802	3.1889608	17.302086	53.94183	20.192381	7.9398069	12.988662	-6	2	1	0	4.25	7.118475	0	1	0	0	0	0	0	0	0	0	0	0	0	0	0	0	0	0	0	0	1	0	0	0	0	0	0	0
3	154	1983	17.367098	87.168167	0	14.457364	18.108278	80.904564	7.3574963	67.905602	2.190134	28.408022	48.050426	52.712524	9.1848383	58.64732	-3	6	1	1	3.2	7.9840746	82.349121	0	14.457364	17.995352	88.396904	7.4696326	64.906998	2.4597559	21.909664	51.708771	35.79594	8.5068579	23.773621	-3.5999999	5.1999998	1	.60000002	3.5999999	7.6587324	0	0	1	0	0	0	0	0	0	0	0	0	0	0	0	0	0	0	0	0	1	0	0	0	0	0	0	0
4	154	1988	20.604136	88.888794	0	14.457364	18.209562	71.157684	7.4387221	70.431396	1.9737209	34.829628	48.372726	68.463676	9.7611046	76.128639	-1.2	6.5999999	1	1	3.8	7.8301554	87.168167	0	14.457364	18.108278	80.904564	7.3574963	67.905602	2.190134	28.408022	48.050426	52.712524	9.1848383	58.64732	-3	6	1	1	3.2	7.9840746	0	0	0	1	0	0	0	0	0	0	0	0	0	0	0	0	0	0	0	0	1	0	0	0	0	0	0	0
5	154	1993	13.648726	73.22422	0	14.457364	18.306105	62.87664	7.8408737	72.588402	2.0116549	36.844753	50.940063	39.5033	10.516129	22.311213	1.6	7	1	1	4	8.37922	88.888794	0	14.457364	18.209562	71.157684	7.4387221	70.431396	1.9737209	34.829628	48.372726	68.463676	9.7611046	76.128639	-1.2	6.5999999	1	1	3.8	7.8301554	0	0	0	0	1	0	0	0	0	0	0	0	0	0	0	0	0	0	0	0	1	0	0	0	0	0	0	0
6	154	1998	14.115083	68.271866	0	14.457364	18.389946	56.318523	8.3840084	74.180397	1.035444	57.134876	50.220074	45.630402	11.278131	18.126341	6	8.1999998	1	1	3	8.5020857	73.22422	0	14.457364	18.306105	62.87664	7.8408737	72.588402	2.0116549	36.844753	50.940063	39.5033	10.516129	22.311213	1.6	7	1	1	4	8.37922	0	0	0	0	0	1	0	0	0	0	0	0	0	0	0	0	0	0	0	0	1	0	0	0	0	0	0	0
6	172	1998	22.220583	100	0	11.698076	15.404329	77.591667	6.58252	54.255798	1.6503619	70.305733	54.458744	221.00861	6.7602615	10.241152	8	7	1	0	2.8	6.5938048	94.391464	0	11.698076	15.296598	86.287491	6.4227657	53.055199	2.7734549	46.140285	55.251068	407.47879	5.4580908	942.9707	6.4000001	7	1	0	3.8	6.5295053	0	0	0	0	0	1	0	0	0	0	0	0	0	0	0	0	0	0	0	0	0	1	0	0	0	0	0	0
7	172	2003	25.76623	100	0	11.698076	15.479192	68.371063	6.9371734	55.454601	1.5245011	77.56324	51.33173	199.8028	7.5544682	6.9477921	8	7	1	0	3	6.7027888	100	0	11.698076	15.404329	77.591667	6.58252	54.255798	1.6503619	70.305733	54.458744	221.00861	6.7602615	10.241152	8	7	1	0	2.8	6.5938048	0	0	0	0	0	0	1	0	0	0	0	0	0	0	0	0	0	0	0	0	0	1	0	0	0	0	0	0
2	183	1978	26.941645	100	0	11.216405	14.445996	76.732292	8.2903614	49.882801	2.1637428	178.30518	50.152882	75.771202	7.7422833	12.11141	-6.4000001	2.2	.60000002	1	5.4000001	7.3315139	100	0	11.216405	14.309764	82.887924	8.2825489	48.478802	3.759804	171.49847	50.496841	34.81028	7.4300795	7.6599059	-7	1	1	1	7	6.9041405	0	1	0	0	0	0	0	0	0	0	0	0	0	0	0	0	0	0	0	0	0	0	1	0	0	0	0	0
3	183	1983	26.851301	100	0	11.216405	14.547235	68.493126	8.2715044	51.4366	1.9523809	141.48415	50.763229	77.435379	8.0427561	3.6900649	-5.5999999	3	.2	1	5	7.8005843	100	0	11.216405	14.445996	76.732292	8.2903614	49.882801	2.1637428	178.30518	50.152882	75.771202	7.7422833	12.11141	-6.4000001	2.2	.60000002	1	5.4000001	7.3315139	0	0	1	0	0	0	0	0	0	0	0	0	0	0	0	0	0	0	0	0	0	0	1	0	0	0	0	0
4	183	1988	22.581408	99.49675	0	11.216405	14.656553	61.156281	8.2412968	53.158401	2.6119895	132.3511	52.464924	95.508781	7.7930064	.34494701	-1.2	4.5999999	1	1	5.5999999	7.8414741	100	0	11.216405	14.547235	68.493126	8.2715044	51.4366	1.9523809	141.48415	50.763229	77.435379	8.0427561	3.6900649	-5.5999999	3	.2	1	5	7.8005843	0	0	0	1	0	0	0	0	0	0	0	0	0	0	0	0	0	0	0	0	0	0	1	0	0	0	0	0
5	183	1993	21.395487	97.97068	0	11.216405	14.762882	55.830849	8.3759775	57.5308	2.3099716	173.75282	53.086159	69.644737	7.9190369	2.6510022	8.3999996	9.3999996	1	1	3	8.0488901	99.49675	0	11.216405	14.656553	61.156281	8.2412968	53.158401	2.6119895	132.3511	52.464924	95.508781	7.7930064	.34494701	-1.2	4.5999999	1	1	5.5999999	7.8414741	0	0	0	0	1	0	0	0	0	0	0	0	0	0	0	0	0	0	0	0	0	0	1	0	0	0	0	0
6	183	1998	23.704689	100	0	11.216405	14.858673	52.114296	8.6487255	63.4618	2.0706077	155.675	53.203461	65.162903	8.6266222	3.3774719	9	10	1	1	1.6	8.2283525	97.97068	0	11.216405	14.762882	55.830849	8.3759775	57.5308	2.3099716	173.75282	53.086159	69.644737	7.9190369	2.6510022	8.3999996	9.3999996	1	1	3	8.0488901	0	0	0	0	0	1	0	0	0	0	0	0	0	0	0	0	0	0	0	0	0	0	1	0	0	0	0	0
7	183	2003	24.852268	100	0	11.216405	14.953054	48.880184	9.0527611	68.759399	1.8762219	133.3185	52.527214	61.890179	9.0366783	1.50893	9	10	1	1	1	8.3537254	100	0	11.216405	14.858673	52.114296	8.6487255	63.4618	2.0706077	155.675	53.203461	65.162903	8.6266222	3.3774719	9	10	1	1	1.6	8.2283525	0	0	0	0	0	0	1	0	0	0	0	0	0	0	0	0	0	0	0	0	0	0	1	0	0	0	0	0
5	186	1993	14.872396	98.758774	0	12.892447	15.341094	74.280266	7.5945425	50.756199	2.7116854	112.2418	47.681847	28.610241	6.4069524	15.5282	6	7	1	0	3.4000001	7.2433367	97.383842	0	12.892447	15.20118	76.003464	7.2688718	47.209599	2.5674818	94.021172	37.034	45.517262	5.4801841	32.149559	-4	4	1	0	4.8000002	7.0187702	0	0	0	0	1	0	0	0	0	0	0	0	0	0	0	0	0	0	0	0	0	0	0	1	0	0	0	0
6	186	1998	18.919954	100	0	12.892447	15.444366	69.081223	7.6289215	54.050999	2.3862176	99.087349	53.671734	30.62752	7.1638823	9.5466356	6.8000002	7	1	0	4	7.3479629	98.758774	0	12.892447	15.341094	74.280266	7.5945425	50.756199	2.7116854	112.2418	47.681847	28.610241	6.4069524	15.5282	6	7	1	0	3.4000001	7.2433367	0	0	0	0	0	1	0	0	0	0	0	0	0	0	0	0	0	0	0	0	0	0	0	1	0	0	0	0
7	186	2003	18.945206	99.0075	0	12.892447	15.555669	62.650181	7.7641735	57.211399	1.7868544	93.592873	52.67445	51.991798	7.0376453	11.449994	7.5999999	7	1	0	3.4000001	7.0029545	100	0	12.892447	15.444366	69.081223	7.6289215	54.050999	2.3862176	99.087349	53.671734	30.62752	7.1638823	9.5466356	6.8000002	7	1	0	4	7.3479629	0	0	0	0	0	0	1	0	0	0	0	0	0	0	0	0	0	0	0	0	0	0	0	1	0	0	0	0
8	186	2008	19.765471	95.584488	0	12.892447	15.6429	56.782887	8.1416492	60.2104	1.9576865	106.6295	50.093506	20.471781	7.7730689	6.6655722	8	7.5999999	1	0	3	7.7036819	99.0075	0	12.892447	15.555669	62.650181	7.7641735	57.211399	1.7868544	93.592873	52.67445	51.991798	7.0376453	11.449994	7.5999999	7	1	0	3.4000001	7.0029545	0	0	0	0	0	0	0	1	0	0	0	0	0	0	0	0	0	0	0	0	0	0	0	1	0	0	0	0
4	187	1988	15.576631	98.15657	0	14.077875	16.849821	68.065079	6.9273734	68.086197	1.9523809	29.917561	45.69379	44.32972	7.1213713	1871.911	7.1999998	7	1	0	2.2	7.2769699	100	0	14.077875	16.738323	73.333656	6.7849274	65.947998	3.3402133	45.587265	58.72047	48.229939	7.2254586	102.064	7	7	1	0	2	6.8547201	0	0	0	1	0	0	0	0	0	0	0	0	0	0	0	0	0	0	0	0	0	0	0	0	1	0	0	0
5	187	1993	17.985008	83.043549	0	14.077875	16.950626	62.722904	7.2689767	70.130997	1.7786561	28.612711	46.740871	44.754921	7.7914758	107.03634	1.6	5.4000001	1	0	4.8000002	7.4668088	98.15657	0	14.077875	16.849821	68.065079	6.9273734	68.086197	1.9523809	29.917561	45.69379	44.32972	7.1213713	1871.911	7.1999998	7	1	0	2.2	7.2769699	0	0	0	0	1	0	0	0	0	0	0	0	0	0	0	0	0	0	0	0	0	0	0	0	1	0	0	0
6	187	1998	18.32769	94.475006	0	14.077875	17.034065	57.588898	7.81565	72.205597	1.6333333	32.352161	50.38908	37.833302	9.0585728	6.3938718	1.8	6	1	0	4.4000001	7.6986136	83.043549	0	14.077875	16.950626	62.722904	7.2689767	70.130997	1.7786561	28.612711	46.740871	44.754921	7.7914758	107.03634	1.6	5.4000001	1	0	4.8000002	7.4668088	0	0	0	0	0	1	0	0	0	0	0	0	0	0	0	0	0	0	0	0	0	0	0	0	1	0	0	0
7	187	2003	18.249115	95.777824	0	14.077875	17.111073	52.962399	8.4886522	74.237198	1.5099715	37.101574	49.548828	39.716824	9.4897957	2.2791929	9	9	1	0	1.8	7.7681031	94.475006	0	14.077875	17.034065	57.588898	7.81565	72.205597	1.6333333	32.352161	50.38908	37.833302	9.0585728	6.3938718	1.8	6	1	0	4.4000001	7.6986136	0	0	0	0	0	0	1	0	0	0	0	0	0	0	0	0	0	0	0	0	0	0	0	0	1	0	0	0
8	187	2008	18.102591	95.855911	0	14.077875	17.161751	48.581364	9.2182846	76.160202	.71428573	48.757771	47.430161	28.161501	10.325131	4.2699881	9	9	1	0	2	8.3575392	95.777824	0	14.077875	17.111073	52.962399	8.4886522	74.237198	1.5099715	37.101574	49.548828	39.716824	9.4897957	2.2791929	9	9	1	0	1.8	7.7681031	0	0	0	0	0	0	0	1	0	0	0	0	0	0	0	0	0	0	0	0	0	0	0	0	1	0	0	0
3	246	1983	30.582691	100	0	8.542861	13.945625	56.09166	9.1263514	10.1034	1.8181819	79.991814	48.326698	12.2	7.9009819	6.2867441	8.3999996	7.8000002	0	1	1	8.8077326	100	0	8.542861	13.853635	60.165314	9.0364666	11.0666	2	99.035263	55.63343	13.229977	7.5433445	14.389732	8	7	0	1	2	8.1993742	0	0	1	0	0	0	0	0	0	0	0	0	0	0	0	0	0	0	0	0	0	0	0	0	0	1	0	0
4	246	1988	30.756199	100	0	8.542861	13.997832	57.022362	9.100503	8.9591999	0	82.132912	40.826836	50.400002	8.0029926	6.0865102	9	9	0	1	1	8.2700205	100	0	8.542861	13.945625	56.09166	9.1263514	10.1034	1.8181819	79.991814	48.326698	12.2	7.9009819	6.2867441	8.3999996	7.8000002	0	1	1	8.8077326	0	0	0	1	0	0	0	0	0	0	0	0	0	0	0	0	0	0	0	0	0	0	0	0	0	1	0	0
5	246	1993	28.069365	95.564255	0	8.542861	14.029849	53.542713	9.1251249	9.1868	1.6666666	82.944786	38.551601	57.799999	8.2873831	6.6417761	9	9	0	1	1	8.3213091	100	0	8.542861	13.997832	57.022362	9.100503	8.9591999	0	82.132912	40.826836	50.400002	8.0029926	6.0865102	9	9	0	1	1	8.2700205	0	0	0	0	1	0	0	0	0	0	0	0	0	0	0	0	0	0	0	0	0	0	0	0	0	1	0	0
3	258	1983	22.822044	100	0	12.072656	14.907343	42.98801	17.165398	86.473999	.68965518	39.055168	40.933537	63.72768	6.0396028	45.92094	-3.8	2.8	1	0	4.4000001	7.7805805	100	0	12.072656	14.873203	43.39299	16.159201	84.591202	.71428573	36.972679	40.953609	22.29722	5.5540442	56.734058	-7.4000001	1	1	0	5.8000002	7.6467905	0	0	1	0	0	0	0	0	0	0	0	0	0	0	0	0	0	0	0	0	0	0	0	0	0	0	1	0
4	258	1988	22.4107	97.937126	0	12.072656	14.933797	42.294254	18.113424	88.261398	.66666669	40.259724	40.108265	77.302101	6.2729654	80.26004	9.3999996	10	1	0	1.6	7.8806186	100	0	12.072656	14.907343	42.98801	17.165398	86.473999	.68965518	39.055168	40.933537	63.72768	6.0396028	45.92094	-3.8	2.8	1	0	4.4000001	7.7805805	0	0	0	1	0	0	0	0	0	0	0	0	0	0	0	0	0	0	0	0	0	0	0	0	0	0	1	0
5	258	1993	26.348696	89.912994	0	12.072656	14.972312	40.562668	19.338341	89.914398	.64516127	36.672897	40.227005	36.73502	6.9455523	57.657799	10	10	1	0	1.6	8.52946	97.937126	0	12.072656	14.933797	42.294254	18.113424	88.261398	.66666669	40.259724	40.108265	77.302101	6.2729654	80.26004	9.3999996	10	1	0	1.6	7.8806186	0	0	0	0	1	0	0	0	0	0	0	0	0	0	0	0	0	0	0	0	0	0	0	0	0	0	1	0
6	258	1998	27.415033	95.591957	0	12.072656	15.003279	39.548172	20.507938	91.011803	.625	35.94733	41.091263	36.906658	7.4568715	14.833242	10	10	1	0	1	8.885294	89.912994	0	12.072656	14.972312	40.562668	19.338341	89.914398	.64516127	36.672897	40.227005	36.73502	6.9455523	57.657799	10	10	1	0	1.6	8.52946	0	0	0	0	0	1	0	0	0	0	0	0	0	0	0	0	0	0	0	0	0	0	0	0	0	0	1	0
7	258	2003	24.864895	100	0	12.072656	15.009433	38.562763	21.267534	91.684998	0	49.690403	42.122612	80.473717	7.6269207	8.9534979	10	10	1	0	1	8.428689	95.591957	0	12.072656	15.003279	39.548172	20.507938	91.011803	.625	35.94733	41.091263	36.906658	7.4568715	14.833242	10	10	1	0	1	8.885294	0	0	0	0	0	0	1	0	0	0	0	0	0	0	0	0	0	0	0	0	0	0	0	0	0	0	1	0
8	258	2008	28.846323	100	0	12.072656	15.021374	36.36726	21.535421	92.241798	.60606062	58.8918	42.895767	62.698059	8.9438124	6.8424659	10	10	1	0	1	9.0262337	100	0	12.072656	15.009433	38.562763	21.267534	91.684998	0	49.690403	42.122612	80.473717	7.6269207	8.9534979	10	10	1	0	1	8.428689	0	0	0	0	0	0	0	1	0	0	0	0	0	0	0	0	0	0	0	0	0	0	0	0	0	0	1	0
2	262	1978	16.194618	100	0	13.690004	16.467344	75.582092	5.6282444	77.825401	2.9670329	56.792603	42.101692	13.741734	6.1970797	13.898988	9	10	1	0	1	8.153471	100	0	13.690004	16.281622	84.176315	5.6023636	74.212402	3.4848485	48.08503	42.766537	6.2095923	7.146666	15.910456	9	10	1	0	2	7.5206265	0	1	0	0	0	0	0	0	0	0	0	0	0	0	0	0	0	0	0	0	0	0	0	0	0	0	0	1
3	262	1983	20.560974	100	0	13.690004	16.599442	69.342522	5.7484384	80.829002	2.5833333	45.692043	44.409485	23.76074	7.0630517	9.6517296	9	10	1	0	1	8.3619938	100	0	13.690004	16.467344	75.582092	5.6282444	77.825401	2.9670329	56.792603	42.101692	13.741734	6.1970797	13.898988	9	10	1	0	1	8.153471	0	0	1	0	0	0	0	0	0	0	0	0	0	0	0	0	0	0	0	0	0	0	0	0	0	0	0	1
4	262	1988	19.684895	100	0	13.690004	16.748581	66.249519	6.1106825	83.340401	3.3402133	50.611729	42.063255	52.001362	7.3716922	37.675896	9	10	1	0	1	7.8891401	100	0	13.690004	16.599442	69.342522	5.7484384	80.829002	2.5833333	45.692043	44.409485	23.76074	7.0630517	9.6517296	9	10	1	0	1	8.3619938	0	0	0	1	0	0	0	0	0	0	0	0	0	0	0	0	0	0	0	0	0	0	0	0	0	0	0	1
5	262	1993	20.180536	100	0	13.690004	16.868883	62.27269	6.6619506	86.105598	1.9523809	54.957973	42.191032	62.718834	8.5576839	39.198021	8.1999998	9.1999998	1	0	2.5999999	7.9465995	100	0	13.690004	16.748581	66.249519	6.1106825	83.340401	3.3402133	50.611729	42.063255	52.001362	7.3716922	37.675896	9	10	1	0	1	7.8891401	0	0	0	0	1	0	0	0	0	0	0	0	0	0	0	0	0	0	0	0	0	0	0	0	0	0	0	1
6	262	1998	20.742666	100	0	13.690004	16.959139	56.825775	7.1867685	88.861397	1.7786561	48.790451	45.858925	41.399738	10.204988	45.696178	7.5999999	9	1	0	2.5999999	8.2620583	100	0	13.690004	16.868883	62.27269	6.6619506	86.105598	1.9523809	54.957973	42.191032	62.718834	8.5576839	39.198021	8.1999998	9.1999998	1	0	2.5999999	7.9465995	0	0	0	0	0	1	0	0	0	0	0	0	0	0	0	0	0	0	0	0	0	0	0	0	0	0	0	1
7	262	2003	26.397299	100	0	13.690004	17.065466	51.215034	7.5885062	91.102203	2.402564	51.357758	44.966774	41.378738	10.626535	27.902281	6	7	1	0	3.2	8.3543253	100	0	13.690004	16.959139	56.825775	7.1867685	88.861397	1.7786561	48.790451	45.858925	41.399738	10.204988	45.696178	7.5999999	9	1	0	2.5999999	8.2620583	0	0	0	0	0	0	1	0	0	0	0	0	0	0	0	0	0	0	0	0	0	0	0	0	0	0	0	1
