period	cc	year	GG_7_GDP	centralization	warfare	area	population	depend15	depend64	urban	pop_growth	trade	gini_gross	debt	fdi_liab	inflation	democracy	pol_comp	presidential	plurality	pol_rights	gdp_pc	lcentralization	lwarfare	larea	lpopulation	ldepend15	ldepend64	lurban	lpop_growth	ltrade	lgini_gross	ldebt	lfdi_liab	linflation	ldemocracy	lpol_comp	lpresidential	lplurality	lpol_rights	lgdp_pc	per01	per02	per03	per04	per05	per06	per07	per08	cc1	cc2	cc3	cc4	cc5	cc6	cc7	cc8	cc9	cc10	cc11	cc12
6	3	1998	29.880131	100	4	14.690979	17.209705	61.342094	6.6240325	58.870998	2.0014832	53.029591	35.887875	73.647102	8.0497398	12.669454	-3	6	1	.40000001	6	7.4153013	100	4	14.690979	17.118347	74.94075	6.5871291	54.432201	2.2242572	50.368752	36.735027	86.311401	7.6776681	29.398741	-5.1999998	3.2	1	1	6.1999998	7.4387007	0	0	0	0	0	1	0	0	1	0	0	0	0	0	0	0	0	0	0	0
7	3	2003	31.353262	100	3.2	14.690979	17.274702	48.927296	6.7844119	64.328201	1.2310606	63.789024	35.766525	47.548241	8.8046598	7.2033939	-1	6	1	0	6	7.7130532	100	4	14.690979	17.209705	61.342094	6.6240325	58.870998	2.0014832	53.029591	35.887875	73.647102	8.0497398	12.669454	-3	6	1	.40000001	6	7.4153013	0	0	0	0	0	0	1	0	1	0	0	0	0	0	0	0	0	0	0	0
8	18	2008	12.706159	100	0	11.776597	18.79855	51.600788	7.1018562	26.990801	1.4285715	45.838192	57.999744	44.384075	8.5475492	6.748498	.80000001	5.8000002	0	1	3.8	6.2868066	100	0	11.776597	18.72751	58.815281	6.9245358	24.8176	1.5384616	36.071941	48.409187	50.145119	7.9609995	3.72471	6	7	0	1	3.8	5.9313459	0	0	0	0	0	0	0	1	0	1	0	0	0	0	0	0	0	0	0	0
2	74	1978	45.354172	100	0	13.81095	17.57617	78.840248	6.3357196	43.695599	2.383657	55.131283	38.098724	101.2583	6.3638897	14.744474	-6	2	0	1	5	6.0604506	100	.60000002	13.81095	17.463217	80.336082	6.258502	42.9548	2.1352324	35.450111	38.796272	58.696419	4.0126696	7.6155481	-7	1	0	1	6	5.5806317	0	1	0	0	0	0	0	0	0	0	1	0	0	0	0	0	0	0	0	0
3	74	1983	37.50668	100	0	13.81095	17.690237	77.403397	6.4572334	43.905998	2.1295888	62.810207	36.095558	125.785	8.2983389	7.7692399	-6	2	0	1	4.5999999	6.7259469	100	0	13.81095	17.57617	78.840248	6.3357196	43.695599	2.383657	55.131283	38.098724	101.2583	6.3638897	14.744474	-6	2	0	1	5	6.0604506	0	0	1	0	0	0	0	0	0	0	1	0	0	0	0	0	0	0	0	0
4	74	1988	28.653294	100	0	13.81095	17.811295	75.359261	6.6551013	43.661999	2.2959807	48.190136	34.092392	99.278976	9.1010294	18.91028	-6	2	0	1	5	7.2813516	100	0	13.81095	17.690237	77.403397	6.4572334	43.905998	2.1295888	62.810207	36.095558	125.785	8.2983389	7.7692399	-6	2	0	1	4.5999999	6.7259469	0	0	0	1	0	0	0	0	0	0	1	0	0	0	0	0	0	0	0	0
5	74	1993	32.564877	100	0	13.81095	17.909576	70.662941	7.0015421	43.079601	1.7251641	56.072025	35.451836	118.54712	9.4406986	12.497936	-6	2	0	1	5.5999999	6.7410159	100	0	13.81095	17.811295	75.359261	6.6551013	43.661999	2.2959807	48.190136	34.092392	99.278976	9.1010294	18.91028	-6	2	0	1	5	7.2813516	0	0	0	0	1	0	0	0	0	0	1	0	0	0	0	0	0	0	0	0
6	74	1998	26.738932	100	0	13.81095	17.992624	63.561665	7.3127322	42.803799	1.5881021	41.703716	39.957375	72.459282	9.7264442	5.3360634	-6	2	0	1	6	7.1792297	100	0	13.81095	17.909576	70.662941	7.0015421	43.079601	1.7251641	56.072025	35.451836	118.54712	9.4406986	12.497936	-6	2	0	1	5.5999999	6.7410159	0	0	0	0	0	1	0	0	0	0	1	0	0	0	0	0	0	0	0	0
7	74	2003	30.027391	100	0	13.81095	18.083471	55.863888	7.5147772	42.935001	1.7570556	50.526585	34.817364	103.69205	9.982729	5.9426479	-5.4000001	2.8	0	1	6	7.0767527	100	0	13.81095	17.992624	63.561665	7.3127322	42.803799	1.5881021	41.703716	39.957375	72.459282	9.7264442	5.3360634	-6	2	0	1	6	7.1792297	0	0	0	0	0	0	1	0	0	0	1	0	0	0	0	0	0	0	0	0
8	74	2008	33.931358	100	0	13.81095	18.177055	50.862984	7.739068	43.235802	1.6150942	61.711807	32.645111	82.00692	10.908479	10.687876	-3	6	1	1	6	7.6018853	100	0	13.81095	18.083471	55.863888	7.5147772	42.935001	1.7570556	50.526585	34.817364	103.69205	9.982729	5.9426479	-5.4000001	2.8	0	1	6	7.0767527	0	0	0	0	0	0	0	1	0	0	1	0	0	0	0	0	0	0	0	0
2	112	1978	17.811655	59.264767	2	14.914123	20.319288	70.303299	6.1872182	22.3916	2.4597886	13.93119	37.386219	39.060822	7.5926213	8.263134	7.8000002	7	0	1	2.2	5.3089051	59.204079	2.5999999	14.914123	20.201904	72.270889	5.9737191	20.703199	2.0586827	9.6515045	36.500847	36.535301	7.6155472	9.8025923	8.6000004	8.6000004	0	1	2	4.9396038	0	1	0	0	0	0	0	0	0	0	0	1	0	0	0	0	0	0	0	0
3	112	1983	20.498783	58.05048	3.8	14.914123	20.435122	68.357605	6.3343496	23.848	2.190134	14.098086	33.558113	39.410069	7.6976137	8.5186682	8	7	0	1	2	5.6446967	59.264767	2	14.914123	20.319288	70.303299	6.1872182	22.3916	2.4597886	13.93119	37.386219	39.060822	7.5926213	8.263134	7.8000002	7	0	1	2.2	5.3089051	0	0	1	0	0	0	0	0	0	0	0	1	0	0	0	0	0	0	0	0
4	112	1988	25.431395	59.098579	5.5999999	14.914123	20.546059	66.158569	6.4520121	25.0674	2.209239	14.006076	33.30669	43.58392	7.8097854	8.6909838	8	7	0	1	2	5.8455997	58.05048	3.8	14.914123	20.435122	68.357605	6.3343496	23.848	2.190134	14.098086	33.558113	39.410069	7.6976137	8.5186682	8	7	0	1	2	5.6446967	0	0	0	1	0	0	0	0	0	0	0	1	0	0	0	0	0	0	0	0
5	112	1993	28.096752	54.330715	6.8000002	14.914123	20.648159	63.040661	6.5810051	26.183001	1.9892482	19.774784	34.392029	73.261734	8.3281622	10.324294	8.1999998	7.4000001	0	1	3.5999999	5.8122892	59.098579	5.5999999	14.914123	20.546059	66.158569	6.4520121	25.0674	2.209239	14.006076	33.30669	43.58392	7.8097854	8.6909838	8	7	0	1	2	5.8455997	0	0	0	0	1	0	0	0	0	0	0	1	0	0	0	0	0	0	0	0
6	112	1998	28.616413	53.606937	5	14.914123	20.738287	58.74641	6.805964	27.243	.82272464	24.311192	36.172855	68.890297	9.6323509	5.7549658	9	9	0	1	2	6.0476947	54.330715	6.8000002	14.914123	20.648159	63.040661	6.5810051	26.183001	1.9892482	19.774784	34.392029	73.261734	8.3281622	10.324294	8.1999998	7.4000001	0	1	3.5999999	5.8122892	0	0	0	0	0	1	0	0	0	0	0	1	0	0	0	0	0	0	0	0
7	112	2003	29.263798	53.744057	5	14.914123	20.818577	53.828255	7.1474881	28.6078	2	33.109886	34.988518	81.624481	10.507072	4.152288	9	9	0	1	2	6.3176994	53.606937	5	14.914123	20.738287	58.74641	6.805964	27.243	.82272464	24.311192	36.172855	68.890297	9.6323509	5.7549658	9	9	0	1	2	6.0476947	0	0	0	0	0	0	1	0	0	0	0	1	0	0	0	0	0	0	0	0
2	114	1978	33.099831	97.868752	4.8000002	14.285514	17.403452	80.098259	5.7519698	48.114601	3.4023612	58.993336	47.038937	17.851471	8.0519552	17.633394	-6.4000001	1	1	1	5.4000001	7.6674299	98.32428	0	14.285514	17.248455	82.033638	6.2098579	43.932999	2.6264832	69.416618	50.978256	12.281266	7.2934294	22.45796	-10	1	1	0	5.25	6.7103648	0	1	0	0	0	0	0	0	0	0	0	0	1	0	0	0	0	0	0	0
3	114	1983	24.744314	97.166435	13	14.285514	17.580122	85.048042	5.6155815	51.9142	4.2438574	29.826033	46.531178	29.227858	8.2106342	14.162004	-5.5999999	2	1	1	5.5999999	7.9106112	97.868752	4.8000002	14.285514	17.403452	80.098259	5.7519698	48.114601	3.4023612	58.993336	47.038937	17.851471	8.0519552	17.633394	-6.4000001	1	1	1	5.4000001	7.6674299	0	0	1	0	0	0	0	0	0	0	0	0	1	0	0	0	0	0	0	0
4	114	1988	19.367065	97.146309	7.5999999	14.285514	17.757929	90.085144	6.3262968	55.155998	3.1356602	22.437773	45.941513	49.757999	8.0735312	18.480261	-6	2	1	1	5.4000001	7.4267039	97.166435	13	14.285514	17.580122	85.048042	5.6155815	51.9142	4.2438574	29.826033	46.531178	29.227858	8.2106342	14.162004	-5.5999999	2	1	1	5.5999999	7.9106112	0	0	0	1	0	0	0	0	0	0	0	0	1	0	0	0	0	0	0	0
5	114	1993	22.54002	100	2.4000001	14.285514	17.875656	84.020706	7.125484	58.673599	1.3918307	42.096073	45.461758	32.80698	8.0163879	35.178341	-6	2	1	1	6	7.4991384	97.146309	7.5999999	14.285514	17.757929	90.085144	6.3262968	55.155998	3.1356602	22.437773	45.941513	49.757999	8.0735312	18.480261	-6	2	1	1	5.4000001	7.4267039	0	0	0	0	1	0	0	0	0	0	0	0	1	0	0	0	0	0	0	0
6	114	1998	23.740044	97.504715	0	14.285514	17.958393	66.402687	7.3632579	62.5196	1.9267237	33.925011	45.098007	23.76638	8.084837	20.94969	1.2	5.1999998	1	1	6	7.447082	100	2.4000001	14.285514	17.875656	84.020706	7.125484	58.673599	1.3918307	42.096073	45.461758	32.80698	8.0163879	35.178341	-6	2	1	1	6	7.4991384	0	0	0	0	0	1	0	0	0	0	0	0	1	0	0	0	0	0	0	0
7	114	2003	27.723566	94.21624	0	14.285514	18.034801	44.855328	7.4520316	66.151604	1.1855105	50.072487	42.997589	23.993719	9.1960649	17.862	-.60000002	4.8000002	1	1	6	7.6916595	97.504715	0	14.285514	17.958393	66.402687	7.3632579	62.5196	1.9267237	33.925011	45.098007	23.76638	8.084837	20.94969	1.2	5.1999998	1	1	6	7.447082	0	0	0	0	0	0	1	0	0	0	0	0	1	0	0	0	0	0	0	0
3	118	1983	79.438248	92.569603	5.1999998	9.9822989	15.191422	56.617836	14.883012	89.330002	1.5006254	75.898361	40.183601	247.80034	7.1060214	209.4744	9	9	0	0	2	8.8573093	91.589333	2	9.9822989	15.090338	55.906982	14.202583	87.806999	2.1938405	80.724854	36.173977	136.55122	6.8092322	67.768181	9	9	0	0	2	8.5336876	0	0	1	0	0	0	0	0	0	0	0	0	0	1	0	0	0	0	0	0
4	118	1988	54.249752	90.326767	6	9.9822989	15.273584	54.018524	14.713693	90.146599	2.2847412	68.012321	40.74968	147.34261	7.5801206	25.191481	9	9	0	0	2	9.2588511	92.569603	5.1999998	9.9822989	15.191422	56.617836	14.883012	89.330002	1.5006254	75.898361	40.183601	247.80034	7.1060214	209.4744	9	9	0	0	2	8.8573093	0	0	0	1	0	0	0	0	0	0	0	0	0	1	0	0	0	0	0	0
5	118	1993	47.377254	86.40995	2	9.9822989	15.419605	49.14407	15.470942	90.6632	3.1994328	63.251881	41.944382	114.795	8.2580938	14.90321	9	9	0	0	1.4	9.6533365	90.326767	6	9.9822989	15.273584	54.018524	14.713693	90.146599	2.2847412	68.012321	40.74968	147.34261	7.5801206	25.191481	9	9	0	0	2	9.2588511	0	0	0	0	1	0	0	0	0	0	0	0	0	1	0	0	0	0	0	0
6	118	1998	50.373932	87.602516	2	9.9822989	15.565928	45.981419	16.140867	91.068199	2.7568762	67.16922	43.826729	95.919998	9.4378862	6.6005578	9.3999996	9.3999996	.80000001	0	1	9.872776	86.40995	2	9.9822989	15.419605	49.14407	15.470942	90.6632	3.1994328	63.251881	41.944382	114.795	8.2580938	14.90321	9	9	0	0	1.4	9.6533365	0	0	0	0	0	1	0	0	0	0	0	0	0	1	0	0	0	0	0	0
7	118	2003	49.771755	93.040947	2	9.9822989	15.665112	45.066906	16.182114	91.391998	1.8381157	76.736954	44.849037	95.728416	10.02521	1.2908884	10	10	.2	0	1	9.8687725	87.602516	2	9.9822989	15.565928	45.981419	16.140867	91.068199	2.7568762	67.16922	43.826729	95.919998	9.4378862	6.6005578	9.3999996	9.3999996	.80000001	0	1	9.872776	0	0	0	0	0	0	1	0	0	0	0	0	0	1	0	0	0	0	0	0
3	123	1983	26.870132	100	0	11.387815	14.769539	98.270859	7.8079281	63.730999	3.4119895	125.99454	36.724289	38.074799	6.3584733	5.8276548	-9.6000004	1	1	1	5.5999999	7.5068054	100	0	11.387815	14.594251	100.11525	7.1138353	59.023399	4.1161237	118.72676	38.23571	38.178082	5.0618186	5.3960438	-10	1	1	1	6	7.0490937	0	0	1	0	0	0	0	0	0	0	0	0	0	0	1	0	0	0	0	0
4	123	1988	29.251131	100	0	11.387815	14.957995	95.690178	7.5676208	69.841003	4.2487288	115.78963	38.819405	219.73399	6.5687742	8.427	-7	3	1	1	5.1999998	7.4243841	100	0	11.387815	14.769539	98.270859	7.8079281	63.730999	3.4119895	125.99454	36.724289	38.074799	6.3584733	5.8276548	-9.6000004	1	1	1	5.5999999	7.5068054	0	0	0	1	0	0	0	0	0	0	0	0	0	0	1	0	0	0	0	0
5	123	1993	32.000359	100	0	11.387815	15.199294	81.065903	6.2251506	75.910599	5.6123843	130.07671	45.526192	145.6976	6.5200448	3.9289939	-2.4000001	8.3999996	1	1	3.8	7.2359366	100	0	11.387815	14.957995	95.690178	7.5676208	69.841003	4.2487288	115.78963	38.819405	219.73399	6.5687742	8.427	-7	3	1	1	5.1999998	7.4243841	0	0	0	0	1	0	0	0	0	0	0	0	0	0	1	0	0	0	0	0
6	123	1998	32.49995	100	0	11.387815	15.358496	71.34935	5.7572474	79.230797	2.7111821	115.19942	39.025131	107.695	7.3687253	1.700487	-2	9	1	1	4	7.4092836	100	0	11.387815	15.199294	81.065903	6.2251506	75.910599	5.6123843	130.07671	45.526192	145.6976	6.5200448	3.9289939	-2.4000001	8.3999996	1	1	3.8	7.2359366	0	0	0	0	0	1	0	0	0	0	0	0	0	0	1	0	0	0	0	0
7	123	2003	34.311161	100	0	11.387815	15.444366	64.692993	5.9861312	80.629402	2.3868039	124.11362	40.371578	94.393661	8.691781	1.7867264	-2	9	1	1	5.1999998	7.625474	100	0	11.387815	15.358496	71.34935	5.7572474	79.230797	2.7111821	115.19942	39.025131	107.695	7.3687253	1.700487	-2	9	1	1	4	7.4092836	0	0	0	0	0	0	1	0	0	0	0	0	0	0	1	0	0	0	0	0
8	123	2008	36.167862	96.73671	0	11.390256	15.579387	63.518909	6.4817977	81.954597	2.1323309	132.27498	39.367809	68.331779	9.8323708	9.364974	-2.8	8.1999998	1	1	5.4000001	8.1603222	100	0	11.387815	15.444366	64.692993	5.9861312	80.629402	2.3868039	124.11362	40.371578	94.393661	8.691781	1.7867264	-2	9	1	1	5.1999998	7.625474	0	0	0	0	0	0	0	1	0	0	0	0	0	0	1	0	0	0	0	0
2	161	1978	19.09059	100	3	13.008747	16.748581	85.760368	7.6326928	39.8116	2.1637428	51.741394	62.847996	54.577721	6.1433206	9.3460217	-8.1999998	2	1	1	3.8	6.6843019	100	.60000002	13.008782	16.612349	98.423759	7.9561124	36.419201	2.4264705	48.321114	65.669937	31.89978	5.7983694	7.7036653	-9	2	1	1	5	6.0427756	0	1	0	0	0	0	0	0	0	0	0	0	0	0	0	1	0	0	0	0
3	161	1983	22.060642	100	3	13.008747	16.868883	77.26265	7.6005535	43.351398	1.9523809	57.286133	46.134834	94.67028	6.3116231	8.255806	-8	2	1	1	4	6.6054544	100	3	13.008747	16.748581	85.760368	7.6326928	39.8116	2.1637428	51.741394	62.847996	54.577721	6.1433206	9.3460217	-8.1999998	2	1	1	3.8	6.6843019	0	0	1	0	0	0	0	0	0	0	0	0	0	0	0	1	0	0	0	0
4	161	1988	20.858759	100	2.4000001	13.008747	16.984705	72.909851	6.9236054	46.946201	2.6119895	52.963001	37.80571	105.1272	6.8393469	5.8015318	-8	2	1	1	4	6.8956056	100	3	13.008747	16.868883	77.26265	7.6005535	43.351398	1.9523809	57.286133	46.134834	94.67028	6.3116231	8.255806	-8	2	1	1	4	6.6054544	0	0	0	1	0	0	0	0	0	0	0	0	0	0	0	1	0	0	0	0
5	161	1993	28.117607	100	0	13.008747	17.080858	66.680183	7.1661444	50.371601	1.5692308	53.139187	39.107727	86.291344	7.954772	4.8255038	-7.1999998	2	1	1	5.1999998	7.1316276	100	2.4000001	13.008747	16.984705	72.909851	6.9236054	46.946201	2.6119895	52.963001	37.80571	105.1272	6.8393469	5.8015318	-8	2	1	1	4	6.8956056	0	0	0	0	1	0	0	0	0	0	0	0	0	0	0	1	0	0	0	0
6	161	1998	28.029905	100	0	13.008747	17.147459	58.179211	7.5591631	52.677799	1.4550265	54.535892	40.113487	74.303596	8.7262678	3.0695641	-6.4000001	2.5999999	1	1	5	7.2362485	100	0	13.008747	17.080858	66.680183	7.1661444	50.371601	1.5692308	53.139187	39.107727	86.291344	7.954772	4.8255038	-7.1999998	2	1	1	5.1999998	7.1316276	0	0	0	0	0	1	0	0	0	0	0	0	0	0	0	1	0	0	0	0
7	161	2003	33.707893	97.467918	0	13.008747	17.203148	49.737247	7.9544897	54.316002	.68965518	63.56942	40.853062	65.234138	9.6439915	1.021059	-6	3	1	1	5	7.3878269	100	0	13.008747	17.147459	58.179211	7.5591631	52.677799	1.4550265	54.535892	40.113487	74.303596	8.7262678	3.0695641	-6.4000001	2.5999999	1	1	5	7.2362485	0	0	0	0	0	0	1	0	0	0	0	0	0	0	0	1	0	0	0	0
8	161	2008	33.760956	97.596741	0	13.008747	17.262197	43.902161	8.2223845	55.993599	1.3118279	77.430534	41.389084	51.956402	10.564976	2.6941781	-6	3	1	1	5	7.8655572	97.467918	0	13.008747	17.203148	49.737247	7.9544897	54.316002	.68965518	63.56942	40.853062	65.234138	9.6439915	1.021059	-6	3	1	1	5	7.3878269	0	0	0	0	0	0	0	1	0	0	0	0	0	0	0	1	0	0	0	0
5	166	1993	15.731486	100	0	11.8706	16.849821	77.317131	6.1173434	10.0786	3.1637428	49.323521	39.800346	63.91164	3.1424267	10.58509	5	5	0	1	2.5999999	5.2602701	100	0	11.8706	16.716078	77.968781	6.003664	8.2667999	2.4264705	33.542427	34.06134	49.633018	2.7175558	12.1758	-.60000002	2.5999999	0	1	3.4000001	5.2142982	0	0	0	0	1	0	0	0	0	0	0	0	0	0	0	0	1	0	0	0
6	166	1998	15.747686	100	2	11.871089	16.959139	75.352196	6.2919903	12.4166	1.8614719	59.64994	45.621174	62.006161	4.2075615	6.5138922	5.4000001	6.1999998	0	1	3	5.4043818	100	0	11.8706	16.849821	77.317131	6.1173434	10.0786	3.1637428	49.323521	39.800346	63.91164	3.1424267	10.58509	5	5	0	1	2.5999999	5.2602701	0	0	0	0	0	1	0	0	0	0	0	0	0	0	0	0	1	0	0	0
7	166	2003	15.490344	100	2	11.873044	17.080858	71.313721	6.5590444	14.4408	1.7028985	47.297729	47.564949	58.853958	4.6403394	5.6616278	-3.5999999	6.4000001	.60000002	1	4.5999999	5.5472455	100	2	11.871089	16.959139	75.352196	6.2919903	12.4166	1.8614719	59.64994	45.621174	62.006161	4.2075615	6.5138922	5.4000001	6.1999998	0	1	3	5.4043818	0	0	0	0	0	0	1	0	0	0	0	0	0	0	0	0	1	0	0	0
2	180	1978	11.296136	100	.80000001	13.555288	18.137383	81.927177	7.0544991	27.375999	3.3058774	25.045074	42.254715	56.757462	6.051568	9.1271477	-4	2.2	.60000002	1	5.8000002	5.6444507	100	3	13.555288	17.983023	80.840775	6.9981461	25.7314	2.8822248	20.695259	40.15715	66.862938	5.7045465	15.293406	5.5999999	7	0	1	3.5	5.0792317	0	1	0	0	0	0	0	0	0	0	0	0	0	0	0	0	0	1	0	0
3	180	1983	13.171482	100	0	13.555288	18.303009	81.95266	7.094131	28.8328	3.4968972	27.484259	42.711308	54.41412	6.4104381	7.7495499	-6.4000001	1.2	1	1	6.4000001	5.9635758	100	.80000001	13.555288	18.137383	81.927177	7.0544991	27.375999	3.3058774	25.045074	42.254715	56.757462	6.051568	9.1271477	-4	2.2	.60000002	1	5.8000002	5.6444507	0	0	1	0	0	0	0	0	0	0	0	0	0	0	0	0	0	1	0	0
4	180	1988	17.133932	100	0	13.555288	18.475857	82.856972	7.1607924	30.0832	3.0397422	27.548647	40.246319	73.845016	6.9506693	6.4929638	3.2	5	.60000002	1	3.5999999	6.0167174	100	0	13.555288	18.303009	81.95266	7.094131	28.8328	3.4968972	27.484259	42.711308	54.41412	6.4104381	7.7495499	-6.4000001	1.2	1	1	6.4000001	5.9635758	0	0	0	1	0	0	0	0	0	0	0	0	0	0	0	0	0	1	0	0
5	180	1993	19.482727	100	0	13.555288	18.601608	82.839264	7.2534919	31.332001	3.4848485	30.115591	39.479137	75.884903	7.7581058	11.715774	8	7	0	1	3.4000001	6.2063956	100	0	13.555288	18.475857	82.856972	7.1607924	30.0832	3.0397422	27.548647	40.246319	73.845016	6.9506693	6.4929638	3.2	5	.60000002	1	3.5999999	6.0167174	0	0	0	0	1	0	0	0	0	0	0	0	0	0	0	0	0	1	0	0
6	180	1998	18.563818	100	0	13.555288	18.72751	78.534378	7.2205911	32.617199	1.5384616	28.831533	32.059261	77.541039	8.4847145	12.007328	2	5	.2	1	5	6.2570624	100	0	13.555288	18.601608	82.839264	7.2534919	31.332001	3.4848485	30.115591	39.479137	75.884903	7.7581058	11.715774	8	7	0	1	3.4000001	6.2063956	0	0	0	0	0	1	0	0	0	0	0	0	0	0	0	0	0	1	0	0
7	180	2003	17.473734	100	1.6	13.555288	18.851961	69.732147	7.1191592	33.943802	2.7619047	31.861414	32.020378	75.19236	8.8697824	5.9136739	-5.1999998	2	1	1	6	6.3234	100	0	13.555288	18.72751	78.534378	7.2205911	32.617199	1.5384616	28.831533	32.059261	77.541039	8.4847145	12.007328	2	5	.2	1	5	6.2570624	0	0	0	0	0	0	1	0	0	0	0	0	0	0	0	0	0	1	0	0
2	228	1978	26.917282	100	0	11.046276	16.495964	60.99749	7.1775374	19.0606	2.9670329	69.376328	52.084904	65.637939	4.4107814	14.191874	6.8000002	7	0	.60000002	2	5.5389819	100	0	11.046276	16.410103	66.237709	6.7419143	19.495399	0	50.748402	44.130199	43.348801	4.863802	10.588586	8	7	0	1	2	5.4763775	0	1	0	0	0	0	0	0	0	0	0	0	0	0	0	0	0	0	1	0
3	228	1983	26.938793	100	3	11.046276	16.575191	57.387768	7.8579969	18.302	1.3333334	68.651917	48.160938	75.106079	5.5735126	14.155503	5.1999998	6.1999998	.60000002	0	2.5999999	5.8160982	100	0	11.046276	16.495964	60.99749	7.1775374	19.0606	2.9670329	69.376328	52.084904	65.637939	4.4107814	14.191874	6.8000002	7	0	.60000002	2	5.5389819	0	0	1	0	0	0	0	0	0	0	0	0	0	0	0	0	0	0	1	0
4	228	1988	26.581858	100	8.1999998	11.046276	16.636599	53.122208	8.6392918	17.513	1.25	62.647282	41.240929	95.058723	6.0879693	10.954454	5	6	1	0	3.4000001	6.0352983	100	3	11.046276	16.575191	57.387768	7.8579969	18.302	1.3333334	68.651917	48.160938	75.106079	5.5735126	14.155503	5.1999998	6.1999998	.60000002	0	2.5999999	5.8160982	0	0	0	1	0	0	0	0	0	0	0	0	0	0	0	0	0	0	1	0
5	228	1993	26.827017	100	5	11.046276	16.705883	47.77816	9.382679	16.743601	1.1764706	73.413979	45.40612	93.057259	6.7641816	9.7972383	5	6	1	0	4	6.4182587	100	8.1999998	11.046276	16.636599	53.122208	8.6392918	17.513	1.25	62.647282	41.240929	95.058723	6.0879693	10.954454	5	6	1	0	3.4000001	6.0352983	0	0	0	0	1	0	0	0	0	0	0	0	0	0	0	0	0	0	1	0
6	228	1998	24.830832	100	5	11.046276	16.738323	41.613766	9.5499849	16.0014	1.1111112	78.679321	47.713917	89.320099	7.4852104	8.0792255	5	6	1	0	3	6.7486296	100	5	11.046276	16.705883	47.77816	9.382679	16.743601	1.1764706	73.413979	45.40612	93.057259	6.7641816	9.7972383	5	6	1	0	4	6.4182587	0	0	0	0	0	1	0	0	0	0	0	0	0	0	0	0	0	0	1	0
7	228	2003	23.811678	100	5	11.046276	16.780466	37.670876	10.179674	15.3598	1.0526316	77.538902	57.702599	99.42112	7.8897691	9.969326	5.4000001	6	1	0	3	6.8990722	100	5	11.046276	16.738323	41.613766	9.5499849	16.0014	1.1111112	78.679321	47.713917	89.320099	7.4852104	8.0792255	5	6	1	0	3	6.7486296	0	0	0	0	0	0	1	0	0	0	0	0	0	0	0	0	0	0	1	0
2	247	1978	23.85557	100	0	11.953501	15.629562	79.482101	6.760488	49.376598	2.7097082	67.327446	41.372581	35.728649	7.4213729	8.4404783	-9	1	1	1	6	7.0069451	100	0	11.953501	15.505106	87.003807	6.9930363	45.945599	1.8881375	52.467609	43.820034	34.50108	6.5343032	9.2640181	-9	1	1	1	6	6.3253508	0	1	0	0	0	0	0	0	0	0	0	0	0	0	0	0	0	0	0	1
3	247	1983	27.18968	100	0	11.953501	15.757882	74.049667	7.0675302	52.530998	2.6720431	72.159355	41.06134	40.52454	8.3700924	10.139484	-8	2	1	1	5	7.1703582	100	0	11.953501	15.629562	79.482101	6.760488	49.376598	2.7097082	67.327446	41.372581	35.728649	7.4213729	8.4404783	-9	1	1	1	6	7.0069451	0	0	1	0	0	0	0	0	0	0	0	0	0	0	0	0	0	0	0	1
4	247	1988	28.51251	100	0	11.953501	15.876822	68.842201	7.6025567	56.3032	2.3539236	73.073494	38.571884	54.368259	8.61343	5.94067	-5.5999999	2.8	1	1	5.5999999	7.2649679	100	0	11.953501	15.757882	74.049667	7.0675302	52.530998	2.6720431	72.159355	41.06134	40.52454	8.3700924	10.139484	-8	2	1	1	5	7.1703582	0	0	0	1	0	0	0	0	0	0	0	0	0	0	0	0	0	0	0	1
5	247	1993	29.659456	100	0	11.953501	15.973995	61.075336	9.0339317	60.062801	1.8808489	79.719162	39.566498	58.4562	9.0569534	5.4593701	-3.8	4.8000002	1	1	5.8000002	7.5728216	100	0	11.953501	15.876822	68.842201	7.6025567	56.3032	2.3539236	73.073494	38.571884	54.368259	8.61343	5.94067	-5.5999999	2.8	1	1	5.5999999	7.2649679	0	0	0	0	1	0	0	0	0	0	0	0	0	0	0	0	0	0	0	1
6	247	1998	29.018215	100	0	11.953501	16.04541	51.147594	9.9351244	62.6488	1.3000276	79.484291	40.68993	59.862541	9.2501478	5.6796679	-3	6	1	1	6	7.7610469	100	0	11.953501	15.973995	61.075336	9.0339317	60.062801	1.8808489	79.719162	39.566498	58.4562	9.0569534	5.4593701	-3.8	4.8000002	1	1	5.8000002	7.5728216	0	0	0	0	0	1	0	0	0	0	0	0	0	0	0	0	0	0	0	1
7	247	2003	29.291536	100	0	11.953501	16.08753	41.518833	10.15556	64.4496	.82062072	86.892082	40.188278	57.9991	9.6209307	3.043968	-3.8	6	1	1	6	7.9255209	100	0	11.953501	16.04541	51.147594	9.9351244	62.6488	1.3000276	79.484291	40.68993	59.862541	9.2501478	5.6796679	-3	6	1	1	6	7.7610469	0	0	0	0	0	0	1	0	0	0	0	0	0	0	0	0	0	0	0	1
