period	cc	year	CG_7_GDP	centralization	warfare	area	population	depend15	depend64	urban	pop_growth	trade	gini_gross	debt	fdi_liab	inflation	democracy	pol_comp	presidential	plurality	pol_rights	gdp_pc	lcentralization	lwarfare	larea	lpopulation	ldepend15	ldepend64	lurban	lpop_growth	ltrade	lgini_gross	ldebt	lfdi_liab	linflation	ldemocracy	lpol_comp	lpresidential	lplurality	lpol_rights	lgdp_pc	per01	per02	per03	per04	cc3	cc10	cc13	cc14	cc27	cc32	cc34	cc44	cc45	cc51	cc56	cc59	cc63	cc68	cc71	cc73	cc74	cc75	cc79	cc82	cc83	cc84	cc93	cc96	cc101	cc112	cc113	cc114	cc116	cc118	cc119	cc121	cc122	cc123	cc125	cc136	cc143	cc144	cc145	cc152	cc154	cc158	cc161	cc164	cc166	cc167	cc171	cc172	cc174	cc178	cc180	cc183	cc186	cc187	cc188	cc191	cc217	cc219	cc220	cc225	cc227	cc228	cc233	cc234	cc240	cc246	cc247	cc248	cc256	cc257	cc258	cc262	cc274
4	3	2005.5	33.397739	100	1.6	14.690979	17.311098	45.168419	6.7591696	67.1091	1.47314	67.79863	35.766525	30.463177	9.1929874	7.368001	.5	6	1	0	6	8.024272	100	4	14.690979	17.164026	68.141426	6.6055808	56.6516	2.1128702	51.699169	36.311451	79.979248	7.8637042	21.034098	-4.0999999	4.5999999	1	.69999999	6.0999999	7.427001	0	0	0	1	1	0	0	0	0	0	0	0	0	0	0	0	0	0	0	0	0	0	0	0	0	0	0	0	0	0	0	0	0	0	0	0	0	0	0	0	0	0	0	0	0	0	0	0	0	0	0	0	0	0	0	0	0	0	0	0	0	0	0	0	0	0	0	0	0	0	0	0	0	0	0	0	0
3	10	1995.5	14.896688	57.523285	0	14.808763	17.373026	47.337059	15.43088	88.761299	1.16064	19.459404	45.973034	37.82151	10.314193	16.813892	7.1999998	9	1	0	1.9	8.9051991	67.005318	.1	14.808763	17.235535	50.884731	14.051686	85.191597	1.6703844	15.524263	42.40221	49.867489	8.5953016	765.33276	4.5999999	6.1999998	1	0	2.7	8.1818733	0	0	1	0	0	1	0	0	0	0	0	0	0	0	0	0	0	0	0	0	0	0	0	0	0	0	0	0	0	0	0	0	0	0	0	0	0	0	0	0	0	0	0	0	0	0	0	0	0	0	0	0	0	0	0	0	0	0	0	0	0	0	0	0	0	0	0	0	0	0	0	0	0	0	0	0	0
4	10	2005.5	18.929899	63.429813	0	14.808763	17.47361	41.223415	16.093077	91.4207	.78983843	40.127644	46.504047	88.178543	11.057449	14.003507	8	9	1	0	2.2	8.6186237	57.523285	0	14.808763	17.373026	47.337059	15.43088	88.761299	1.16064	19.459404	45.973034	37.82151	10.314193	16.813892	7.1999998	9	1	0	1.9	8.9051991	0	0	0	1	0	1	0	0	0	0	0	0	0	0	0	0	0	0	0	0	0	0	0	0	0	0	0	0	0	0	0	0	0	0	0	0	0	0	0	0	0	0	0	0	0	0	0	0	0	0	0	0	0	0	0	0	0	0	0	0	0	0	0	0	0	0	0	0	0	0	0	0	0	0	0	0	0
2	13	1985.5	22.149397	61.902119	0	15.85673	16.586926	35.377949	15.795389	85.501999	1.2916666	31.557806	41.462502	21.22226	10.659246	7.9676962	10	10	0	1	1	9.5631065	64.297607	0	15.85673	16.446135	42.400913	13.920161	85.741501	1.4835165	28.317019	34.043518	24.380461	9.4899349	10.552611	10	10	0	1	1	8.9123735	0	1	0	0	0	0	1	0	0	0	0	0	0	0	0	0	0	0	0	0	0	0	0	0	0	0	0	0	0	0	0	0	0	0	0	0	0	0	0	0	0	0	0	0	0	0	0	0	0	0	0	0	0	0	0	0	0	0	0	0	0	0	0	0	0	0	0	0	0	0	0	0	0	0	0	0	0
3	13	1995.5	23.585978	60.237518	0	15.85673	16.721794	32.034142	18.051636	86.282501	1.1437908	38.193466	42.236851	26.33185	11.548956	1.6632715	10	10	0	1	1	9.9464579	61.902119	0	15.85673	16.586926	35.377949	15.795389	85.501999	1.2916666	31.557806	41.462502	21.22226	10.659246	7.9676962	10	10	0	1	1	9.5631065	0	0	1	0	0	0	1	0	0	0	0	0	0	0	0	0	0	0	0	0	0	0	0	0	0	0	0	0	0	0	0	0	0	0	0	0	0	0	0	0	0	0	0	0	0	0	0	0	0	0	0	0	0	0	0	0	0	0	0	0	0	0	0	0	0	0	0	0	0	0	0	0	0	0	0	0	0
4	13	2005.5	24.243351	73.633255	0	15.85673	16.844465	29.223993	19.231453	88.237801	1.5025063	40.593048	44.146877	13.700086	12.508066	3.819689	10	10	0	1	1	10.493558	60.237518	0	15.85673	16.721794	32.034142	18.051636	86.282501	1.1437908	38.193466	42.236851	26.33185	11.548956	1.6632715	10	10	0	1	1	9.9464579	0	0	0	1	0	0	1	0	0	0	0	0	0	0	0	0	0	0	0	0	0	0	0	0	0	0	0	0	0	0	0	0	0	0	0	0	0	0	0	0	0	0	0	0	0	0	0	0	0	0	0	0	0	0	0	0	0	0	0	0	0	0	0	0	0	0	0	0	0	0	0	0	0	0	0	0	0
3	14	1995.5	40.297909	73.380287	0	11.319947	15.883551	25.93137	22.579897	65.792999	.38465753	75.314293	46.660038	63.747372	9.7456656	1.6330938	10	10	0	0	1	10.160447	72.376938	0	11.319947	15.840992	27.44412	21.783947	65.590698	.26491228	69.022614	43.15403	48.350288	8.4479284	3.6336751	10	10	0	0	1	9.4301071	0	0	1	0	0	0	0	1	0	0	0	0	0	0	0	0	0	0	0	0	0	0	0	0	0	0	0	0	0	0	0	0	0	0	0	0	0	0	0	0	0	0	0	0	0	0	0	0	0	0	0	0	0	0	0	0	0	0	0	0	0	0	0	0	0	0	0	0	0	0	0	0	0	0	0	0	0
4	14	2005.5	39.847389	78.634193	0	11.319848	15.923178	23.324875	24.263599	66.6632	.49088994	101.45923	48.46146	65.880531	11.757771	1.661603	10	10	0	0	1	10.514155	73.380287	0	11.319947	15.883551	25.93137	22.579897	65.792999	.38465753	75.314293	46.660038	63.747372	9.7456656	1.6330938	10	10	0	0	1	10.160447	0	0	0	1	0	0	0	1	0	0	0	0	0	0	0	0	0	0	0	0	0	0	0	0	0	0	0	0	0	0	0	0	0	0	0	0	0	0	0	0	0	0	0	0	0	0	0	0	0	0	0	0	0	0	0	0	0	0	0	0	0	0	0	0	0	0	0	0	0	0	0	0	0	0	0	0	0
3	27	1995.5	21.943304	77.933044	0	13.910821	15.835064	72.760994	7.1569204	59.365601	2.2584541	48.5993	54.244324	75.868301	7.1045551	8.8768606	9	9	1	1	1.6	6.817338	82.241798	0	13.910821	15.613575	76.245323	6.7051764	51.0228	2.335012	49.032253	51.396511	141.7235	5.3173747	1452.6733	7.0999999	7.5999999	1	1	3	6.8307605	0	0	1	0	0	0	0	0	1	0	0	0	0	0	0	0	0	0	0	0	0	0	0	0	0	0	0	0	0	0	0	0	0	0	0	0	0	0	0	0	0	0	0	0	0	0	0	0	0	0	0	0	0	0	0	0	0	0	0	0	0	0	0	0	0	0	0	0	0	0	0	0	0	0	0	0	0
4	27	2005.5	28.357368	82.60199	0	13.910821	16.034517	65.895821	7.7031441	64.380997	1.6412066	64.925743	55.569305	54.080181	8.637702	6.2705221	8	7.4000001	1	1	2.7	7.1220326	77.933044	0	13.910821	15.835064	72.760994	7.1569204	59.365601	2.2584541	48.5993	54.244324	75.868301	7.1045551	8.8768606	9	9	1	1	1.6	6.817338	0	0	0	1	0	0	0	0	1	0	0	0	0	0	0	0	0	0	0	0	0	0	0	0	0	0	0	0	0	0	0	0	0	0	0	0	0	0	0	0	0	0	0	0	0	0	0	0	0	0	0	0	0	0	0	0	0	0	0	0	0	0	0	0	0	0	0	0	0	0	0	0	0	0	0	0	0
3	32	1995.5	36.430965	99.429512	0	13.247639	14.282765	73.672066	4.9966469	48.8428	2.5941877	93.275642	56.24387	18.016741	7.1437778	10.096412	7.4000001	9	0	1	1.8	7.9978309	99.279091	0	13.247639	13.992925	89.350021	4.8269067	29.2377	3.536376	118.12374	55.665359	26.30621	6.7787509	12.007451	6.4000001	9	0	1	1.8	7.0321374	0	0	1	0	0	0	0	0	0	1	0	0	0	0	0	0	0	0	0	0	0	0	0	0	0	0	0	0	0	0	0	0	0	0	0	0	0	0	0	0	0	0	0	0	0	0	0	0	0	0	0	0	0	0	0	0	0	0	0	0	0	0	0	0	0	0	0	0	0	0	0	0	0	0	0	0	0
4	32	2005.5	41.977501	100	0	13.247639	14.456532	56.415325	5.7767282	57.596901	1.0818714	79.856895	54.475708	9.0744066	7.0076981	8.1806707	8	9	0	1	2.2	8.5719395	99.429512	0	13.247639	14.282765	73.672066	4.9966469	48.8428	2.5941877	93.275642	56.24387	18.016741	7.1437778	10.096412	7.4000001	9	0	1	1.8	7.9978309	0	0	0	1	0	0	0	0	0	1	0	0	0	0	0	0	0	0	0	0	0	0	0	0	0	0	0	0	0	0	0	0	0	0	0	0	0	0	0	0	0	0	0	0	0	0	0	0	0	0	0	0	0	0	0	0	0	0	0	0	0	0	0	0	0	0	0	0	0	0	0	0	0	0	0	0	0
3	34	1995.5	26.979647	60.627029	0	15.955577	18.902027	51.154259	8.0409536	77.946999	1.2916666	17.882786	57.141117	59.893082	10.980749	577.26123	8	9	1	1	2.5	8.1670818	70.759712	0	15.955577	18.733305	61.853195	7.0849371	70.201202	2.3168497	16.770071	56.957867	55.625992	9.9533367	574.185	3.2	6.1999998	.5	1	2.7	7.468225	0	0	1	0	0	0	0	0	0	0	1	0	0	0	0	0	0	0	0	0	0	0	0	0	0	0	0	0	0	0	0	0	0	0	0	0	0	0	0	0	0	0	0	0	0	0	0	0	0	0	0	0	0	0	0	0	0	0	0	0	0	0	0	0	0	0	0	0	0	0	0	0	0	0	0	0	0
4	34	2005.5	27.824051	95.33316	0	15.955577	19.040907	41.138176	9.5364208	82.955902	1.6701066	25.811357	53.240494	70.089218	12.298018	8.4262304	8	9	1	1	2.0999999	8.5620136	60.627029	0	15.955577	18.902027	51.154259	8.0409536	77.946999	1.2916666	17.882786	57.141117	59.893082	10.980749	577.26123	8	9	1	1	2.5	8.1670818	0	0	0	1	0	0	0	0	0	0	1	0	0	0	0	0	0	0	0	0	0	0	0	0	0	0	0	0	0	0	0	0	0	0	0	0	0	0	0	0	0	0	0	0	0	0	0	0	0	0	0	0	0	0	0	0	0	0	0	0	0	0	0	0	0	0	0	0	0	0	0	0	0	0	0	0	0
3	44	1995.5	15.287929	100	0	13.066237	16.466387	84.37854	6.7365422	42.880501	2.9835165	39.580318	45.805176	86.539238	7.1313462	5.7138138	-4.4000001	5.5	1	1	6.5999999	6.5460825	100	0	13.066237	16.182446	88.071678	7.0185909	36.397301	3.0921276	43.571316	48.187836	30.72279	6.9883189	5.7209435	-7.9000001	1	1	1	6	6.8017907	0	0	1	0	0	0	0	0	0	0	0	1	0	0	0	0	0	0	0	0	0	0	0	0	0	0	0	0	0	0	0	0	0	0	0	0	0	0	0	0	0	0	0	0	0	0	0	0	0	0	0	0	0	0	0	0	0	0	0	0	0	0	0	0	0	0	0	0	0	0	0	0	0	0	0	0	0
2	45	1985.5	23.431284	46.005665	0	16.023785	17.080574	31.21368	15.212494	76.284203	1.1549858	51.895844	38.733685	64.751541	11.25986	5.2487612	10	10	0	1	1	9.6282244	83.678566	0	16.023785	16.963221	39.598518	13.131587	75.635201	1.7821852	47.292931	36.93055	49.91481	10.572935	8.9265537	10	10	0	1	1	8.9039297	0	1	0	0	0	0	0	0	0	0	0	0	1	0	0	0	0	0	0	0	0	0	0	0	0	0	0	0	0	0	0	0	0	0	0	0	0	0	0	0	0	0	0	0	0	0	0	0	0	0	0	0	0	0	0	0	0	0	0	0	0	0	0	0	0	0	0	0	0	0	0	0	0	0	0	0	0
3	45	1995.5	22.823736	47.930496	0	16.023785	17.196018	29.632559	17.720957	77.997299	1.0353038	70.283455	41.265842	93.515518	12.300088	1.839352	10	10	0	1	1	9.9459219	46.005665	0	16.023785	17.080574	31.21368	15.212494	76.284203	1.1549858	51.895844	38.733685	64.751541	11.25986	5.2487612	10	10	0	1	1	9.6282244	0	0	1	0	0	0	0	0	0	0	0	0	1	0	0	0	0	0	0	0	0	0	0	0	0	0	0	0	0	0	0	0	0	0	0	0	0	0	0	0	0	0	0	0	0	0	0	0	0	0	0	0	0	0	0	0	0	0	0	0	0	0	0	0	0	0	0	0	0	0	0	0	0	0	0	0	0
4	45	2005.5	18.156498	44.878059	0	16.023785	17.296253	25.331217	19.140354	80.122803	.93811095	70.332413	43.027756	75.912613	13.289908	2.301652	10	10	0	1	1	10.443967	47.930496	0	16.023785	17.196018	29.632559	17.720957	77.997299	1.0353038	70.283455	41.265842	93.515518	12.300088	1.839352	10	10	0	1	1	9.9459219	0	0	0	1	0	0	0	0	0	0	0	0	1	0	0	0	0	0	0	0	0	0	0	0	0	0	0	0	0	0	0	0	0	0	0	0	0	0	0	0	0	0	0	0	0	0	0	0	0	0	0	0	0	0	0	0	0	0	0	0	0	0	0	0	0	0	0	0	0	0	0	0	0	0	0	0	0
2	51	1985.5	23.363226	94.145905	0	13.519167	16.323732	48.891033	9.3550711	82.541901	1.7424242	50.372723	52.331608	99.25251	8.5877113	20.213791	-2.9000001	3.8	1	1	5.3000002	7.6413045	97.401161	.89999998	13.519167	16.162725	62.559914	9.3408937	78.611298	1.4113842	38.687611	52.868328	64.165176	8.1574097	200.6396	-4.4000001	2.2	1	1	6	7.276072	0	1	0	0	0	0	0	0	0	0	0	0	0	1	0	0	0	0	0	0	0	0	0	0	0	0	0	0	0	0	0	0	0	0	0	0	0	0	0	0	0	0	0	0	0	0	0	0	0	0	0	0	0	0	0	0	0	0	0	0	0	0	0	0	0	0	0	0	0	0	0	0	0	0	0	0	0
3	51	1995.5	19.578569	92.712082	0	13.519167	16.481653	45.636158	10.48942	84.624001	1.4835165	55.076778	52.196457	37.035332	10.049909	9.2863512	8.1000004	9	1	1	2.0999999	8.4058666	94.145905	0	13.519167	16.323732	48.891033	9.3550711	82.541901	1.7424242	50.372723	52.331608	99.25251	8.5877113	20.213791	-2.9000001	3.8	1	1	5.3000002	7.6413045	0	0	1	0	0	0	0	0	0	0	0	0	0	1	0	0	0	0	0	0	0	0	0	0	0	0	0	0	0	0	0	0	0	0	0	0	0	0	0	0	0	0	0	0	0	0	0	0	0	0	0	0	0	0	0	0	0	0	0	0	0	0	0	0	0	0	0	0	0	0	0	0	0	0	0	0	0
4	51	2005.5	21.109564	94.074646	0	13.519167	16.612349	36.700859	12.29911	87.683296	1.2916666	70.468742	51.130325	9.1623316	11.250758	5.9749608	9.5	9.5	1	1	1.2	8.9275455	92.712082	0	13.519167	16.481653	45.636158	10.48942	84.624001	1.4835165	55.076778	52.196457	37.035332	10.049909	9.2863512	8.1000004	9	1	1	2.0999999	8.4058666	0	0	0	1	0	0	0	0	0	0	0	0	0	1	0	0	0	0	0	0	0	0	0	0	0	0	0	0	0	0	0	0	0	0	0	0	0	0	0	0	0	0	0	0	0	0	0	0	0	0	0	0	0	0	0	0	0	0	0	0	0	0	0	0	0	0	0	0	0	0	0	0	0	0	0	0	0
2	56	1985.5	8.3700714	82.732849	0	13.910821	17.224566	66.00016	7.1000867	65.694	2.0407548	22.887772	51.450096	28.272079	7.9349418	24.608801	8	9	1	0	2.2	7.4736099	75.316345	0	13.910821	17.003601	81.382057	7.0380454	58.869801	2.5668006	23.491583	57.722267	16.781023	6.9633732	21.54821	7.6999998	9	1	0	2	6.7976685	0	1	0	0	0	0	0	0	0	0	0	0	0	0	1	0	0	0	0	0	0	0	0	0	0	0	0	0	0	0	0	0	0	0	0	0	0	0	0	0	0	0	0	0	0	0	0	0	0	0	0	0	0	0	0	0	0	0	0	0	0	0	0	0	0	0	0	0	0	0	0	0	0	0	0	0	0
3	56	1995.5	13.056895	92.943153	0	13.910821	17.416874	56.818211	7.4202542	70.535698	1.9504784	29.077629	51.838207	29.974955	9.167655	23.34409	7.8000002	7.8000002	1	0	3.2	7.837769	82.732849	0	13.910821	17.224566	66.00016	7.1000867	65.694	2.0407548	22.887772	51.450096	28.272079	7.9349418	24.608801	8	9	1	0	2.2	7.4736099	0	0	1	0	0	0	0	0	0	0	0	0	0	0	1	0	0	0	0	0	0	0	0	0	0	0	0	0	0	0	0	0	0	0	0	0	0	0	0	0	0	0	0	0	0	0	0	0	0	0	0	0	0	0	0	0	0	0	0	0	0	0	0	0	0	0	0	0	0	0	0	0	0	0	0	0	0
4	56	2005.5	31.452711	83.267326	0	13.910821	17.582642	47.568226	8.00704	73.711502	1.4140508	35.565186	52.193756	38.40234	10.532791	5.7790942	7	7	1	0	3.4000001	8.1897278	92.943153	0	13.910821	17.416874	56.818211	7.4202542	70.535698	1.9504784	29.077629	51.838207	29.974955	9.167655	23.34409	7.8000002	7.8000002	1	0	3.2	7.837769	0	0	0	1	0	0	0	0	0	0	0	0	0	0	1	0	0	0	0	0	0	0	0	0	0	0	0	0	0	0	0	0	0	0	0	0	0	0	0	0	0	0	0	0	0	0	0	0	0	0	0	0	0	0	0	0	0	0	0	0	0	0	0	0	0	0	0	0	0	0	0	0	0	0	0	0	0
2	59	1985.5	17.612379	99.695915	0	10.840756	14.816588	61.137505	8.5107374	46.606201	3.0417387	66.654602	47.853813	91.74955	5.2762136	30.797741	10	10	1	0	1	7.509975	100	0	10.840756	14.550293	75.391487	8.8373089	41.369598	2.5126073	61.403133	56.638264	33.100391	4.6839552	14.087959	10	10	1	0	1	7.2268682	0	1	0	0	0	0	0	0	0	0	0	0	0	0	0	1	0	0	0	0	0	0	0	0	0	0	0	0	0	0	0	0	0	0	0	0	0	0	0	0	0	0	0	0	0	0	0	0	0	0	0	0	0	0	0	0	0	0	0	0	0	0	0	0	0	0	0	0	0	0	0	0	0	0	0	0	0
3	59	1995.5	21.623415	100	0	10.840756	15.06863	55.751602	8.6282806	55.7425	2.3291488	83.540016	43.90321	40.195377	6.8296962	15.976233	10	10	1	0	1	8.0910301	99.695915	0	10.840756	14.816588	61.137505	8.5107374	46.606201	3.0417387	66.654602	47.853813	91.74955	5.2762136	30.797741	10	10	1	0	1	7.509975	0	0	1	0	0	0	0	0	0	0	0	0	0	0	0	1	0	0	0	0	0	0	0	0	0	0	0	0	0	0	0	0	0	0	0	0	0	0	0	0	0	0	0	0	0	0	0	0	0	0	0	0	0	0	0	0	0	0	0	0	0	0	0	0	0	0	0	0	0	0	0	0	0	0	0	0	0
4	59	2005.5	24.061117	98.211807	0	10.840756	15.284455	41.811672	9.0305128	61.916401	1.8878523	93.907089	46.526905	39.02702	8.7863913	9.7661552	10	10	1	0	1	8.5563374	100	0	10.840756	15.06863	55.751602	8.6282806	55.7425	2.3291488	83.540016	43.90321	40.195377	6.8296962	15.976233	10	10	1	0	1	8.0910301	0	0	0	1	0	0	0	0	0	0	0	0	0	0	0	1	0	0	0	0	0	0	0	0	0	0	0	0	0	0	0	0	0	0	0	0	0	0	0	0	0	0	0	0	0	0	0	0	0	0	0	0	0	0	0	0	0	0	0	0	0	0	0	0	0	0	0	0	0	0	0	0	0	0	0	0	0
4	63	2005.5	43.689632	101.08527	0	9.1312971	13.537861	28.518467	15.607795	69.544899	1.5892241	99.284012	46.467442	62.436508	9.3983793	2.9365597	10	10	1	0	1	10.012259	101.75071	0	9.1312971	13.385268	36.644413	15.353993	67.968597	2.0956507	105.11058	40.618328	47.992432	7.603868	4.188252	10	10	1	0	1	9.444418	0	0	0	1	0	0	0	0	0	0	0	0	0	0	0	0	1	0	0	0	0	0	0	0	0	0	0	0	0	0	0	0	0	0	0	0	0	0	0	0	0	0	0	0	0	0	0	0	0	0	0	0	0	0	0	0	0	0	0	0	0	0	0	0	0	0	0	0	0	0	0	0	0	0	0	0	0
2	68	1985.5	38.290504	56.455475	0	10.654526	15.444751	27.77582	22.778124	84.373001	0	70.599976	47.704338	56.877731	8.6568804	5.7416692	10	10	0	0	1	9.6646671	54.647263	0	10.654243	15.436831	34.693478	20.978403	82.137299	.40408164	61.968735	49.057938	10.341846	8.1101913	9.7408142	10	10	0	0	1	8.9718447	0	1	0	0	0	0	0	0	0	0	0	0	0	0	0	0	0	1	0	0	0	0	0	0	0	0	0	0	0	0	0	0	0	0	0	0	0	0	0	0	0	0	0	0	0	0	0	0	0	0	0	0	0	0	0	0	0	0	0	0	0	0	0	0	0	0	0	0	0	0	0	0	0	0	0	0	0
3	68	1995.5	38.942886	62.727531	0	10.655517	15.473693	26.200476	22.594633	84.988098	.38838613	73.227966	47.515968	65.958176	10.07344	1.76715	10	10	0	0	1	10.336542	56.455475	0	10.654526	15.444751	27.77582	22.778124	84.373001	0	70.599976	47.704338	56.877731	8.6568804	5.7416692	10	10	0	0	1	9.6646671	0	0	1	0	0	0	0	0	0	0	0	0	0	0	0	0	0	1	0	0	0	0	0	0	0	0	0	0	0	0	0	0	0	0	0	0	0	0	0	0	0	0	0	0	0	0	0	0	0	0	0	0	0	0	0	0	0	0	0	0	0	0	0	0	0	0	0	0	0	0	0	0	0	0	0	0	0
4	68	2005.5	35.77301	66.031227	0	10.655611	15.511051	28.072866	23.244783	85.986504	.37386444	93.570297	48.821507	47.493328	11.510195	2.5223856	10	10	0	0	1	10.746465	62.727531	0	10.655517	15.473693	26.200476	22.594633	84.988098	.38838613	73.227966	47.515968	65.958176	10.07344	1.76715	10	10	0	0	1	10.336542	0	0	0	1	0	0	0	0	0	0	0	0	0	0	0	0	0	1	0	0	0	0	0	0	0	0	0	0	0	0	0	0	0	0	0	0	0	0	0	0	0	0	0	0	0	0	0	0	0	0	0	0	0	0	0	0	0	0	0	0	0	0	0	0	0	0	0	0	0	0	0	0	0	0	0	0	0
3	71	1995.5	12.179639	98.591125	0	10.785601	15.89111	62.316528	8.0005836	58.367001	1.9125972	78.834412	47.693127	32.147499	7.2314711	16.145636	6.8000002	8	1	1	2.7	7.5977392	99.839577	0	10.785601	15.694493	70.910561	6.1949077	53.757999	2.1890252	91.820343	46.383621	47.423641	6.2154627	23.136597	6	7	1	1	1.1	7.1224322	0	0	1	0	0	0	0	0	0	0	0	0	0	0	0	0	0	0	1	0	0	0	0	0	0	0	0	0	0	0	0	0	0	0	0	0	0	0	0	0	0	0	0	0	0	0	0	0	0	0	0	0	0	0	0	0	0	0	0	0	0	0	0	0	0	0	0	0	0	0	0	0	0	0	0	0	0
4	71	2005.5	16.784355	100	0	10.785601	16.047903	53.357437	9.6279163	65.911598	1.403585	69.207314	48.54129	31.492649	9.0370045	12.106267	8	9	1	1	2.0999999	8.1619091	98.591125	0	10.785601	15.89111	62.316528	8.0005836	58.367001	1.9125972	78.834412	47.693127	32.147499	7.2314711	16.145636	6.8000002	8	1	1	2.7	7.5977392	0	0	0	1	0	0	0	0	0	0	0	0	0	0	0	0	0	0	1	0	0	0	0	0	0	0	0	0	0	0	0	0	0	0	0	0	0	0	0	0	0	0	0	0	0	0	0	0	0	0	0	0	0	0	0	0	0	0	0	0	0	0	0	0	0	0	0	0	0	0	0	0	0	0	0	0	0
3	73	1995.5	14.349413	100	0	12.498627	16.247381	61.234856	7.883184	57.9907	2.7424242	55.256748	49.686813	76.084999	8.1908827	.47651401	8.6000004	8.8000002	1	0	2.2	7.3434606	100	0	12.531195	16.031288	73.962456	7.4701581	51.526699	2.3871219	50.308193	45.338577	68.799187	7.0271268	-3.6520669	8.6000004	9	1	0	2	7.2283473	0	0	1	0	0	0	0	0	0	0	0	0	0	0	0	0	0	0	0	1	0	0	0	0	0	0	0	0	0	0	0	0	0	0	0	0	0	0	0	0	0	0	0	0	0	0	0	0	0	0	0	0	0	0	0	0	0	0	0	0	0	0	0	0	0	0	0	0	0	0	0	0	0	0	0	0	0
2	74	1985.5	33.079987	100	0	13.81095	17.750767	76.381332	6.5561676	43.784	2.2127848	55.500172	35.093975	112.53199	8.6996841	13.33976	-6	2	0	1	4.8000002	7.0036492	100	.30000001	13.81095	17.519693	79.588165	6.297111	43.325199	2.2594447	45.290699	38.447498	79.977364	5.1882796	11.180011	-6.5	1.5	0	1	5.4444447	5.8205414	0	1	0	0	0	0	0	0	0	0	0	0	0	0	0	0	0	0	0	0	1	0	0	0	0	0	0	0	0	0	0	0	0	0	0	0	0	0	0	0	0	0	0	0	0	0	0	0	0	0	0	0	0	0	0	0	0	0	0	0	0	0	0	0	0	0	0	0	0	0	0	0	0	0	0	0	0
3	74	1995.5	29.651905	100	0	13.81095	17.951101	67.112305	7.1571369	42.9417	1.656633	48.887871	37.704605	95.503197	9.5835714	8.9169998	-6	2	0	1	5.8000002	6.9601226	100	0	13.81095	17.750767	76.381332	6.5561676	43.784	2.2127848	55.500172	35.093975	112.53199	8.6996841	13.33976	-6	2	0	1	4.8000002	7.0036492	0	0	1	0	0	0	0	0	0	0	0	0	0	0	0	0	0	0	0	0	1	0	0	0	0	0	0	0	0	0	0	0	0	0	0	0	0	0	0	0	0	0	0	0	0	0	0	0	0	0	0	0	0	0	0	0	0	0	0	0	0	0	0	0	0	0	0	0	0	0	0	0	0	0	0	0	0
4	74	2005.5	31.979374	100	0	13.81095	18.130264	53.363434	7.6269226	43.0854	1.686075	56.119198	34.002766	91.644753	10.445604	8.3152618	-4.1999998	4.4000001	.5	1	6	7.3393192	100	0	13.81095	17.951101	67.112305	7.1571369	42.9417	1.656633	48.887871	37.704605	95.503197	9.5835714	8.9169998	-6	2	0	1	5.8000002	6.9601226	0	0	0	1	0	0	0	0	0	0	0	0	0	0	0	0	0	0	0	0	1	0	0	0	0	0	0	0	0	0	0	0	0	0	0	0	0	0	0	0	0	0	0	0	0	0	0	0	0	0	0	0	0	0	0	0	0	0	0	0	0	0	0	0	0	0	0	0	0	0	0	0	0	0	0	0	0
2	75	1985.5	29.594875	100	6	9.9388552	15.430175	83.513664	8.2521544	46.899502	1.213567	49.202499	47.418602	76.424744	5.8903394	3.4177549	4.8000002	7	1	1	3.2	6.0942903	100	1.2	9.9419823	15.260137	90.267616	7.5154057	41.852798	2.4212804	67.520126	50.214558	14.9821	5.0429773	9.9015379	-2.3	5.25	1	1	3.3333333	5.0530992	0	1	0	0	0	0	0	0	0	0	0	0	0	0	0	0	0	0	0	0	0	1	0	0	0	0	0	0	0	0	0	0	0	0	0	0	0	0	0	0	0	0	0	0	0	0	0	0	0	0	0	0	0	0	0	0	0	0	0	0	0	0	0	0	0	0	0	0	0	0	0	0	0	0	0	0	0
3	75	1995.5	13.908134	100	1.2	9.9388552	15.559052	71.435402	9.2661524	54.5037	1.251598	57.66687	49.188843	36.35844	6.7335973	5.764492	7	9	1	.69999999	2.5999999	7.3692966	100	6	9.9388552	15.430175	83.513664	8.2521544	46.899502	1.213567	49.202499	47.418602	76.424744	5.8903394	3.4177549	4.8000002	7	1	1	3.2	6.0942903	0	0	1	0	0	0	0	0	0	0	0	0	0	0	0	0	0	0	0	0	0	1	0	0	0	0	0	0	0	0	0	0	0	0	0	0	0	0	0	0	0	0	0	0	0	0	0	0	0	0	0	0	0	0	0	0	0	0	0	0	0	0	0	0	0	0	0	0	0	0	0	0	0	0	0	0	0
4	75	2005.5	20.626215	96.954742	0	9.9388552	15.62044	60.138474	10.911011	61.8904	.3306011	69.960678	46.975441	41.493198	8.4185324	3.0837667	7.1999998	9	1	0	2	7.971992	100	1.2	9.9388552	15.559052	71.435402	9.2661524	54.5037	1.251598	57.66687	49.188843	36.35844	6.7335973	5.764492	7	9	1	.69999999	2.5999999	7.3692966	0	0	0	1	0	0	0	0	0	0	0	0	0	0	0	0	0	0	0	0	0	1	0	0	0	0	0	0	0	0	0	0	0	0	0	0	0	0	0	0	0	0	0	0	0	0	0	0	0	0	0	0	0	0	0	0	0	0	0	0	0	0	0	0	0	0	0	0	0	0	0	0	0	0	0	0	0
3	79	1995.5	17.166355	100	2.3	13.834573	17.870529	89.285042	5.6433597	13.8594	3.2388446	26.377455	39.983803	113.24734	5.6993384	7.5612869	.8888889	6	.5	1	5	4.9874067	100	6	13.910821	17.546543	85.139595	5.4512687	11.5948	3.2138596	20.306623	35.430275	71.159401	4.8395505	4.0663199	-7.6999998	1	1	1	6.8000002	5.3291154	0	0	1	0	0	0	0	0	0	0	0	0	0	0	0	0	0	0	0	0	0	0	1	0	0	0	0	0	0	0	0	0	0	0	0	0	0	0	0	0	0	0	0	0	0	0	0	0	0	0	0	0	0	0	0	0	0	0	0	0	0	0	0	0	0	0	0	0	0	0	0	0	0	0	0	0	0
4	79	2005.5	18.97735	73.385223	.40000001	13.815511	18.13213	83.257767	5.9112954	15.8249	2.8017364	43.581623	31.16567	72.223869	8.0664444	10.185401	1	6	0	1	5.0999999	5.2555599	100	2.3	13.834573	17.870529	89.285042	5.6433597	13.8594	3.2388446	26.377455	39.983803	113.24734	5.6993384	7.5612869	.8888889	6	.5	1	5	4.9874067	0	0	0	1	0	0	0	0	0	0	0	0	0	0	0	0	0	0	0	0	0	0	1	0	0	0	0	0	0	0	0	0	0	0	0	0	0	0	0	0	0	0	0	0	0	0	0	0	0	0	0	0	0	0	0	0	0	0	0	0	0	0	0	0	0	0	0	0	0	0	0	0	0	0	0	0	0
2	82	1985.5	24.173256	99.577354	0	9.8130159	13.462819	66.842682	4.7532954	39.298599	1.3814744	96.732346	52.860806	31.08704	5.7948799	5.8383398	5	6.9000001	.30000001	1	3.5	7.4547052	100	0	9.8130159	13.273143	71	4.2844286	36.642799	2.0118625	94.431824	50.799656	13.975143	5.0817351	12.581081	9	9	0	1	2	6.9560122	0	1	0	0	0	0	0	0	0	0	0	0	0	0	0	0	0	0	0	0	0	0	0	1	0	0	0	0	0	0	0	0	0	0	0	0	0	0	0	0	0	0	0	0	0	0	0	0	0	0	0	0	0	0	0	0	0	0	0	0	0	0	0	0	0	0	0	0	0	0	0	0	0	0	0	0	0
2	83	1985.5	28.156404	61.837761	0	12.626722	15.406683	28.762449	18.651432	76.059502	.41241497	53.697815	37.179443	15.02591	7.5255847	7.1265631	10	10	0	0	1.6	9.6110668	62.940979	0	12.626722	15.365088	32.663193	15.980302	68.1744	.43015727	53.471195	40.997845	3.0997663	5.7380915	11.295768	10	10	0	0	2	8.6547127	0	1	0	0	0	0	0	0	0	0	0	0	0	0	0	0	0	0	0	0	0	0	0	0	1	0	0	0	0	0	0	0	0	0	0	0	0	0	0	0	0	0	0	0	0	0	0	0	0	0	0	0	0	0	0	0	0	0	0	0	0	0	0	0	0	0	0	0	0	0	0	0	0	0	0	0	0
3	83	1995.5	38.293903	65.952911	0	12.626722	15.446616	28.195055	21.304766	81.009804	.39607844	63.702068	40.413338	47.356419	9.0628748	1.9087548	10	10	0	0	1	10.0468	61.837761	0	12.626722	15.406683	28.762449	18.651432	76.059502	.41241497	53.697815	37.179443	15.02591	7.5255847	7.1265631	10	10	0	0	1.6	9.6110668	0	0	1	0	0	0	0	0	0	0	0	0	0	0	0	0	0	0	0	0	0	0	0	0	1	0	0	0	0	0	0	0	0	0	0	0	0	0	0	0	0	0	0	0	0	0	0	0	0	0	0	0	0	0	0	0	0	0	0	0	0	0	0	0	0	0	0	0	0	0	0	0	0	0	0	0	0
4	83	2005.5	36.258327	72.011963	0	12.625719	15.475562	25.901875	24.094894	82.956497	.38098693	78.369446	47.728718	41.576439	10.985718	1.3141	10	10	0	0	1	10.521555	65.952911	0	12.626722	15.446616	28.195055	21.304766	81.009804	.39607844	63.702068	40.413338	47.356419	9.0628748	1.9087548	10	10	0	0	1	10.0468	0	0	0	1	0	0	0	0	0	0	0	0	0	0	0	0	0	0	0	0	0	0	0	0	1	0	0	0	0	0	0	0	0	0	0	0	0	0	0	0	0	0	0	0	0	0	0	0	0	0	0	0	0	0	0	0	0	0	0	0	0	0	0	0	0	0	0	0	0	0	0	0	0	0	0	0	0
2	84	1985.5	40.902203	86.528008	0	13.213428	17.854898	32.208298	20.414446	73.698196	.53582823	44.973076	37.185566	30.05773	10.988829	6.3193798	8.5	10	0	1	1	9.4714231	95.879753	0	13.213428	17.802486	37.702343	21.540331	72.6586	.56617212	38.459282	40.939163	16.992226	8.9532585	9.6147242	8	10	0	1	1	8.7761011	0	1	0	0	0	0	0	0	0	0	0	0	0	0	0	0	0	0	0	0	0	0	0	0	0	1	0	0	0	0	0	0	0	0	0	0	0	0	0	0	0	0	0	0	0	0	0	0	0	0	0	0	0	0	0	0	0	0	0	0	0	0	0	0	0	0	0	0	0	0	0	0	0	0	0	0	0
3	84	1995.5	45.474812	86.434578	0	13.213428	17.901396	29.7085	23.314758	75.335701	.50857198	46.667858	46.436031	52.006672	12.773857	1.384726	9	10	0	1	1	10.069401	86.528008	0	13.213428	17.854898	32.208298	20.414446	73.698196	.53582823	44.973076	37.185566	30.05773	10.988829	6.3193798	8.5	10	0	1	1	9.4714231	0	0	1	0	0	0	0	0	0	0	0	0	0	0	0	0	0	0	0	0	0	0	0	0	0	1	0	0	0	0	0	0	0	0	0	0	0	0	0	0	0	0	0	0	0	0	0	0	0	0	0	0	0	0	0	0	0	0	0	0	0	0	0	0	0	0	0	0	0	0	0	0	0	0	0	0	0
4	84	2005.5	46.346439	86.295525	0	13.213417	17.958469	28.362448	25.264833	81.725197	.64020491	53.345818	50.256058	66.860352	13.596764	1.8763036	9	10	0	1	1	10.416349	86.434578	0	13.213428	17.901396	29.7085	23.314758	75.335701	.50857198	46.667858	46.436031	52.006672	12.773857	1.384726	9	10	0	1	1	10.069401	0	0	0	1	0	0	0	0	0	0	0	0	0	0	0	0	0	0	0	0	0	0	0	0	0	1	0	0	0	0	0	0	0	0	0	0	0	0	0	0	0	0	0	0	0	0	0	0	0	0	0	0	0	0	0	0	0	0	0	0	0	0	0	0	0	0	0	0	0	0	0	0	0	0	0	0	0
4	93	2005.5	31.121046	66.400345	0	12.762053	18.227077	21.341406	28.382725	73.435402	.0014692917	78.24791	52.732265	67.230049	13.513094	1.0273191	10	10	0	1	1	10.420946	62.749352	0	12.763022	18.214838	23.518108	22.693272	73.186699	.37503907	52.024868	47.112328	53.00898	11.832027	1.7983358	10	10	0	1	1	10.16727	0	0	0	1	0	0	0	0	0	0	0	0	0	0	0	0	0	0	0	0	0	0	0	0	0	0	1	0	0	0	0	0	0	0	0	0	0	0	0	0	0	0	0	0	0	0	0	0	0	0	0	0	0	0	0	0	0	0	0	0	0	0	0	0	0	0	0	0	0	0	0	0	0	0	0	0	0
2	96	1985.5	34.716743	100	0	11.766792	16.108999	32.08643	20.365919	58.4202	.41031036	50.688206	44.367981	46.688831	8.2530441	19.638559	9	10	0	1	1.4	8.6732559	100	0	11.766792	16.028847	37.223255	19.32262	55.474499	.87608683	40.592518	46.809208	23.601658	6.6601362	14.819948	2.8	7	0	1	2.8888888	8.0505056	0	1	0	0	0	0	0	0	0	0	0	0	0	0	0	0	0	0	0	0	0	0	0	0	0	0	0	1	0	0	0	0	0	0	0	0	0	0	0	0	0	0	0	0	0	0	0	0	0	0	0	0	0	0	0	0	0	0	0	0	0	0	0	0	0	0	0	0	0	0	0	0	0	0	0	0	0
3	96	1995.5	38.058956	98.928284	0	11.766792	16.184813	24.693235	22.715872	59.332901	1	49.605652	45.518341	95.609383	9.3644238	9.5729113	10	10	0	1	1	9.3456936	100	0	11.766792	16.108999	32.08643	20.365919	58.4202	.41031036	50.688206	44.367981	46.688831	8.2530441	19.638559	9	10	0	1	1.4	8.6732559	0	0	1	0	0	0	0	0	0	0	0	0	0	0	0	0	0	0	0	0	0	0	0	0	0	0	0	1	0	0	0	0	0	0	0	0	0	0	0	0	0	0	0	0	0	0	0	0	0	0	0	0	0	0	0	0	0	0	0	0	0	0	0	0	0	0	0	0	0	0	0	0	0	0	0	0	0
4	96	2005.5	45.635284	97.828377	0	11.766792	16.213406	21.582964	26.960779	60.470901	0	56.851109	42.838348	109.3669	10.292345	3.0099571	10	10	0	1	1	9.9543314	98.928284	0	11.766792	16.184813	24.693235	22.715872	59.332901	1	49.605652	45.518341	95.609383	9.3644238	9.5729113	10	10	0	1	1	9.3456936	0	0	0	1	0	0	0	0	0	0	0	0	0	0	0	0	0	0	0	0	0	0	0	0	0	0	0	1	0	0	0	0	0	0	0	0	0	0	0	0	0	0	0	0	0	0	0	0	0	0	0	0	0	0	0	0	0	0	0	0	0	0	0	0	0	0	0	0	0	0	0	0	0	0	0	0	0
2	101	1985.5	10.990753	98.005035	5	11.582078	15.898994	88.652489	6.3490868	39.3913	2.4312553	52.419781	53.304531	43.14106	6.530736	15.554707	-1.1	4.6666665	1	1	4.1999998	6.8587227	98.860565	5	11.582078	15.655116	85.863937	5.759542	36.688301	2.6325381	65.860626	48.936119	12.07934	5.6035852	9.2699804	-2.4000001	5.0999999	1	1	3.5555556	6.3325491	0	1	0	0	0	0	0	0	0	0	0	0	0	0	0	0	0	0	0	0	0	0	0	0	0	0	0	0	1	0	0	0	0	0	0	0	0	0	0	0	0	0	0	0	0	0	0	0	0	0	0	0	0	0	0	0	0	0	0	0	0	0	0	0	0	0	0	0	0	0	0	0	0	0	0	0	0
3	101	1995.5	11.309756	97.324791	3	11.582078	16.123898	86.613396	7.2620082	43.316502	2.1794243	63.751644	56.058624	34.344311	7.1718016	11.526246	5.5	8	.80000001	1	3.4000001	7.1514034	98.005035	5	11.582078	15.898994	88.652489	6.3490868	39.3913	2.4312553	52.419781	53.304531	43.14106	6.530736	15.554707	-1.1	4.6666665	1	1	4.1999998	6.8587227	0	0	1	0	0	0	0	0	0	0	0	0	0	0	0	0	0	0	0	0	0	0	0	0	0	0	0	0	1	0	0	0	0	0	0	0	0	0	0	0	0	0	0	0	0	0	0	0	0	0	0	0	0	0	0	0	0	0	0	0	0	0	0	0	0	0	0	0	0	0	0	0	0	0	0	0	0
4	101	2005.5	14.118434	100	0	11.582078	16.370676	80.964973	7.9480872	47.409801	2.5116551	65.468185	55.192455	21.175409	8.2051029	4.8788862	8	9	1	1	3.5999999	7.7015433	97.324791	3	11.582078	16.123898	86.613396	7.2620082	43.316502	2.1794243	63.751644	56.058624	34.344311	7.1718016	11.526246	5.5	8	.80000001	1	3.4000001	7.1514034	0	0	0	1	0	0	0	0	0	0	0	0	0	0	0	0	0	0	0	0	0	0	0	0	0	0	0	0	1	0	0	0	0	0	0	0	0	0	0	0	0	0	0	0	0	0	0	0	0	0	0	0	0	0	0	0	0	0	0	0	0	0	0	0	0	0	0	0	0	0	0	0	0	0	0	0	0
2	112	1985.5	13.458181	58.574528	4.6999998	14.914123	20.490591	67.258087	6.3931808	24.457701	2.1996865	14.052081	33.432404	42.018726	7.7536993	8.604826	8	7	0	1	2	5.7451482	59.247429	2.3	14.914123	20.260595	71.287094	6.0804687	21.5474	2.2592356	11.791348	36.943535	37.798061	7.604084	9.0328627	8.1999998	7.8000002	0	1	2.1111112	5.1242547	0	1	0	0	0	0	0	0	0	0	0	0	0	0	0	0	0	0	0	0	0	0	0	0	0	0	0	0	0	1	0	0	0	0	0	0	0	0	0	0	0	0	0	0	0	0	0	0	0	0	0	0	0	0	0	0	0	0	0	0	0	0	0	0	0	0	0	0	0	0	0	0	0	0	0	0	0
3	112	1995.5	15.301901	53.968826	5.9000001	14.914123	20.693224	60.893536	6.6934848	26.712999	1.4059864	22.042988	35.28244	70.529587	8.980257	8.0396299	8.6000004	8.1999998	0	1	2.8	5.9299922	58.574528	4.6999998	14.914123	20.490591	67.258087	6.3931808	24.457701	2.1996865	14.052081	33.432404	42.018726	7.7536993	8.604826	8	7	0	1	2	5.7451482	0	0	1	0	0	0	0	0	0	0	0	0	0	0	0	0	0	0	0	0	0	0	0	0	0	0	0	0	0	1	0	0	0	0	0	0	0	0	0	0	0	0	0	0	0	0	0	0	0	0	0	0	0	0	0	0	0	0	0	0	0	0	0	0	0	0	0	0	0	0	0	0	0	0	0	0	0
4	112	2005.5	15.665421	72.268501	5	14.914123	20.862082	51.483433	7.3207231	29.429899	1.9090909	40.332314	34.988518	77.848747	11.127979	5.665257	9	9	0	1	2	6.645267	53.968826	5.9000001	14.914123	20.693224	60.893536	6.6934848	26.712999	1.4059864	22.042988	35.28244	70.529587	8.980257	8.0396299	8.6000004	8.1999998	0	1	2.8	5.9299922	0	0	0	1	0	0	0	0	0	0	0	0	0	0	0	0	0	0	0	0	0	0	0	0	0	0	0	0	0	1	0	0	0	0	0	0	0	0	0	0	0	0	0	0	0	0	0	0	0	0	0	0	0	0	0	0	0	0	0	0	0	0	0	0	0	0	0	0	0	0	0	0	0	0	0	0	0
2	113	1985.5	10.994617	86.383759	7	14.403297	18.954937	67.300713	6.3143973	26.640499	1.879902	43.643723	35.927513	32.651661	8.2529106	8.8889046	-7	2	0	0	5.0999999	6.3680248	89.152695	4.5	14.403297	18.725893	78.00164	6.3500175	19.703899	3.2259407	40.976265	40.630756	27.05648	7.061554	21.314096	-7	2	0	0	5	5.4576159	0	1	0	0	0	0	0	0	0	0	0	0	0	0	0	0	0	0	0	0	0	0	0	0	0	0	0	0	0	0	1	0	0	0	0	0	0	0	0	0	0	0	0	0	0	0	0	0	0	0	0	0	0	0	0	0	0	0	0	0	0	0	0	0	0	0	0	0	0	0	0	0	0	0	0	0	0
3	113	1995.5	14.786416	89.055077	1.6	14.403297	19.117956	53.446953	6.7043195	36.4944	1.5818714	56.386787	36.793098	50.865929	9.7527332	17.185671	-4.1999998	3.3	0	0	6	6.7626772	86.383759	7	14.403297	18.954937	67.300713	6.3143973	26.640499	1.879902	43.643723	35.927513	32.651661	8.2529106	8.8889046	-7	2	0	0	5.0999999	6.3680248	0	0	1	0	0	0	0	0	0	0	0	0	0	0	0	0	0	0	0	0	0	0	0	0	0	0	0	0	0	0	1	0	0	0	0	0	0	0	0	0	0	0	0	0	0	0	0	0	0	0	0	0	0	0	0	0	0	0	0	0	0	0	0	0	0	0	0	0	0	0	0	0	0	0	0	0	0
4	113	2005.5	18.327957	100	0	14.403297	19.244322	43.196396	7.7852259	46.3461	1.3655186	56.936146	36.592716	47.675331	10.502172	10.858946	7.4000001	8.6999998	.60000002	0	2.4000001	7.2846532	89.055077	1.6	14.403297	19.117956	53.446953	6.7043195	36.4944	1.5818714	56.386787	36.793098	50.865929	9.7527332	17.185671	-4.1999998	3.3	0	0	6	6.7626772	0	0	0	1	0	0	0	0	0	0	0	0	0	0	0	0	0	0	0	0	0	0	0	0	0	0	0	0	0	0	1	0	0	0	0	0	0	0	0	0	0	0	0	0	0	0	0	0	0	0	0	0	0	0	0	0	0	0	0	0	0	0	0	0	0	0	0	0	0	0	0	0	0	0	0	0	0
2	114	1985.5	21.448925	97.156372	10.3	14.285514	17.669025	87.566597	5.9709392	53.535099	3.689759	26.131903	46.236343	39.492928	8.1420822	16.321133	-5.8000002	2	1	1	5.5	7.6686573	98.071213	2.4000001	14.285514	17.325954	81.065948	5.9809141	46.0238	3.0144222	64.204979	49.227448	14.370092	7.6726923	20.045677	-8.1999998	1	1	.5	5.3333335	7.1888971	0	1	0	0	0	0	0	0	0	0	0	0	0	0	0	0	0	0	0	0	0	0	0	0	0	0	0	0	0	0	0	1	0	0	0	0	0	0	0	0	0	0	0	0	0	0	0	0	0	0	0	0	0	0	0	0	0	0	0	0	0	0	0	0	0	0	0	0	0	0	0	0	0	0	0	0	0
3	114	1995.5	22.843199	98.752357	1.2	14.285514	17.917025	75.211693	7.2443709	60.5966	1.6592772	38.010544	45.279884	28.28668	8.0506124	28.064014	-2.4000001	3.5999999	1	1	6	7.4731102	97.156372	10.3	14.285514	17.669025	87.566597	5.9709392	53.535099	3.689759	26.131903	46.236343	39.492928	8.1420822	16.321133	-5.8000002	2	1	1	5.5	7.6686573	0	0	1	0	0	0	0	0	0	0	0	0	0	0	0	0	0	0	0	0	0	0	0	0	0	0	0	0	0	0	0	1	0	0	0	0	0	0	0	0	0	0	0	0	0	0	0	0	0	0	0	0	0	0	0	0	0	0	0	0	0	0	0	0	0	0	0	0	0	0	0	0	0	0	0	0	0
4	114	2005.5	27.03969	94.084755	0	14.285514	18.064812	39.154972	7.3999553	67.268799	1.1523327	50.821632	42.997589	19.56768	9.6084499	16.453991	-3.5	3.7	1	1	6	8.0693808	98.752357	1.2	14.285514	17.917025	75.211693	7.2443709	60.5966	1.6592772	38.010544	45.279884	28.28668	8.0506124	28.064014	-2.4000001	3.5999999	1	1	6	7.4731102	0	0	0	1	0	0	0	0	0	0	0	0	0	0	0	0	0	0	0	0	0	0	0	0	0	0	0	0	0	0	0	1	0	0	0	0	0	0	0	0	0	0	0	0	0	0	0	0	0	0	0	0	0	0	0	0	0	0	0	0	0	0	0	0	0	0	0	0	0	0	0	0	0	0	0	0	0
2	116	1985.5	43.282028	78.496239	0	11.140266	15.068274	48.048889	18.317331	56.275902	.29411766	103.20889	46.517437	77.444839	9.1447077	7.1685195	10	10	0	0	1	8.9642305	76.152618	0	11.140266	14.977683	53.093266	18.687531	53.761299	1.2714443	88.505669	46.644989	46.65823	7.3844972	13.861671	10	10	0	0	1	8.0376244	0	1	0	0	0	0	0	0	0	0	0	0	0	0	0	0	0	0	0	0	0	0	0	0	0	0	0	0	0	0	0	0	1	0	0	0	0	0	0	0	0	0	0	0	0	0	0	0	0	0	0	0	0	0	0	0	0	0	0	0	0	0	0	0	0	0	0	0	0	0	0	0	0	0	0	0	0
3	116	1995.5	34.781536	85.336578	0	11.140266	15.107103	37.23225	17.659029	58.084999	.83376235	140.43391	42.836967	72.873009	10.481681	3.3471296	10	10	0	0	1	9.8567371	78.496239	0	11.140266	15.068274	48.048889	18.317331	56.275902	.29411766	103.20889	46.517437	77.444839	9.1447077	7.1685195	10	10	0	0	1	8.9642305	0	0	1	0	0	0	0	0	0	0	0	0	0	0	0	0	0	0	0	0	0	0	0	0	0	0	0	0	0	0	0	0	1	0	0	0	0	0	0	0	0	0	0	0	0	0	0	0	0	0	0	0	0	0	0	0	0	0	0	0	0	0	0	0	0	0	0	0	0	0	0	0	0	0	0	0	0
4	116	2005.5	36.257023	91.516907	0	11.140266	15.247041	30.789677	16.532837	60.6371	1.9336189	161.52216	41.44252	40.9632	12.165895	1.677323	10	10	0	0	1	10.713774	85.336578	0	11.140266	15.107103	37.23225	17.659029	58.084999	.83376235	140.43391	42.836967	72.873009	10.481681	3.3471296	10	10	0	0	1	9.8567371	0	0	0	1	0	0	0	0	0	0	0	0	0	0	0	0	0	0	0	0	0	0	0	0	0	0	0	0	0	0	0	0	1	0	0	0	0	0	0	0	0	0	0	0	0	0	0	0	0	0	0	0	0	0	0	0	0	0	0	0	0	0	0	0	0	0	0	0	0	0	0	0	0	0	0	0	0
2	118	1985.5	61.29163	91.448181	5.5999999	9.9822989	15.232503	55.31818	14.798352	89.738297	1.8926833	71.955338	40.46664	185.01425	7.343071	117.33294	9	9	0	0	2	9.0580807	95.327408	2.3	9.9822989	15.018105	54.964943	13.076316	86.735397	2.6725628	72.360291	36.173977	108.18563	6.5771036	45.888458	9	9	0	0	2	8.3223972	0	1	0	0	0	0	0	0	0	0	0	0	0	0	0	0	0	0	0	0	0	0	0	0	0	0	0	0	0	0	0	0	0	1	0	0	0	0	0	0	0	0	0	0	0	0	0	0	0	0	0	0	0	0	0	0	0	0	0	0	0	0	0	0	0	0	0	0	0	0	0	0	0	0	0	0	0
3	118	1995.5	42.510529	87.006233	2	9.9822989	15.492766	47.562744	15.805904	90.8657	2.9781544	65.210548	42.885555	105.3575	8.84799	10.751884	9.1999998	9.1999998	.40000001	0	1.2	9.7630568	91.448181	5.5999999	9.9822989	15.232503	55.31818	14.798352	89.738297	1.8926833	71.955338	40.46664	185.01425	7.343071	117.33294	9	9	0	0	2	9.0580807	0	0	1	0	0	0	0	0	0	0	0	0	0	0	0	0	0	0	0	0	0	0	0	0	0	0	0	0	0	0	0	0	0	1	0	0	0	0	0	0	0	0	0	0	0	0	0	0	0	0	0	0	0	0	0	0	0	0	0	0	0	0	0	0	0	0	0	0	0	0	0	0	0	0	0	0	0
4	118	2005.5	43.875484	92.791634	2	9.9822989	15.7201	44.565437	16.278582	91.546501	1.8959528	77.587303	44.849037	87.555038	10.439396	2.0028803	10	10	.1	0	1	10.015194	87.006233	2	9.9822989	15.492766	47.562744	15.805904	90.8657	2.9781544	65.210548	42.885555	105.3575	8.84799	10.751884	9.1999998	9.1999998	.40000001	0	1.2	9.7630568	0	0	0	1	0	0	0	0	0	0	0	0	0	0	0	0	0	0	0	0	0	0	0	0	0	0	0	0	0	0	0	0	0	1	0	0	0	0	0	0	0	0	0	0	0	0	0	0	0	0	0	0	0	0	0	0	0	0	0	0	0	0	0	0	0	0	0	0	0	0	0	0	0	0	0	0	0
2	119	1985.5	36.353107	89.19593	0	12.591709	17.856792	28.33441	20.284176	66.758797	.17857143	40.909992	41.880157	80.041023	9.935935	10.662089	10	10	0	0	1	9.2637835	100	0	12.591709	17.824547	37.428799	19.379475	65.6679	.36700338	39.953491	47.488846	53.231071	8.9570484	14.892321	10	10	0	0	1.4444444	8.3218613	0	1	0	0	0	0	0	0	0	0	0	0	0	0	0	0	0	0	0	0	0	0	0	0	0	0	0	0	0	0	0	0	0	0	1	0	0	0	0	0	0	0	0	0	0	0	0	0	0	0	0	0	0	0	0	0	0	0	0	0	0	0	0	0	0	0	0	0	0	0	0	0	0	0	0	0	0
3	119	1995.5	45.435024	92.094933	0	12.591709	17.858562	21.968468	24.666979	66.972801	0	43.849995	45.781506	113.99003	11.242383	3.8064439	10	10	0	.69999999	1	9.9278145	89.19593	0	12.591709	17.856792	28.33441	20.284176	66.758797	.17857143	40.909992	41.880157	80.041023	9.935935	10.662089	10	10	0	0	1	9.2637835	0	0	1	0	0	0	0	0	0	0	0	0	0	0	0	0	0	0	0	0	0	0	0	0	0	0	0	0	0	0	0	0	0	0	1	0	0	0	0	0	0	0	0	0	0	0	0	0	0	0	0	0	0	0	0	0	0	0	0	0	0	0	0	0	0	0	0	0	0	0	0	0	0	0	0	0	0
4	119	2005.5	39.786938	82.115013	0	12.591791	17.889427	21.286764	29.555166	67.704399	.34785238	52.698029	44.612026	108.0364	12.379111	2.250566	10	10	0	1	1	10.295555	92.094933	0	12.591709	17.858562	21.968468	24.666979	66.972801	0	43.849995	45.781506	113.99003	11.242383	3.8064439	10	10	0	.69999999	1	9.9278145	0	0	0	1	0	0	0	0	0	0	0	0	0	0	0	0	0	0	0	0	0	0	0	0	0	0	0	0	0	0	0	0	0	0	1	0	0	0	0	0	0	0	0	0	0	0	0	0	0	0	0	0	0	0	0	0	0	0	0	0	0	0	0	0	0	0	0	0	0	0	0	0	0	0	0	0	0
4	121	2005.5	35.585655	99.651688	0	9.2900753	14.797441	50.270046	12.512051	51.9739	.38461539	91.325203	48.824421	111.02921	8.8616066	10.7777	9	9	0	1	2	8.3451157	100	0	9.2900753	14.723316	57.354061	12.386088	50.740501	.81666666	98.890152	53.34737	82.056679	7.6173825	26.573147	9.1999998	9.1999998	0	1	2	7.8802314	0	0	0	1	0	0	0	0	0	0	0	0	0	0	0	0	0	0	0	0	0	0	0	0	0	0	0	0	0	0	0	0	0	0	0	1	0	0	0	0	0	0	0	0	0	0	0	0	0	0	0	0	0	0	0	0	0	0	0	0	0	0	0	0	0	0	0	0	0	0	0	0	0	0	0	0	0
2	122	1985.5	16.168331	100	0	12.80798	18.603003	30.82741	15.255276	76.792702	0	22.493689	34.27499	67.421089	8.7272425	1.4910709	10	10	0	1	1	9.632967	100	0	12.811753	18.524693	35.521233	11.866663	75.085899	1.9090909	23.268721	35.87429	29.96487	7.6748409	7.893908	10	10	0	1	1.8888888	8.5404663	0	1	0	0	0	0	0	0	0	0	0	0	0	0	0	0	0	0	0	0	0	0	0	0	0	0	0	0	0	0	0	0	0	0	0	0	1	0	0	0	0	0	0	0	0	0	0	0	0	0	0	0	0	0	0	0	0	0	0	0	0	0	0	0	0	0	0	0	0	0	0	0	0	0	0	0	0
4	123	2005.5	34.581844	98.368355	0	11.389036	15.511876	64.105949	6.2339644	81.292	2.2595673	128.19431	40.204285	81.362717	9.2620754	5.57585	-2.4000001	8.6000004	1	1	5.3000002	7.8928976	100	0	11.387815	15.278895	76.207626	5.991199	77.570702	4.1617832	122.63806	42.275661	126.6963	6.9443851	2.8147404	-2.2	8.6999998	1	1	3.9000001	7.3226099	0	0	0	1	0	0	0	0	0	0	0	0	0	0	0	0	0	0	0	0	0	0	0	0	0	0	0	0	0	0	0	0	0	0	0	0	0	1	0	0	0	0	0	0	0	0	0	0	0	0	0	0	0	0	0	0	0	0	0	0	0	0	0	0	0	0	0	0	0	0	0	0	0	0	0	0	0
2	125	1985.5	17.525528	95.07756	0	13.251882	16.811152	104.97286	5.9704628	16.1805	3.7258425	41.370216	65.154831	40.33709	6.5146022	9.3755684	-6.9000001	1.1	1	1	5.6999998	6.1358361	96.210815	0	13.251882	16.442011	105.3083	6.8542881	13.1909	3.8926075	49.754162	67.080025	16.518562	5.7123237	8.4150648	-6.8000002	1.2	1	1	5	5.8168783	0	1	0	0	0	0	0	0	0	0	0	0	0	0	0	0	0	0	0	0	0	0	0	0	0	0	0	0	0	0	0	0	0	0	0	0	0	0	1	0	0	0	0	0	0	0	0	0	0	0	0	0	0	0	0	0	0	0	0	0	0	0	0	0	0	0	0	0	0	0	0	0	0	0	0	0	0
3	125	1995.5	18.357222	97.917747	0	13.251882	17.133768	91.1632	5.3768687	18.4487	3.0417387	51.412971	52.114605	61.235249	7.0158429	15.599439	-3.8	5	1	1	5.9000001	5.9946852	95.07756	0	13.251882	16.811152	104.97286	5.9704628	16.1805	3.7258425	41.370216	65.154831	40.33709	6.5146022	9.3755684	-6.9000001	1.1	1	1	5.6999998	6.1358361	0	0	1	0	0	0	0	0	0	0	0	0	0	0	0	0	0	0	0	0	0	0	0	0	0	0	0	0	0	0	0	0	0	0	0	0	0	0	1	0	0	0	0	0	0	0	0	0	0	0	0	0	0	0	0	0	0	0	0	0	0	0	0	0	0	0	0	0	0	0	0	0	0	0	0	0	0
4	125	2005.5	22.14496	97.179054	0	13.251882	17.401913	78.87838	5.0307574	21.887199	2.8355591	61.746559	49.131241	51.685341	7.8068709	5.9330425	6.6999998	8.3000002	1	1	3.8	6.3504381	97.917747	0	13.251882	17.133768	91.1632	5.3768687	18.4487	3.0417387	51.412971	52.114605	61.235249	7.0158429	15.599439	-3.8	5	1	1	5.9000001	5.9946852	0	0	0	1	0	0	0	0	0	0	0	0	0	0	0	0	0	0	0	0	0	0	0	0	0	0	0	0	0	0	0	0	0	0	0	0	0	0	1	0	0	0	0	0	0	0	0	0	0	0	0	0	0	0	0	0	0	0	0	0	0	0	0	0	0	0	0	0	0	0	0	0	0	0	0	0	0
3	136	1995.5	54.722527	100	0	10.320881	14.412906	80.974251	8.3418512	17.262501	1.7687908	156.94749	61.782127	83.634323	5.9358406	10.122728	3.2	5.2857141	.30000001	1	4.3000002	6.0491595	100	0	10.320881	14.218682	85.733719	7.9596109	12.3561	2.1501832	147.95378	60.813839	67.231262	3.2243369	11.49148	-7	1.5	1	1	5.3000002	5.4802566	0	0	1	0	0	0	0	0	0	0	0	0	0	0	0	0	0	0	0	0	0	0	0	0	0	0	0	0	0	0	0	0	0	0	0	0	0	0	0	1	0	0	0	0	0	0	0	0	0	0	0	0	0	0	0	0	0	0	0	0	0	0	0	0	0	0	0	0	0	0	0	0	0	0	0	0	0
4	136	2005.5	53.584702	100.27094	0	10.320881	14.542583	69.795021	7.821023	23.686501	.52631581	179.47472	52.756508	66.469017	7.4324923	7.3572478	7.8000002	7	0	1	2.4000001	6.411953	100	0	10.320881	14.412906	80.974251	8.3418512	17.262501	1.7687908	156.94749	61.782127	83.634323	5.9358406	10.122728	3.2	5.2857141	.30000001	1	4.3000002	6.0491595	0	0	0	1	0	0	0	0	0	0	0	0	0	0	0	0	0	0	0	0	0	0	0	0	0	0	0	0	0	0	0	0	0	0	0	0	0	0	0	1	0	0	0	0	0	0	0	0	0	0	0	0	0	0	0	0	0	0	0	0	0	0	0	0	0	0	0	0	0	0	0	0	0	0	0	0	0
4	143	2005.5	19.979454	100	0	13.273435	16.712788	84.486816	5.9899025	29.4102	2.7951066	70.536194	46.223564	68.236488	6.855206	10.563239	5.5999999	8.3999996	1	1	3.8	5.8135066	100	0	13.273435	16.407299	85.858391	6.0221334	25.747499	2.9835165	50.878036	43.123474	135.9231	5.0468888	17.667454	7.5999999	9	1	1	2.4000001	5.5339856	0	0	0	1	0	0	0	0	0	0	0	0	0	0	0	0	0	0	0	0	0	0	0	0	0	0	0	0	0	0	0	0	0	0	0	0	0	0	0	0	1	0	0	0	0	0	0	0	0	0	0	0	0	0	0	0	0	0	0	0	0	0	0	0	0	0	0	0	0	0	0	0	0	0	0	0	0
2	144	1985.5	16.512012	97.171646	0	11.454024	15.84682	93.196312	5.0706415	10.3595	4.2594209	45.014053	69.15345	90.675011	5.2326965	15.349699	-9	1	1	1	6.1999998	5.458189	91.515411	0	11.454024	15.503067	92.4505	4.9304619	7.7515998	3.2608235	53.998676	65.687866	49.632809	4.5593853	8.7479258	-9	1	1	1	6.6666665	5.1404834	0	1	0	0	0	0	0	0	0	0	0	0	0	0	0	0	0	0	0	0	0	0	0	0	0	0	0	0	0	0	0	0	0	0	0	0	0	0	0	0	0	1	0	0	0	0	0	0	0	0	0	0	0	0	0	0	0	0	0	0	0	0	0	0	0	0	0	0	0	0	0	0	0	0	0	0	0
2	145	1985.5	25.781902	90.139969	0	12.702444	16.591066	65.296356	6.184823	46.293499	2.5941877	108.16299	53.172043	83.05748	8.8385124	2.1596789	4	6	0	1	3.5	7.675436	100	0	12.702444	16.337858	76.71804	6.4050322	38.130001	2.5116551	84.360161	57.448284	42.40274	7.9098639	7.1061749	4	6	0	1	2.7777777	6.8246527	0	1	0	0	0	0	0	0	0	0	0	0	0	0	0	0	0	0	0	0	0	0	0	0	0	0	0	0	0	0	0	0	0	0	0	0	0	0	0	0	0	0	1	0	0	0	0	0	0	0	0	0	0	0	0	0	0	0	0	0	0	0	0	0	0	0	0	0	0	0	0	0	0	0	0	0	0
3	145	1995.5	22.697714	85.306213	0	12.702444	16.857758	57.882881	6.0730839	56.395901	2.5126073	172.45573	45.833256	45.35807	10.094501	4.2118907	3.4000001	6	0	1	4.5	8.2772655	90.139969	0	12.702444	16.591066	65.296356	6.184823	46.293499	2.5941877	108.16299	53.172043	83.05748	8.8385124	2.1596789	4	6	0	1	3.5	7.675436	0	0	1	0	0	0	0	0	0	0	0	0	0	0	0	0	0	0	0	0	0	0	0	0	0	0	0	0	0	0	0	0	0	0	0	0	0	0	0	0	0	0	1	0	0	0	0	0	0	0	0	0	0	0	0	0	0	0	0	0	0	0	0	0	0	0	0	0	0	0	0	0	0	0	0	0	0
4	145	2005.5	26.281595	97.289871	0	12.702444	17.08754	50.009727	6.7840724	67.784698	2.0064349	188.43611	40.298409	45.781269	10.910296	3.7095661	3.9000001	6.3000002	0	1	4.3000002	8.6821909	85.306213	0	12.702444	16.857758	57.882881	6.0730839	56.395901	2.5126073	172.45573	45.833256	45.35807	10.094501	4.2118907	3.4000001	6	0	1	4.5	8.2772655	0	0	0	1	0	0	0	0	0	0	0	0	0	0	0	0	0	0	0	0	0	0	0	0	0	0	0	0	0	0	0	0	0	0	0	0	0	0	0	0	0	0	1	0	0	0	0	0	0	0	0	0	0	0	0	0	0	0	0	0	0	0	0	0	0	0	0	0	0	0	0	0	0	0	0	0	0
2	152	1985.5	22.249952	99.578148	0	7.6157908	13.820897	49.244713	6.4272127	42.8027	1.3479619	114.64397	47.39555	58.69899	3.7893229	9.682169	9.8999996	9.8999996	0	1	2	7.2957101	101.04063	0	7.6157908	13.710317	68.615486	5.1274543	42.833199	1.5780236	106.86518	49.50132	30.13331	2.2940738	15.959328	9	9	0	1	2.6666667	6.5100641	0	1	0	0	0	0	0	0	0	0	0	0	0	0	0	0	0	0	0	0	0	0	0	0	0	0	0	0	0	0	0	0	0	0	0	0	0	0	0	0	0	0	0	1	0	0	0	0	0	0	0	0	0	0	0	0	0	0	0	0	0	0	0	0	0	0	0	0	0	0	0	0	0	0	0	0	0
3	152	1995.5	22.067122	95.815559	0	7.6157908	13.954327	41.521271	7.5860424	43.223	.90909094	125.38439	48.353119	48.188156	5.6058278	6.155529	10	10	0	1	1.1	8.1274557	99.578148	0	7.6157908	13.820897	49.244713	6.4272127	42.8027	1.3479619	114.64397	47.39555	58.69899	3.7893229	9.682169	9.8999996	9.8999996	0	1	2	7.2957101	0	0	1	0	0	0	0	0	0	0	0	0	0	0	0	0	0	0	0	0	0	0	0	0	0	0	0	0	0	0	0	0	0	0	0	0	0	0	0	0	0	0	0	1	0	0	0	0	0	0	0	0	0	0	0	0	0	0	0	0	0	0	0	0	0	0	0	0	0	0	0	0	0	0	0	0	0
4	152	2005.5	22.856611	98.792984	0	7.6157908	14.045857	35.131748	8.951787	42.1577	.83333331	119.05264	46.143681	50.106949	7.8224854	5.601162	10	10	0	1	1	8.6081104	95.815559	0	7.6157908	13.954327	41.521271	7.5860424	43.223	.90909094	125.38439	48.353119	48.188156	5.6058278	6.155529	10	10	0	1	1.1	8.1274557	0	0	0	1	0	0	0	0	0	0	0	0	0	0	0	0	0	0	0	0	0	0	0	0	0	0	0	0	0	0	0	0	0	0	0	0	0	0	0	0	0	0	0	1	0	0	0	0	0	0	0	0	0	0	0	0	0	0	0	0	0	0	0	0	0	0	0	0	0	0	0	0	0	0	0	0	0
2	154	1985.5	18.985617	88.028481	0	14.457364	18.15892	76.031128	7.398109	69.168503	2.0819275	31.618826	48.211578	61.463165	9.4729719	67.387978	-2.0999999	6.3000002	1	1	3.5	7.907115	79.763535	0	14.457364	17.922977	90.753281	7.4960065	63.0854	2.8243585	19.605875	52.825298	27.99416	8.2233324	18.381142	-4.8000002	3.5999999	1	.30000001	3.8888888	7.3886037	0	1	0	0	0	0	0	0	0	0	0	0	0	0	0	0	0	0	0	0	0	0	0	0	0	0	0	0	0	0	0	0	0	0	0	0	0	0	0	0	0	0	0	0	1	0	0	0	0	0	0	0	0	0	0	0	0	0	0	0	0	0	0	0	0	0	0	0	0	0	0	0	0	0	0	0	0
3	154	1995.5	13.881905	70.748039	0	14.457364	18.348024	59.59758	8.1124411	73.384399	1.5235493	46.989815	50.580067	42.566849	10.89713	20.218777	3.8	7.5999999	1	1	3.5	8.4406528	88.028481	0	14.457364	18.15892	76.031128	7.398109	69.168503	2.0819275	31.618826	48.211578	61.463165	9.4729719	67.387978	-2.0999999	6.3000002	1	1	3.5	7.907115	0	0	1	0	0	0	0	0	0	0	0	0	0	0	0	0	0	0	0	0	0	0	0	0	0	0	0	0	0	0	0	0	0	0	0	0	0	0	0	0	0	0	0	0	1	0	0	0	0	0	0	0	0	0	0	0	0	0	0	0	0	0	0	0	0	0	0	0	0	0	0	0	0	0	0	0	0
4	158	2005.5	31.105965	89.635895	0	14.285514	14.762288	45.084206	5.9322557	62.943699	1.201282	118.52197	33.604633	68.102798	6.7863178	14.076889	10	10	1	.80000001	2	7.0012555	65.421669	0	14.285514	14.656742	66.154427	6.7578559	56.949001	.88932806	96.395325	35.305965	54.649746	3.4331512	76.392921	8.8000002	8.8999996	.69999999	1	2.0999999	6.3926096	0	0	0	1	0	0	0	0	0	0	0	0	0	0	0	0	0	0	0	0	0	0	0	0	0	0	0	0	0	0	0	0	0	0	0	0	0	0	0	0	0	0	0	0	0	1	0	0	0	0	0	0	0	0	0	0	0	0	0	0	0	0	0	0	0	0	0	0	0	0	0	0	0	0	0	0	0
2	161	1985.5	21.459702	100	2.7	13.008747	16.926794	75.08625	7.2620797	45.1488	2.2821853	55.124565	41.970272	99.898743	6.5754852	7.0286689	-8	2	1	1	4	6.7505302	100	1.8	13.008764	16.680466	92.092064	7.7944026	38.115398	2.2951066	50.031254	63.318321	43.23875	5.9708452	8.5248432	-8.6000004	2	1	1	4.3333335	6.3635387	0	1	0	0	0	0	0	0	0	0	0	0	0	0	0	0	0	0	0	0	0	0	0	0	0	0	0	0	0	0	0	0	0	0	0	0	0	0	0	0	0	0	0	0	0	0	1	0	0	0	0	0	0	0	0	0	0	0	0	0	0	0	0	0	0	0	0	0	0	0	0	0	0	0	0	0	0
3	161	1995.5	28.084719	100	0	13.008747	17.114159	62.429699	7.3626537	51.5247	1.5121286	53.83754	39.610607	80.29747	8.3405199	3.9475341	-6.8000002	2.3	1	1	5.0999999	7.183938	100	2.7	13.008747	16.926794	75.08625	7.2620797	45.1488	2.2821853	55.124565	41.970272	99.898743	6.5754852	7.0286689	-8	2	1	1	4	6.7505302	0	0	1	0	0	0	0	0	0	0	0	0	0	0	0	0	0	0	0	0	0	0	0	0	0	0	0	0	0	0	0	0	0	0	0	0	0	0	0	0	0	0	0	0	0	0	1	0	0	0	0	0	0	0	0	0	0	0	0	0	0	0	0	0	0	0	0	0	0	0	0	0	0	0	0	0	0
4	161	2005.5	32.908268	97.53949	0	13.008747	17.232672	46.819702	8.0884371	55.1548	1.0007416	70.499977	41.00621	58.595268	10.104484	1.8576186	-6	3	1	1	5	7.6266923	100	0	13.008747	17.114159	62.429699	7.3626537	51.5247	1.5121286	53.83754	39.610607	80.29747	8.3405199	3.9475341	-6.8000002	2.3	1	1	5.0999999	7.183938	0	0	0	1	0	0	0	0	0	0	0	0	0	0	0	0	0	0	0	0	0	0	0	0	0	0	0	0	0	0	0	0	0	0	0	0	0	0	0	0	0	0	0	0	0	0	1	0	0	0	0	0	0	0	0	0	0	0	0	0	0	0	0	0	0	0	0	0	0	0	0	0	0	0	0	0	0
4	164	2005.5	30.176077	100	0	13.621064	14.555856	66.387062	6.0095344	35.341499	1.5025063	93.330093	65.064415	22.321541	7.9192681	6.801353	6	9	1	0	2	8.0695639	100	0	13.621064	14.342658	76.235359	6.1460843	30.149599	3.1497433	94.648239	66.882477	20.278074	7.4145436	10.1478	6	9	.60000002	0	2	7.6919937	0	0	0	1	0	0	0	0	0	0	0	0	0	0	0	0	0	0	0	0	0	0	0	0	0	0	0	0	0	0	0	0	0	0	0	0	0	0	0	0	0	0	0	0	0	0	0	1	0	0	0	0	0	0	0	0	0	0	0	0	0	0	0	0	0	0	0	0	0	0	0	0	0	0	0	0	0
4	166	2005.5	16.418924	100	1.2	11.873044	17.128204	67.733658	6.7237244	15.24	1.6360646	46.489742	47.564949	50.2229	4.8539338	7.9946518	1.2	7	.5	1	4.5	5.7843752	100	1	11.870845	16.90448	76.334663	6.2046666	11.2476	2.5126073	54.486729	42.710758	62.9589	3.674994	8.5494909	5.1999998	5.5999999	0	1	2.8	5.3323259	0	0	0	1	0	0	0	0	0	0	0	0	0	0	0	0	0	0	0	0	0	0	0	0	0	0	0	0	0	0	0	0	0	0	0	0	0	0	0	0	0	0	0	0	0	0	0	0	1	0	0	0	0	0	0	0	0	0	0	0	0	0	0	0	0	0	0	0	0	0	0	0	0	0	0	0	0
2	167	1985.5	52.165627	76.599472	0	10.427032	16.489065	28.995474	17.758366	66.913696	.71428573	109.28614	38.427803	66.519997	10.331952	1.8467301	10	10	0	0	1	9.4393291	81.860291	0	10.427032	16.424925	39.316238	16.907644	63.347599	.76923078	94.723572	40.749256	41.279999	9.2489061	7.5469961	10	10	0	0	1	8.840457	0	1	0	0	0	0	0	0	0	0	0	0	0	0	0	0	0	0	0	0	0	0	0	0	0	0	0	0	0	0	0	0	0	0	0	0	0	0	0	0	0	0	0	0	0	0	0	0	0	1	0	0	0	0	0	0	0	0	0	0	0	0	0	0	0	0	0	0	0	0	0	0	0	0	0	0	0
3	167	1995.5	45.676689	82.998604	0	10.427032	16.55583	26.903498	19.340813	73.181999	.66666669	115.37963	41.031322	70.690002	11.677597	2.308754	10	10	0	0	1	10.088985	76.599472	0	10.427032	16.489065	28.995474	17.758366	66.913696	.71428573	109.28614	38.427803	66.519997	10.331952	1.8467301	10	10	0	0	1	9.4393291	0	0	1	0	0	0	0	0	0	0	0	0	0	0	0	0	0	0	0	0	0	0	0	0	0	0	0	0	0	0	0	0	0	0	0	0	0	0	0	0	0	0	0	0	0	0	0	0	0	1	0	0	0	0	0	0	0	0	0	0	0	0	0	0	0	0	0	0	0	0	0	0	0	0	0	0	0
4	167	2005.5	41.555218	88.68589	0	10.426854	16.606287	27.102915	21.136059	80.269897	.625	132.71848	48.321033	53.274921	13.140056	2.0930459	10	10	0	0	1	10.5682	82.998604	0	10.427032	16.55583	26.903498	19.340813	73.181999	.66666669	115.37963	41.031322	70.690002	11.677597	2.308754	10	10	0	0	1	10.088985	0	0	0	1	0	0	0	0	0	0	0	0	0	0	0	0	0	0	0	0	0	0	0	0	0	0	0	0	0	0	0	0	0	0	0	0	0	0	0	0	0	0	0	0	0	0	0	0	0	1	0	0	0	0	0	0	0	0	0	0	0	0	0	0	0	0	0	0	0	0	0	0	0	0	0	0	0
2	171	1985.5	38.773785	99.022247	0	12.481088	15.003095	37.991966	16.075981	83.944702	.63508064	55.890514	39.407818	62.550491	7.7799673	10.168662	10	10	0	1	1	9.162324	96.904449	0	12.481088	14.927016	48.147484	14.540096	82.636597	1.0353038	52.742802	35.302284	47.095459	7.5110412	12.95391	10	10	0	1	1	8.4444666	0	1	0	0	0	0	0	0	0	0	0	0	0	0	0	0	0	0	0	0	0	0	0	0	0	0	0	0	0	0	0	0	0	0	0	0	0	0	0	0	0	0	0	0	0	0	0	0	0	0	1	0	0	0	0	0	0	0	0	0	0	0	0	0	0	0	0	0	0	0	0	0	0	0	0	0	0
3	171	1995.5	32.98933	90.872429	0	12.481088	15.117616	35.097878	17.599463	85.318001	1.7029809	58.238541	43.536434	48.385342	10.258021	1.5522107	10	10	0	1	1	9.604949	99.022247	0	12.481088	15.003095	37.991966	16.075981	83.944702	.63508064	55.890514	39.407818	62.550491	7.7799673	10.168662	10	10	0	1	1	9.162324	0	0	1	0	0	0	0	0	0	0	0	0	0	0	0	0	0	0	0	0	0	0	0	0	0	0	0	0	0	0	0	0	0	0	0	0	0	0	0	0	0	0	0	0	0	0	0	0	0	0	1	0	0	0	0	0	0	0	0	0	0	0	0	0	0	0	0	0	0	0	0	0	0	0	0	0	0
4	171	2005.5	32.971252	91.626152	0	12.481088	15.237965	32.358818	18.413382	86.0196	1.2209661	59.361462	45.346657	24.220156	10.786283	2.7464504	10	10	0	1	1	10.095516	90.872429	0	12.481088	15.117616	35.097878	17.599463	85.318001	1.7029809	58.238541	43.536434	48.385342	10.258021	1.5522107	10	10	0	1	1	9.604949	0	0	0	1	0	0	0	0	0	0	0	0	0	0	0	0	0	0	0	0	0	0	0	0	0	0	0	0	0	0	0	0	0	0	0	0	0	0	0	0	0	0	0	0	0	0	0	0	0	0	1	0	0	0	0	0	0	0	0	0	0	0	0	0	0	0	0	0	0	0	0	0	0	0	0	0	0
4	172	2005.5	26.786566	100	0	11.698076	15.512212	64.089973	7.1880069	56.0895	1.2980788	90.601471	51.33173	143.03998	7.8866787	8.3777161	8.3999996	7.8000002	1	0	3.3	6.8358355	97.195732	0	11.698076	15.350464	81.939583	6.5026431	53.655499	2.2119083	58.223007	54.810886	314.24371	6.1091762	476.60593	7.1999998	7	1	0	3.3	6.561655	0	0	0	1	0	0	0	0	0	0	0	0	0	0	0	0	0	0	0	0	0	0	0	0	0	0	0	0	0	0	0	0	0	0	0	0	0	0	0	0	0	0	0	0	0	0	0	0	0	0	0	1	0	0	0	0	0	0	0	0	0	0	0	0	0	0	0	0	0	0	0	0	0	0	0	0	0
2	174	1985.5	11.211215	100	0	13.722046	18.283432	86.092316	6.0247211	32.219501	2.6376641	37.66853	44.723064	91.524689	8.7010403	21.214684	-2.4000001	2.9000001	1	.69999999	4.9000001	6.4004426	100	0	13.722046	18.009432	81.568802	5.9088407	25.882299	2.8300498	41.917648	58.359875	13.861514	8.0057573	13.992514	-3.5	2.1111112	1	0	4.8888888	6.3640513	0	1	0	0	0	0	0	0	0	0	0	0	0	0	0	0	0	0	0	0	0	0	0	0	0	0	0	0	0	0	0	0	0	0	0	0	0	0	0	0	0	0	0	0	0	0	0	0	0	0	0	0	1	0	0	0	0	0	0	0	0	0	0	0	0	0	0	0	0	0	0	0	0	0	0	0	0
2	178	1985.5	34.969666	68.621155	0	12.625704	15.240956	31.222654	24.518679	71.3508	.24390244	74.00396	39.364857	39.596363	8.9545536	6.2568784	10	10	0	0	1	9.832015	89.072006	0	12.625704	15.204149	37.534351	22.088411	68.336197	.50641024	76.955963	39.32135	30.860649	7.8609366	8.179409	10	10	0	0	1	8.9826937	0	1	0	0	0	0	0	0	0	0	0	0	0	0	0	0	0	0	0	0	0	0	0	0	0	0	0	0	0	0	0	0	0	0	0	0	0	0	0	0	0	0	0	0	0	0	0	0	0	0	0	0	0	1	0	0	0	0	0	0	0	0	0	0	0	0	0	0	0	0	0	0	0	0	0	0	0
3	178	1995.5	37.949261	68.386154	0	12.625704	15.292414	30.186243	24.448103	74.097504	.6979261	71.834908	44.780502	41.601292	9.8983917	3.5065944	10	10	0	0	1	10.391349	68.621155	0	12.625704	15.240956	31.222654	24.518679	71.3508	.24390244	74.00396	39.364857	39.596363	8.9545536	6.2568784	10	10	0	0	1	9.832015	0	0	1	0	0	0	0	0	0	0	0	0	0	0	0	0	0	0	0	0	0	0	0	0	0	0	0	0	0	0	0	0	0	0	0	0	0	0	0	0	0	0	0	0	0	0	0	0	0	0	0	0	0	1	0	0	0	0	0	0	0	0	0	0	0	0	0	0	0	0	0	0	0	0	0	0	0
4	178	2005.5	34.744747	79.506592	0	12.626474	15.356302	29.59972	22.365284	77.691803	.86071283	71.505554	44.484558	50.989689	11.346277	4.135592	10	10	0	0	1	11.064258	68.386154	0	12.625704	15.292414	30.186243	24.448103	74.097504	.6979261	71.834908	44.780502	41.601292	9.8983917	3.5065944	10	10	0	0	1	10.391349	0	0	0	1	0	0	0	0	0	0	0	0	0	0	0	0	0	0	0	0	0	0	0	0	0	0	0	0	0	0	0	0	0	0	0	0	0	0	0	0	0	0	0	0	0	0	0	0	0	0	0	0	0	1	0	0	0	0	0	0	0	0	0	0	0	0	0	0	0	0	0	0	0	0	0	0	0
2	180	1985.5	14.932571	100	0	13.555288	18.389433	82.404816	7.1274619	29.458	3.2683196	27.516453	41.478813	64.12957	6.6805539	7.1212568	-1.6	3.0999999	.80000001	1	5	5.9901466	100	1.9	13.555288	18.060204	81.38398	7.0263228	26.553699	3.0940511	22.870167	41.205933	61.8102	5.878057	12.210277	.80000001	4	.30000001	1	4.7777777	5.3618412	0	1	0	0	0	0	0	0	0	0	0	0	0	0	0	0	0	0	0	0	0	0	0	0	0	0	0	0	0	0	0	0	0	0	0	0	0	0	0	0	0	0	0	0	0	0	0	0	0	0	0	0	0	0	1	0	0	0	0	0	0	0	0	0	0	0	0	0	0	0	0	0	0	0	0	0	0
3	180	1995.5	19.023272	100	0	13.555288	18.664558	80.686821	7.2370415	31.9746	2.5116551	29.473562	35.769199	77.067856	8.1214104	11.861551	5	6	.1	1	4.1999998	6.231729	100	0	13.555288	18.389433	82.404816	7.1274619	29.458	3.2683196	27.516453	41.478813	64.12957	6.6805539	7.1212568	-1.6	3.0999999	.80000001	1	5	5.9901466	0	0	1	0	0	0	0	0	0	0	0	0	0	0	0	0	0	0	0	0	0	0	0	0	0	0	0	0	0	0	0	0	0	0	0	0	0	0	0	0	0	0	0	0	0	0	0	0	0	0	0	0	0	0	1	0	0	0	0	0	0	0	0	0	0	0	0	0	0	0	0	0	0	0	0	0	0
4	180	2005.5	18.364418	100	2.8	13.555288	18.889511	65.546577	7.1201015	34.632702	2.0059524	33.631012	32.020378	65.851471	9.4042206	10.061559	-1.3	4	.80000001	1	5.4000001	6.5539794	100	0	13.555288	18.664558	80.686821	7.2370415	31.9746	2.5116551	29.473562	35.769199	77.067856	8.1214104	11.861551	5	6	.1	1	4.1999998	6.231729	0	0	0	1	0	0	0	0	0	0	0	0	0	0	0	0	0	0	0	0	0	0	0	0	0	0	0	0	0	0	0	0	0	0	0	0	0	0	0	0	0	0	0	0	0	0	0	0	0	0	0	0	0	0	1	0	0	0	0	0	0	0	0	0	0	0	0	0	0	0	0	0	0	0	0	0	0
2	183	1985.5	24.716354	99.748375	0	11.216405	14.601894	64.824707	8.2564001	52.297501	2.2821853	136.91762	51.614079	86.472076	7.917881	2.0175059	-3.4000001	3.8	.60000002	1	5.3000002	7.8210292	100	0	11.216405	14.37788	79.810104	8.2864552	49.180801	2.9617734	174.90182	50.281868	55.290741	7.5861812	9.8856583	-6.6999998	1.6	.80000001	1	6.1111112	7.1178274	0	1	0	0	0	0	0	0	0	0	0	0	0	0	0	0	0	0	0	0	0	0	0	0	0	0	0	0	0	0	0	0	0	0	0	0	0	0	0	0	0	0	0	0	0	0	0	0	0	0	0	0	0	0	0	1	0	0	0	0	0	0	0	0	0	0	0	0	0	0	0	0	0	0	0	0	0
3	183	1995.5	22.550089	98.985336	0	11.216405	14.810778	53.972572	8.512351	60.4963	2.1902895	164.71391	53.14481	67.403816	8.2728291	3.0142372	8.6999998	9.6999998	1	1	2.3	8.1386213	99.748375	0	11.216405	14.601894	64.824707	8.2564001	52.297501	2.2821853	136.91762	51.614079	86.472076	7.917881	2.0175059	-3.4000001	3.8	.60000002	1	5.3000002	7.8210292	0	0	1	0	0	0	0	0	0	0	0	0	0	0	0	0	0	0	0	0	0	0	0	0	0	0	0	0	0	0	0	0	0	0	0	0	0	0	0	0	0	0	0	0	0	0	0	0	0	0	0	0	0	0	0	1	0	0	0	0	0	0	0	0	0	0	0	0	0	0	0	0	0	0	0	0	0
4	186	2005.5	19.355337	97.295998	0	12.892447	15.599284	59.716534	7.9529114	58.710899	1.8722705	100.11119	51.527363	36.231789	7.4053569	9.0577831	7.8000002	7.3000002	1	0	3.2	7.3533182	99.379387	0	12.892447	15.39273	71.68074	7.611732	52.403599	2.5489514	105.66457	50.676788	29.618879	6.7854171	12.537418	6.4000001	7	1	0	3.7	7.29565	0	0	0	1	0	0	0	0	0	0	0	0	0	0	0	0	0	0	0	0	0	0	0	0	0	0	0	0	0	0	0	0	0	0	0	0	0	0	0	0	0	0	0	0	0	0	0	0	0	0	0	0	0	0	0	0	1	0	0	0	0	0	0	0	0	0	0	0	0	0	0	0	0	0	0	0	0
3	187	1995.5	18.156349	88.759277	0	14.077875	16.992346	60.155903	7.5423136	71.168297	1.7059947	30.482435	48.564976	41.294109	8.425024	56.715107	1.7	5.6666665	1	0	4.5999999	7.5827112	99.078285	0	14.077875	16.794071	70.699364	6.8561502	67.017097	2.6462972	37.752411	52.20713	46.279831	7.1734152	986.98755	7.0999999	7	1	0	2.0999999	7.065845	0	0	1	0	0	0	0	0	0	0	0	0	0	0	0	0	0	0	0	0	0	0	0	0	0	0	0	0	0	0	0	0	0	0	0	0	0	0	0	0	0	0	0	0	0	0	0	0	0	0	0	0	0	0	0	0	0	1	0	0	0	0	0	0	0	0	0	0	0	0	0	0	0	0	0	0	0
4	187	2005.5	18.175852	95.816872	0	14.077875	17.136412	50.771881	8.8534679	75.1987	1.1121286	42.929672	48.607201	33.297199	9.907464	3.2745905	9	9	1	0	1.9	8.0628214	88.759277	0	14.077875	16.992346	60.155903	7.5423136	71.168297	1.7059947	30.482435	48.564976	41.294109	8.425024	56.715107	1.7	5.6666665	1	0	4.5999999	7.5827112	0	0	0	1	0	0	0	0	0	0	0	0	0	0	0	0	0	0	0	0	0	0	0	0	0	0	0	0	0	0	0	0	0	0	0	0	0	0	0	0	0	0	0	0	0	0	0	0	0	0	0	0	0	0	0	0	0	1	0	0	0	0	0	0	0	0	0	0	0	0	0	0	0	0	0	0	0
2	188	1985.5	11.231663	89.239365	6	12.605419	17.819685	76.847412	5.7475624	43.596199	2.8130934	46.026604	56.044373	54.0392	7.0766625	14.769757	0	4.4444447	1	1	3.5999999	6.5719848	95.572372	5.4000001	12.605506	17.540407	84.645042	5.9524093	35.620098	2.7045953	40.976898	57.15131	18.03582	6.4344964	13.469633	-7.9000001	1.5	1	1	4.8888888	6.0308623	0	1	0	0	0	0	0	0	0	0	0	0	0	0	0	0	0	0	0	0	0	0	0	0	0	0	0	0	0	0	0	0	0	0	0	0	0	0	0	0	0	0	0	0	0	0	0	0	0	0	0	0	0	0	0	0	0	0	1	0	0	0	0	0	0	0	0	0	0	0	0	0	0	0	0	0	0
3	188	1995.5	17.054808	98.270218	6	12.605419	18.063385	69.565666	5.4135175	48.259998	2.3247762	78.710815	56.545692	53.83564	8.8115282	9.7395878	8	8.8000002	1	1	2.4000001	6.9482045	89.239365	6	12.605419	17.819685	76.847412	5.7475624	43.596199	2.8130934	46.026604	56.044373	54.0392	7.0766625	14.769757	0	4.4444447	1	1	3.5999999	6.5719848	0	0	1	0	0	0	0	0	0	0	0	0	0	0	0	0	0	0	0	0	0	0	0	0	0	0	0	0	0	0	0	0	0	0	0	0	0	0	0	0	0	0	0	0	0	0	0	0	0	0	0	0	0	0	0	0	0	0	1	0	0	0	0	0	0	0	0	0	0	0	0	0	0	0	0	0	0
4	188	2005.5	17.436876	100	3	12.605419	18.271963	61.942036	5.7024012	48.2089	1.776302	89.856674	44.540794	55.358479	9.6864338	4.6841989	8	9	1	1	2.9000001	7.2229214	98.270218	6	12.605419	18.063385	69.565666	5.4135175	48.259998	2.3247762	78.710815	56.545692	53.83564	8.8115282	9.7395878	8	8.8000002	1	1	2.4000001	6.9482045	0	0	0	1	0	0	0	0	0	0	0	0	0	0	0	0	0	0	0	0	0	0	0	0	0	0	0	0	0	0	0	0	0	0	0	0	0	0	0	0	0	0	0	0	0	0	0	0	0	0	0	0	0	0	0	0	0	0	1	0	0	0	0	0	0	0	0	0	0	0	0	0	0	0	0	0	0
3	191	1995.5	38.369484	91.771019	0	11.424094	16.11709	26.522438	22.415136	51.457199	0	61.721272	54.864769	53.81398	9.9425011	5.6228781	10	10	0	0	1	9.290493	97.77832	0	11.424094	16.111061	36.164036	19.265306	45.580502	.20305091	61.456913	49.081821	49.954189	7.7791305	17.46866	9.8999996	10	.2	0	1.2	8.2737522	0	0	1	0	0	0	0	0	0	0	0	0	0	0	0	0	0	0	0	0	0	0	0	0	0	0	0	0	0	0	0	0	0	0	0	0	0	0	0	0	0	0	0	0	0	0	0	0	0	0	0	0	0	0	0	0	0	0	0	1	0	0	0	0	0	0	0	0	0	0	0	0	0	0	0	0	0
4	191	2005.5	41.39875	91.194405	0	11.423898	16.184813	23.116724	25.505816	57.819099	1	67.160103	58.929733	66.100807	11.221026	2.405638	10	10	0	0	1	9.7931013	91.771019	0	11.424094	16.11709	26.522438	22.415136	51.457199	0	61.721272	54.864769	53.81398	9.9425011	5.6228781	10	10	0	0	1	9.290493	0	0	0	1	0	0	0	0	0	0	0	0	0	0	0	0	0	0	0	0	0	0	0	0	0	0	0	0	0	0	0	0	0	0	0	0	0	0	0	0	0	0	0	0	0	0	0	0	0	0	0	0	0	0	0	0	0	0	0	1	0	0	0	0	0	0	0	0	0	0	0	0	0	0	0	0	0
2	217	1985.5	8.3606195	100	0	11.17913	15.091302	75.801186	4.9364018	31.5151	2.2629786	31.847076	62.611492	97.320641	2.9807339	59.584782	-7	1	1	1	5.0999999	5.8276272	100	0	11.17913	14.871284	71.856247	5.215219	26.789499	2.5128701	54.183857	60.929844	47.233711	3.7281604	10.268403	-6.3000002	1.7	1	1	5.3333335	5.579989	0	1	0	0	0	0	0	0	0	0	0	0	0	0	0	0	0	0	0	0	0	0	0	0	0	0	0	0	0	0	0	0	0	0	0	0	0	0	0	0	0	0	0	0	0	0	0	0	0	0	0	0	0	0	0	0	0	0	0	0	1	0	0	0	0	0	0	0	0	0	0	0	0	0	0	0	0
3	217	1995.5	10.844818	100	3	11.17913	15.191615	76.523613	4.2011862	34.5625	.26250783	45.131123	54.511417	189.77409	4.3058996	37.226521	-3	2	1	.2	5.5	5.5623178	100	0	11.17913	15.091302	75.801186	4.9364018	31.5151	2.2629786	31.847076	62.611492	97.320641	2.9807339	59.584782	-7	1	1	1	5.0999999	5.8276272	0	0	1	0	0	0	0	0	0	0	0	0	0	0	0	0	0	0	0	0	0	0	0	0	0	0	0	0	0	0	0	0	0	0	0	0	0	0	0	0	0	0	0	0	0	0	0	0	0	0	0	0	0	0	0	0	0	0	0	0	1	0	0	0	0	0	0	0	0	0	0	0	0	0	0	0	0
2	219	1985.5	19.416847	100	0	6.5072775	14.817924	33.713078	7.423738	100	2.2736228	340.59976	45.409473	75.25251	9.5381222	2.6603742	-2	2	0	1	4	8.9611559	100	0	6.5072775	14.634499	51.027336	6.4936805	100	1.3655186	308.93304	42.610203	63.41811	7.5243025	6.4469872	-2	2	0	1	5	7.8201156	0	1	0	0	0	0	0	0	0	0	0	0	0	0	0	0	0	0	0	0	0	0	0	0	0	0	0	0	0	0	0	0	0	0	0	0	0	0	0	0	0	0	0	0	0	0	0	0	0	0	0	0	0	0	0	0	0	0	0	0	0	1	0	0	0	0	0	0	0	0	0	0	0	0	0	0	0
3	219	1995.5	17.714409	100	0	6.5072775	15.074037	30.554731	9.0241356	100	2.9268289	331.9455	46.111588	75.505272	11.213754	1.6784523	-2	2	0	1	4.6999998	9.9726038	100	0	6.5072775	14.817924	33.713078	7.423738	100	2.2736228	340.59976	45.409473	75.25251	9.5381222	2.6603742	-2	2	0	1	4	8.9611559	0	0	1	0	0	0	0	0	0	0	0	0	0	0	0	0	0	0	0	0	0	0	0	0	0	0	0	0	0	0	0	0	0	0	0	0	0	0	0	0	0	0	0	0	0	0	0	0	0	0	0	0	0	0	0	0	0	0	0	0	0	1	0	0	0	0	0	0	0	0	0	0	0	0	0	0	0
4	219	2005.5	16.693499	100	0	6.5364432	15.302713	26.789675	11.624694	100	2.4763577	399.70859	49.392487	96.721321	12.56251	1.0841252	-2	2	0	1	5	10.33831	100	0	6.5072775	15.074037	30.554731	9.0241356	100	2.9268289	331.9455	46.111588	75.505272	11.213754	1.6784523	-2	2	0	1	4.6999998	9.9726038	0	0	0	1	0	0	0	0	0	0	0	0	0	0	0	0	0	0	0	0	0	0	0	0	0	0	0	0	0	0	0	0	0	0	0	0	0	0	0	0	0	0	0	0	0	0	0	0	0	0	0	0	0	0	0	0	0	0	0	0	0	1	0	0	0	0	0	0	0	0	0	0	0	0	0	0	0
4	220	2005.5	35.976448	90.733253	0	10.781019	15.505579	23.89147	16.198933	55.478298	0	158.92065	36.549667	36.11338	10.110312	2.8656862	9.5	9.5	0	0	1	9.1348314	92.981194	0	10.781037	15.496302	34.244625	16.008879	56.4366	.18867925	121.27713	31.314875	21.673201	7.4977279	13.137164	7.75	7.75	0	0	1.875	8.0837688	0	0	0	1	0	0	0	0	0	0	0	0	0	0	0	0	0	0	0	0	0	0	0	0	0	0	0	0	0	0	0	0	0	0	0	0	0	0	0	0	0	0	0	0	0	0	0	0	0	0	0	0	0	0	0	0	0	0	0	0	0	0	1	0	0	0	0	0	0	0	0	0	0	0	0	0	0
2	225	1985.5	26.100065	79.714127	2.4000001	13.997832	17.318903	71.267677	5.527421	49.982101	2.2675323	50.662785	65.649422	29.871269	9.2643213	14.827546	4.0999999	2.0999999	0	0	5.0999999	7.8026333	88.645164	0	13.997832	17.070932	76.168442	5.8641868	48.143799	2.4609804	55.251347	66.43512	39.458271	9.1637821	13.520721	4	2	0	0	4.5555553	7.2525873	0	1	0	0	0	0	0	0	0	0	0	0	0	0	0	0	0	0	0	0	0	0	0	0	0	0	0	0	0	0	0	0	0	0	0	0	0	0	0	0	0	0	0	0	0	0	0	0	0	0	0	0	0	0	0	0	0	0	0	0	0	0	0	1	0	0	0	0	0	0	0	0	0	0	0	0	0
3	225	1995.5	30.148144	77.744644	1.8	13.997832	17.544619	59.240524	5.6515064	54.717701	2.3178864	45.197826	64.860275	42.789589	9.7252226	10.301943	8.1999998	8.25	0	0	2.3	8.0939579	79.714127	2.4000001	13.997832	17.318903	71.267677	5.527421	49.982101	2.2675323	50.662785	65.649422	29.871269	9.2643213	14.827546	4.0999999	2.0999999	0	0	5.0999999	7.8026333	0	0	1	0	0	0	0	0	0	0	0	0	0	0	0	0	0	0	0	0	0	0	0	0	0	0	0	0	0	0	0	0	0	0	0	0	0	0	0	0	0	0	0	0	0	0	0	0	0	0	0	0	0	0	0	0	0	0	0	0	0	0	0	1	0	0	0	0	0	0	0	0	0	0	0	0	0
4	225	2005.5	30.528713	82.837425	0	13.997832	17.68408	49.205112	6.482224	59.470001	1.4920672	59.335979	69.550903	34.381191	11.146	7.4421449	9	9	0	0	1.5	8.4267149	77.744644	1.8	13.997832	17.544619	59.240524	5.6515064	54.717701	2.3178864	45.197826	64.860275	42.789589	9.7252226	10.301943	8.1999998	8.25	0	0	2.3	8.0939579	0	0	0	1	0	0	0	0	0	0	0	0	0	0	0	0	0	0	0	0	0	0	0	0	0	0	0	0	0	0	0	0	0	0	0	0	0	0	0	0	0	0	0	0	0	0	0	0	0	0	0	0	0	0	0	0	0	0	0	0	0	0	0	1	0	0	0	0	0	0	0	0	0	0	0	0	0
2	227	1985.5	29.035294	80.930847	0	13.121249	17.466084	35.329849	18.957258	74.2696	.53342819	37.523525	34.603851	36.598808	9.9675922	9.4259453	9.8999996	9.8999996	0	1	1.2	8.7902269	96.298103	0	13.121637	17.395823	43.464993	16.760715	69.8293	.85760969	28.788496	40.113468	12.209727	8.680109	15.173084	.2	4.4285712	.69999999	1	3.6666667	8.0147676	0	1	0	0	0	0	0	0	0	0	0	0	0	0	0	0	0	0	0	0	0	0	0	0	0	0	0	0	0	0	0	0	0	0	0	0	0	0	0	0	0	0	0	0	0	0	0	0	0	0	0	0	0	0	0	0	0	0	0	0	0	0	0	0	1	0	0	0	0	0	0	0	0	0	0	0	0
3	227	1995.5	34.5597	77.486588	0	13.121155	17.491732	24.499054	22.899456	75.876801	.25641027	46.306232	42.608547	58.566898	11.549884	4.1405129	10	10	0	1	1	9.5900698	80.930847	0	13.121249	17.466084	35.329849	18.957258	74.2696	.53342819	37.523525	34.603851	36.598808	9.9675922	9.4259453	9.8999996	9.8999996	0	1	1.2	8.7902269	0	0	1	0	0	0	0	0	0	0	0	0	0	0	0	0	0	0	0	0	0	0	0	0	0	0	0	0	0	0	0	0	0	0	0	0	0	0	0	0	0	0	0	0	0	0	0	0	0	0	0	0	0	0	0	0	0	0	0	0	0	0	0	0	1	0	0	0	0	0	0	0	0	0	0	0	0
4	227	2005.5	27.6703	68.825638	0	13.120267	17.589712	21.339006	24.57951	76.788101	1.6314421	56.838043	37.683029	47.494301	12.93728	3.103332	10	10	0	1	1	10.133601	77.486588	0	13.121155	17.491732	24.499054	22.899456	75.876801	.25641027	46.306232	42.608547	58.566898	11.549884	4.1405129	10	10	0	1	1	9.5900698	0	0	0	1	0	0	0	0	0	0	0	0	0	0	0	0	0	0	0	0	0	0	0	0	0	0	0	0	0	0	0	0	0	0	0	0	0	0	0	0	0	0	0	0	0	0	0	0	0	0	0	0	0	0	0	0	0	0	0	0	0	0	0	0	1	0	0	0	0	0	0	0	0	0	0	0	0
3	228	1995.5	25.828924	100	5	11.046276	16.722103	44.695965	9.4663324	16.372499	1.1437908	76.046654	46.56002	91.188683	7.1246963	8.9382324	5	6	1	0	3.5	6.5834441	100	5.5999999	11.046276	16.605896	55.25499	8.2486439	17.907499	1.2916666	65.649597	44.700932	85.082397	5.8307409	12.554978	5.0999999	6.0999999	.80000001	0	3	5.9256983	0	0	1	0	0	0	0	0	0	0	0	0	0	0	0	0	0	0	0	0	0	0	0	0	0	0	0	0	0	0	0	0	0	0	0	0	0	0	0	0	0	0	0	0	0	0	0	0	0	0	0	0	0	0	0	0	0	0	0	0	0	0	0	0	0	1	0	0	0	0	0	0	0	0	0	0	0
2	233	1985.5	39.080318	64.259689	0	12.924742	15.943672	28.391731	26.766346	83.097397	.3571766	64.732773	47.283752	61.559589	8.6529837	7.5859871	10	10	0	0	1	9.7303638	87.30703	0	12.924742	15.9196	31.776913	23.599352	82.497902	.370408	55.207245	43.676224	31.56806	7.6265111	9.6745157	10	10	0	0	1.1111112	9.1069851	0	1	0	0	0	0	0	0	0	0	0	0	0	0	0	0	0	0	0	0	0	0	0	0	0	0	0	0	0	0	0	0	0	0	0	0	0	0	0	0	0	0	0	0	0	0	0	0	0	0	0	0	0	0	0	0	0	0	0	0	0	0	0	0	0	0	1	0	0	0	0	0	0	0	0	0	0
3	233	1995.5	41.704918	66.872131	0	12.924742	15.990197	29.090599	27.305826	83.739799	.34485796	70.421005	47.021172	75.693558	10.388837	2.3015602	10	10	0	0	1	10.246903	64.259689	0	12.924742	15.943672	28.391731	26.766346	83.097397	.3571766	64.732773	47.283752	61.559589	8.6529837	7.5859871	10	10	0	0	1	9.7303638	0	0	1	0	0	0	0	0	0	0	0	0	0	0	0	0	0	0	0	0	0	0	0	0	0	0	0	0	0	0	0	0	0	0	0	0	0	0	0	0	0	0	0	0	0	0	0	0	0	0	0	0	0	0	0	0	0	0	0	0	0	0	0	0	0	0	1	0	0	0	0	0	0	0	0	0	0
4	233	2005.5	34.746929	64.039307	0	12.924742	16.022511	26.548208	26.787279	84.481499	.54958332	89.379562	44.928627	47.821934	12.227612	1.7612914	10	10	0	0	1	10.597383	66.872131	0	12.924742	15.990197	29.090599	27.305826	83.739799	.34485796	70.421005	47.021172	75.693558	10.388837	2.3015602	10	10	0	0	1	10.246903	0	0	0	1	0	0	0	0	0	0	0	0	0	0	0	0	0	0	0	0	0	0	0	0	0	0	0	0	0	0	0	0	0	0	0	0	0	0	0	0	0	0	0	0	0	0	0	0	0	0	0	0	0	0	0	0	0	0	0	0	0	0	0	0	0	0	1	0	0	0	0	0	0	0	0	0	0
3	234	1995.5	25.755066	55.346626	0	10.596635	15.761194	25.84366	21.938839	73.422401	.72494233	71.495995	40.670013	54.81213	11.112523	1.3704261	10	10	0	1	1	10.574183	50.961025	0	10.596635	15.684046	26.33205	20.804127	65.976997	.62034148	71.307381	40.559753	36.74427	9.7800255	3.7486789	10	10	0	1	1	9.9810143	0	0	1	0	0	0	0	0	0	0	0	0	0	0	0	0	0	0	0	0	0	0	0	0	0	0	0	0	0	0	0	0	0	0	0	0	0	0	0	0	0	0	0	0	0	0	0	0	0	0	0	0	0	0	0	0	0	0	0	0	0	0	0	0	0	0	0	1	0	0	0	0	0	0	0	0	0
4	234	2005.5	18.626987	52.344597	0	10.596635	15.823522	23.856867	23.514854	73.484299	.80579275	88.799744	44.885963	62.677189	12.512653	1.1159207	10	10	0	1	1	10.88523	55.346626	0	10.596635	15.761194	25.84366	21.938839	73.422401	.72494233	71.495995	40.670013	54.81213	11.112523	1.3704261	10	10	0	1	1	10.574183	0	0	0	1	0	0	0	0	0	0	0	0	0	0	0	0	0	0	0	0	0	0	0	0	0	0	0	0	0	0	0	0	0	0	0	0	0	0	0	0	0	0	0	0	0	0	0	0	0	0	0	0	0	0	0	0	0	0	0	0	0	0	0	0	0	0	0	1	0	0	0	0	0	0	0	0	0
2	240	1985.5	15.141106	94.232727	.60000002	13.143909	17.774822	55.75647	6.6013131	28.232901	1.9478211	55.227558	48.706993	40.114429	7.9542418	4.4889188	2.3	7	0	1	2.8	6.8527279	85.829773	2	13.143909	17.562721	77.211632	6.4489183	24.094101	2.4212804	42.20126	51.366695	23.25754	6.6714444	8.9375973	-1.3	4.75	.30000001	1	4.8888888	5.950141	0	1	0	0	0	0	0	0	0	0	0	0	0	0	0	0	0	0	0	0	0	0	0	0	0	0	0	0	0	0	0	0	0	0	0	0	0	0	0	0	0	0	0	0	0	0	0	0	0	0	0	0	0	0	0	0	0	0	0	0	0	0	0	0	0	0	0	0	1	0	0	0	0	0	0	0	0
3	240	1995.5	17.998575	93.356888	0	13.143909	17.912804	39.72448	8.6721869	30.3657	.84794503	90.446083	49.953674	20.661377	9.8351383	3.894093	8	8.6999998	0	1	3	7.7072687	94.232727	.60000002	13.143909	17.774822	55.75647	6.6013131	28.232901	1.9478211	55.227558	48.706993	40.114429	7.9542418	4.4889188	2.3	7	0	1	2.8	6.8527279	0	0	1	0	0	0	0	0	0	0	0	0	0	0	0	0	0	0	0	0	0	0	0	0	0	0	0	0	0	0	0	0	0	0	0	0	0	0	0	0	0	0	0	0	0	0	0	0	0	0	0	0	0	0	0	0	0	0	0	0	0	0	0	0	0	0	0	0	1	0	0	0	0	0	0	0	0
4	240	2005.5	20.015873	93.921097	0	13.143909	18.016903	31.697571	11.560003	32.468102	.63011664	127.15366	45.288502	45.865231	11.157278	3.0064118	5.0999999	7.1999998	0	1	3.9000001	8.0265779	93.356888	0	13.143909	17.912804	39.72448	8.6721869	30.3657	.84794503	90.446083	49.953674	20.661377	9.8351383	3.894093	8	8.6999998	0	1	3	7.7072687	0	0	0	1	0	0	0	0	0	0	0	0	0	0	0	0	0	0	0	0	0	0	0	0	0	0	0	0	0	0	0	0	0	0	0	0	0	0	0	0	0	0	0	0	0	0	0	0	0	0	0	0	0	0	0	0	0	0	0	0	0	0	0	0	0	0	0	0	1	0	0	0	0	0	0	0	0
2	246	1985.5	30.659805	100	0	8.542861	13.971728	56.557011	9.1134272	9.5312996	.90909094	81.062363	44.576767	31.299999	7.9519873	6.1866269	8.6999998	8.3999996	0	1	1	8.5388765	100	0	8.542861	13.830056	66.110268	8.777277	11.3201	1.5587244	98.661453	56.951775	14.657366	7.3323712	19.295982	8	7	0	1	2	7.7419701	0	1	0	0	0	0	0	0	0	0	0	0	0	0	0	0	0	0	0	0	0	0	0	0	0	0	0	0	0	0	0	0	0	0	0	0	0	0	0	0	0	0	0	0	0	0	0	0	0	0	0	0	0	0	0	0	0	0	0	0	0	0	0	0	0	0	0	0	0	1	0	0	0	0	0	0	0
2	247	1985.5	27.851095	100	0	11.953501	15.817352	71.44593	7.3350434	54.417099	2.5129833	72.616425	39.816612	47.4464	8.4917612	8.0400772	-6.8000002	2.4000001	1	1	5.3000002	7.2176633	100	0	11.953501	15.567334	83.242958	6.8767619	47.661098	2.2989228	59.897526	42.460339	35.046665	6.977838	8.8522482	-9	1	1	1	6	6.6661477	0	1	0	0	0	0	0	0	0	0	0	0	0	0	0	0	0	0	0	0	0	0	0	0	0	0	0	0	0	0	0	0	0	0	0	0	0	0	0	0	0	0	0	0	0	0	0	0	0	0	0	0	0	0	0	0	0	0	0	0	0	0	0	0	0	0	0	0	0	0	1	0	0	0	0	0	0
3	247	1995.5	29.338837	100	0	11.953501	16.009703	56.111465	9.4845285	61.355801	1.5904382	79.601723	40.128216	59.15937	9.1535501	5.569519	-3.4000001	5.4000001	1	1	5.9000001	7.666934	100	0	11.953501	15.817352	71.44593	7.3350434	54.417099	2.5129833	72.616425	39.816612	47.4464	8.4917612	8.0400772	-6.8000002	2.4000001	1	1	5.3000002	7.2176633	0	0	1	0	0	0	0	0	0	0	0	0	0	0	0	0	0	0	0	0	0	0	0	0	0	0	0	0	0	0	0	0	0	0	0	0	0	0	0	0	0	0	0	0	0	0	0	0	0	0	0	0	0	0	0	0	0	0	0	0	0	0	0	0	0	0	0	0	0	0	1	0	0	0	0	0	0
4	247	2005.5	29.530207	99.452736	0	11.953501	16.102814	38.326691	10.108125	65.079803	1.4103104	94.244598	40.188278	51.135059	9.9225807	3.3263659	-3.9000001	6	1	1	6.4000001	8.1095943	100	0	11.953501	16.009703	56.111465	9.4845285	61.355801	1.5904382	79.601723	40.128216	59.15937	9.1535501	5.569519	-3.4000001	5.4000001	1	1	5.9000001	7.666934	0	0	0	1	0	0	0	0	0	0	0	0	0	0	0	0	0	0	0	0	0	0	0	0	0	0	0	0	0	0	0	0	0	0	0	0	0	0	0	0	0	0	0	0	0	0	0	0	0	0	0	0	0	0	0	0	0	0	0	0	0	0	0	0	0	0	0	0	0	0	1	0	0	0	0	0	0
2	248	1985.5	12.104324	100	2.0999999	13.553665	17.715796	65.914223	6.4996424	52.740898	2.0691326	24.742792	47.635551	36.138531	7.517148	47.211979	5	7.4000001	.30000001	0	3.2	7.6826429	100	0	13.553665	17.502508	75.046082	7.3775659	41.573799	2.3178864	11.31678	53.420776	24.289511	7.007122	35.707642	5.4000001	6.8000002	0	0	2.4444444	7.2867346	0	1	0	0	0	0	0	0	0	0	0	0	0	0	0	0	0	0	0	0	0	0	0	0	0	0	0	0	0	0	0	0	0	0	0	0	0	0	0	0	0	0	0	0	0	0	0	0	0	0	0	0	0	0	0	0	0	0	0	0	0	0	0	0	0	0	0	0	0	0	0	1	0	0	0	0	0
3	248	1995.5	20.859892	100	2.7	13.553665	17.90032	53.676025	7.1860127	62.324402	1.5548102	34.977303	42.596737	36.833691	9.3298063	78.354767	7.8000002	7.4000001	0	0	3.8	8.2760687	100	2.0999999	13.553665	17.715796	65.914223	6.4996424	52.740898	2.0691326	24.742792	47.635551	36.138531	7.517148	47.211979	5	7.4000001	.30000001	0	3.2	7.6826429	0	0	1	0	0	0	0	0	0	0	0	0	0	0	0	0	0	0	0	0	0	0	0	0	0	0	0	0	0	0	0	0	0	0	0	0	0	0	0	0	0	0	0	0	0	0	0	0	0	0	0	0	0	0	0	0	0	0	0	0	0	0	0	0	0	0	0	0	0	0	0	1	0	0	0	0	0
4	248	2005.5	31.031525	95.644081	0	13.553665	18.043015	42.707111	8.5588713	67.514801	1.3452837	49.15469	43.136063	54.273151	11.059888	17.154617	7	6	0	0	3.0999999	8.7746515	100	2.7	13.553665	17.90032	53.676025	7.1860127	62.324402	1.5548102	34.977303	42.596737	36.833691	9.3298063	78.354767	7.8000002	7.4000001	0	0	3.8	8.2760687	0	0	0	1	0	0	0	0	0	0	0	0	0	0	0	0	0	0	0	0	0	0	0	0	0	0	0	0	0	0	0	0	0	0	0	0	0	0	0	0	0	0	0	0	0	0	0	0	0	0	0	0	0	0	0	0	0	0	0	0	0	0	0	0	0	0	0	0	0	0	0	1	0	0	0	0	0
2	256	1985.5	36.768375	76.565895	.1	12.396403	17.851482	29.737659	23.355864	78.333199	.17857143	51.793194	44.321053	47.248589	11.381742	6.5539422	10	10	0	1	1	9.283783	78.189774	0	12.396403	17.840862	36.34206	22.419043	77.809196	0	52.264851	39.136288	52.630421	10.191832	14.113502	10	10	0	1	1	8.38976	0	1	0	0	0	0	0	0	0	0	0	0	0	0	0	0	0	0	0	0	0	0	0	0	0	0	0	0	0	0	0	0	0	0	0	0	0	0	0	0	0	0	0	0	0	0	0	0	0	0	0	0	0	0	0	0	0	0	0	0	0	0	0	0	0	0	0	0	0	0	0	0	1	0	0	0	0
3	256	1995.5	38.96529	86.316612	0	12.396403	17.877634	29.72632	24.36791	78.399803	.34785238	53.619167	47.852116	49.83902	12.51213	2.4529147	10	10	0	1	1	9.9551764	76.565895	.1	12.396403	17.851482	29.737659	23.355864	78.333199	.17857143	51.793194	44.321053	47.248589	11.381742	6.5539422	10	10	0	1	1	9.283783	0	0	1	0	0	0	0	0	0	0	0	0	0	0	0	0	0	0	0	0	0	0	0	0	0	0	0	0	0	0	0	0	0	0	0	0	0	0	0	0	0	0	0	0	0	0	0	0	0	0	0	0	0	0	0	0	0	0	0	0	0	0	0	0	0	0	0	0	0	0	0	0	1	0	0	0	0
4	256	2005.5	41.070282	91.851425	0	12.396403	17.918011	27.231405	24.384775	79.086098	.66138291	57.82093	48.471252	51.490879	13.652783	2.4926989	10	10	0	1	1	10.473839	86.316612	0	12.396403	17.877634	29.72632	24.36791	78.399803	.34785238	53.619167	47.852116	49.83902	12.51213	2.4529147	10	10	0	1	1	9.9551764	0	0	0	1	0	0	0	0	0	0	0	0	0	0	0	0	0	0	0	0	0	0	0	0	0	0	0	0	0	0	0	0	0	0	0	0	0	0	0	0	0	0	0	0	0	0	0	0	0	0	0	0	0	0	0	0	0	0	0	0	0	0	0	0	0	0	0	0	0	0	0	0	1	0	0	0	0
2	257	1985.5	22.510895	59.061676	0	16.034714	19.303967	33.00845	18.067265	74.584602	.85144925	18.724325	41.910927	55.17548	12.54205	4.1892748	10	10	1	1	1	9.7701731	95.409241	0	16.034714	19.213169	38.850536	16.400991	73.668297	.93073595	16.078808	40.70488	35.07851	10.762056	6.9097309	10	10	1	1	1	8.9778948	0	1	0	0	0	0	0	0	0	0	0	0	0	0	0	0	0	0	0	0	0	0	0	0	0	0	0	0	0	0	0	0	0	0	0	0	0	0	0	0	0	0	0	0	0	0	0	0	0	0	0	0	0	0	0	0	0	0	0	0	0	0	0	0	0	0	0	0	0	0	0	0	0	1	0	0	0
3	257	1995.5	21.260811	53.693031	0	16.034714	19.409746	33.083126	19.080532	77.411697	1.1549858	22.868008	45.988731	67.257942	13.538354	2.0523541	10	10	1	1	1	10.254683	59.061676	0	16.034714	19.303967	33.00845	18.067265	74.584602	.85144925	18.724325	41.910927	55.17548	12.54205	4.1892748	10	10	1	1	1	9.7701731	0	0	1	0	0	0	0	0	0	0	0	0	0	0	0	0	0	0	0	0	0	0	0	0	0	0	0	0	0	0	0	0	0	0	0	0	0	0	0	0	0	0	0	0	0	0	0	0	0	0	0	0	0	0	0	0	0	0	0	0	0	0	0	0	0	0	0	0	0	0	0	0	0	1	0	0	0
4	257	2005.5	22.317585	62.620686	1.6	16.031435	19.512291	30.656588	18.678282	80.826202	1.0353038	26.43078	46.873493	66.746819	14.621095	2.1436436	10	10	1	1	1	10.645452	53.693031	0	16.034714	19.409746	33.083126	19.080532	77.411697	1.1549858	22.868008	45.988731	67.257942	13.538354	2.0523541	10	10	1	1	1	10.254683	0	0	0	1	0	0	0	0	0	0	0	0	0	0	0	0	0	0	0	0	0	0	0	0	0	0	0	0	0	0	0	0	0	0	0	0	0	0	0	0	0	0	0	0	0	0	0	0	0	0	0	0	0	0	0	0	0	0	0	0	0	0	0	0	0	0	0	0	0	0	0	0	0	1	0	0	0
3	258	1995.5	26.881865	92.752472	0	12.072656	14.987795	40.05542	19.92314	90.463097	.63508064	36.310116	40.659134	36.820839	7.2012119	36.245522	10	10	1	0	1.3	8.7073774	98.968559	0	12.072656	14.920569	42.641132	17.63941	87.367699	.67816091	39.657448	40.520901	70.514893	6.1562839	63.090488	2.8	6.4000001	1	0	3	7.8305998	0	0	1	0	0	0	0	0	0	0	0	0	0	0	0	0	0	0	0	0	0	0	0	0	0	0	0	0	0	0	0	0	0	0	0	0	0	0	0	0	0	0	0	0	0	0	0	0	0	0	0	0	0	0	0	0	0	0	0	0	0	0	0	0	0	0	0	0	0	0	0	0	0	0	1	0	0
4	258	2005.5	26.855608	100	0	12.072656	15.015404	37.465012	21.401478	91.963402	.30303031	54.291103	42.466236	71.585892	8.285367	7.8979816	10	10	1	0	1	8.7274609	92.752472	0	12.072656	14.987795	40.05542	19.92314	90.463097	.63508064	36.310116	40.659134	36.820839	7.2012119	36.245522	10	10	1	0	1.3	8.7073774	0	0	0	1	0	0	0	0	0	0	0	0	0	0	0	0	0	0	0	0	0	0	0	0	0	0	0	0	0	0	0	0	0	0	0	0	0	0	0	0	0	0	0	0	0	0	0	0	0	0	0	0	0	0	0	0	0	0	0	0	0	0	0	0	0	0	0	0	0	0	0	0	0	0	1	0	0
2	262	1985.5	20.122934	100	0	13.690004	16.674011	67.796021	5.9295602	82.084702	2.9617734	48.151886	43.23637	37.88105	7.2173719	23.663813	9	10	1	0	1	8.1255674	100	0	13.690004	16.374483	79.879204	5.615304	76.018898	3.2259407	52.438816	42.434116	10.394115	6.6718726	14.904722	9	10	1	0	1.4444444	7.8370485	0	1	0	0	0	0	0	0	0	0	0	0	0	0	0	0	0	0	0	0	0	0	0	0	0	0	0	0	0	0	0	0	0	0	0	0	0	0	0	0	0	0	0	0	0	0	0	0	0	0	0	0	0	0	0	0	0	0	0	0	0	0	0	0	0	0	0	0	0	0	0	0	0	0	0	1	0
3	262	1995.5	20.461601	100	0	13.690004	16.914011	59.549232	6.9243593	87.483498	1.8655186	51.87421	44.024979	49.394402	9.3813362	42.447102	7.9000001	9.1000004	1	0	2.5999999	8.1043291	100	0	13.690004	16.674011	67.796021	5.9295602	82.084702	2.9617734	48.151886	43.23637	37.88105	7.2173719	23.663813	9	10	1	0	1	8.1255674	0	0	1	0	0	0	0	0	0	0	0	0	0	0	0	0	0	0	0	0	0	0	0	0	0	0	0	0	0	0	0	0	0	0	0	0	0	0	0	0	0	0	0	0	0	0	0	0	0	0	0	0	0	0	0	0	0	0	0	0	0	0	0	0	0	0	0	0	0	0	0	0	0	0	0	1	0
4	262	2005.5	26.397299	100	0	13.690004	17.109972	48.978638	7.9136806	91.927498	1.9287953	50.81403	42.720913	36.19521	10.652613	25.677031	3.9000001	6.8000002	1	.40000001	3.8	8.7820196	100	0	13.690004	16.914011	59.549232	6.9243593	87.483498	1.8655186	51.87421	44.024979	49.394402	9.3813362	42.447102	7.9000001	9.1000004	1	0	2.5999999	8.1043291	0	0	0	1	0	0	0	0	0	0	0	0	0	0	0	0	0	0	0	0	0	0	0	0	0	0	0	0	0	0	0	0	0	0	0	0	0	0	0	0	0	0	0	0	0	0	0	0	0	0	0	0	0	0	0	0	0	0	0	0	0	0	0	0	0	0	0	0	0	0	0	0	0	0	0	1	0
2	274	1985.5	26.71306	100	0	13.518976	15.744819	91.799088	5.497067	39.612598	3.0073097	83.712074	56.858845	160.23013	7.6840601	45.715294	-9	1	1	1	5.3000002	6.1651301	100	0	13.518976	15.42031	93.664642	5.4049602	35.481701	3.2854733	103.76293	61.900925	77.536522	7.4993296	8.2548218	-8.1000004	1.5	1	1	5	6.2981353	0	1	0	0	0	0	0	0	0	0	0	0	0	0	0	0	0	0	0	0	0	0	0	0	0	0	0	0	0	0	0	0	0	0	0	0	0	0	0	0	0	0	0	0	0	0	0	0	0	0	0	0	0	0	0	0	0	0	0	0	0	0	0	0	0	0	0	0	0	0	0	0	0	0	0	0	1
3	274	1995.5	29.854418	100	0	13.518976	16.017982	87.558372	5.5774932	36.874001	2.5166509	69.637718	52.802929	209.13161	8.0976486	62.577961	3.5	7	1	1	3.8	5.9132876	100	0	13.518976	15.744819	91.799088	5.497067	39.612598	3.0073097	83.712074	56.858845	160.23013	7.6840601	45.715294	-9	1	1	1	5.3000002	6.1651301	0	0	1	0	0	0	0	0	0	0	0	0	0	0	0	0	0	0	0	0	0	0	0	0	0	0	0	0	0	0	0	0	0	0	0	0	0	0	0	0	0	0	0	0	0	0	0	0	0	0	0	0	0	0	0	0	0	0	0	0	0	0	0	0	0	0	0	0	0	0	0	0	0	0	0	0	1
4	274	2005.5	21.854832	99.049629	0	13.518976	16.26339	89.98629	5.9190693	36.8839	2.7424242	66.472542	48.866398	96.023407	8.7213097	16.16507	5.5999999	7.5999999	1	1	3.5999999	6.5118403	100	0	13.518976	16.017982	87.558372	5.5774932	36.874001	2.5166509	69.637718	52.802929	209.13161	8.0976486	62.577961	3.5	7	1	1	3.8	5.9132876	0	0	0	1	0	0	0	0	0	0	0	0	0	0	0	0	0	0	0	0	0	0	0	0	0	0	0	0	0	0	0	0	0	0	0	0	0	0	0	0	0	0	0	0	0	0	0	0	0	0	0	0	0	0	0	0	0	0	0	0	0	0	0	0	0	0	0	0	0	0	0	0	0	0	0	0	1
