[[1]]
 [1] 1.0000 1.0000 1.0000 1.0000 0.5276 0.3888 0.1790 0.1750 0.7838 0.4718
[11] 0.1294 0.6618

[[2]]
 [1] 1.0000 1.0000 1.0000 0.0144 1.0000 0.2098 0.0280 0.0192 0.0288 0.0140
[11] 0.1330 0.5010

[[3]]
 [1] 1.0000 1.0000 1.0000 0.0016 0.0152 1.0000 0.1042 0.0328 0.0292 0.0038
[11] 0.0048 0.0952

[[4]]
 [1] 1.0000 1.0000 1.0000 0.0024 0.0162 1.0000 0.4670 0.0688 0.0904 0.0430
[11] 0.0144 0.1996

[[5]]
 [1] 1.0000 1.0000 1.0000 0.9794 0.8244 0.8932 1.0000 0.1758 0.9968 0.0048
[11] 0.8434 0.8202

[[6]]
 [1] 1.0000 1.0000 1.0000 0.9698 0.7260 0.4036 1.0000 0.1622 0.9970 1.0000
[11] 0.7768 0.9040

[[7]]
 [1] 1.0000 1.0000 1.0000 0.0196 0.1266 0.2502 1.0000 0.1046 0.3928 0.0060
[11] 0.2536 0.4816

[[8]]
 [1] 1.0000 1.0000 1.0000 0.0638 0.4174 0.7306 0.4970 0.1160 0.2264 0.1706
[11] 0.1124 0.7516

[[9]]
 [1] 1.0000 1.0000 1.0000 0.1496 0.6660 0.4814 0.5378 1.0000 0.3252 0.0042
[11] 0.3936 0.6838

[[10]]
 [1] 1.0000 1.0000 1.0000 0.1014 0.7054 0.8254 0.6246 0.7472 1.0000 0.6438
[11] 0.3562 0.5848

[[11]]
 [1] 1.0000 1.0000 1.0000 0.1790 0.8204 0.6390 0.5486 0.2078 0.9410 1.0000
[11] 0.7238 0.7074

[[12]]
 [1] 1.0000 1.0000 1.0000 0.0130 0.0624 0.9854 0.9896 0.1314 0.1294 1.0000
[11] 0.1882 0.6706

[[13]]
 [1] 1.0000 1.0000 1.0000 0.5714 0.9888 0.8410 0.7646 0.6524 0.7728 0.5490
[11] 0.9112 0.9084

[[14]]
 [1] 1.0000 1.0000 1.0000 0.0322 0.1368 0.2544 0.6646 0.0856 0.2252 0.0014
[11] 1.0000 0.9664

[[15]]
 [1] 1.0000 1.0000 1.0000 0.0106 0.1368 0.1294 0.1138 0.0134 0.1548 0.0006
[11] 1.0000 0.9992

[[16]]
 [1] 1.0000 1.0000 1.0000 0.0028 0.0304 0.2154 0.0586 0.0444 0.0446 0.0020
[11] 0.1802 0.1488

[[17]]
 [1] 1.0000 1.0000 1.0000 0.0038 0.1804 0.0708 0.0184 0.0074 0.0116 0.0000
[11] 1.0000 0.9106

[[18]]
 [1] 1.0000 1.0000 1.0000 0.0114 0.0850 0.2120 0.0630 0.0184 0.9562 0.0004
[11] 0.9990 0.6598

[[19]]
 [1] 1.0000 1.0000 1.0000 0.0046 0.2262 0.4384 0.2446 0.1140 0.2262 0.0024
[11] 0.0158 1.0000

[[20]]
 [1] 1.0000 1.0000 1.0000 0.0810 0.9720 0.4216 0.9376 0.1938 0.8800 0.7150
[11] 0.6314 0.5926

