[[1]]
 [1] 1.0000 1.0000 1.0000 0.7086 1.0000 0.6526 0.7100 0.6742 0.3926 0.2064
[11] 0.9242 0.9206

[[2]]
 [1] 1.0000 1.0000 1.0000 0.4518 0.0078 1.0000 0.0230 0.1866 0.0028 0.0684
[11] 0.1324 0.1310

[[3]]
 [1] 1.0000 1.0000 1.0000 0.5090 0.0020 1.0000 0.1182 0.0624 0.0022 0.0032
[11] 0.0014 0.0326

[[4]]
 [1] 1.0000 1.0000 1.0000 0.9910 0.6746 0.0878 1.0000 0.1044 0.0410 0.9978
[11] 0.5408 0.4198

[[5]]
 [1] 1.0000 1.0000 1.0000 0.6158 0.0196 0.3108 1.0000 0.9996 0.0098 0.4398
[11] 0.6810 0.4344

[[6]]
 [1] 1.0000 1.0000 1.0000 0.5722 0.0664 0.6560 1.0000 0.2874 0.0058 0.7074
[11] 0.9528 0.3614

[[7]]
 [1] 1.0000 1.0000 1.0000 0.5894 0.7262 0.2184 1.0000 0.4416 0.0426 0.1048
[11] 0.9990 0.7758

[[8]]
 [1] 1.0000 1.0000 1.0000 0.6984 0.0422 0.4508 0.0242 0.1788 0.0050 0.0886
[11] 0.5888 0.6202

[[9]]
 [1] 1.0000 1.0000 1.0000 0.8920 0.0842 0.6270 0.2486 0.8836 1.0000 0.0906
[11] 0.0900 0.8182

[[10]]
 [1] 1.0000 1.0000 1.0000 0.7244 0.5276 0.4546 0.3544 0.5192 0.0102 1.0000
[11] 0.1348 0.6082

[[11]]
 [1] 1.0000 1.0000 1.0000 0.8826 0.2118 0.6492 0.5044 0.8192 0.0884 1.0000
[11] 0.8598 0.7322

[[12]]
 [1] 1.0000 1.0000 1.0000 0.7046 0.0046 0.0756 0.4226 0.1458 0.0040 1.0000
[11] 0.8284 0.5392

[[13]]
 [1] 1.0000 1.0000 1.0000 0.7750 0.0800 0.8926 0.0862 0.2532 0.0736 0.2566
[11] 0.7202 0.9940

[[14]]
 [1] 1.0000 1.0000 1.0000 0.6094 0.0108 0.9628 0.6798 0.7042 0.0098 0.4490
[11] 1.0000 0.6404

[[15]]
 [1] 1.0000 1.0000 1.0000 0.5524 0.0106 0.9754 0.0878 0.2648 0.0052 0.0816
[11] 1.0000 0.2444

[[16]]
 [1] 1.0000 1.0000 1.0000 0.1632 0.0018 0.0164 0.0046 0.0384 0.0014 0.0150
[11] 0.0066 0.0446

[[17]]
 [1] 1.0000 1.0000 1.0000 0.9428 0.0036 0.0240 0.0212 0.0368 0.0010 0.0198
[11] 0.1146 0.0368

[[18]]
 [1] 1.0000 1.0000 1.0000 0.3868 0.0060 0.0578 0.0540 0.8364 0.0052 0.0810
[11] 0.0264 0.9988

[[19]]
 [1] 1.0000 1.0000 1.0000 0.6890 0.0130 0.0684 0.7744 0.1118 0.0070 1.0000
[11] 0.8520 0.0686

[[20]]
 [1] 1.0000 1.0000 1.0000 0.6480 0.9776 0.9384 1.0000 0.8208 0.0296 0.4380
[11] 1.0000 0.5902

