[[1]]
                       Prob         Low          Med          Up          Mean
per03           1.000000000 -1.54819373  0.020548008 1.523367457  1.721883e-02
per04           1.000000000 -1.78286329 -0.230122783 1.383738894 -2.306860e-01
per05           1.000000000 -2.32385766 -0.713446188 0.893939940 -7.119530e-01
per06           1.000000000 -1.02054133  0.526749147 2.106351492  5.232191e-01
per07           1.000000000  0.22306136  1.872550875 3.506537649  1.869639e+00
per08           1.000000000 -1.64494646  0.042167573 1.715385211  5.884818e-02
cc2             1.000000000 -1.79989114 -0.034043271 1.751684129 -1.842374e-02
cc3             1.000000000 -1.57613914  0.255040434 2.119838037  2.686025e-01
cc4             1.000000000 -1.58577135  0.241776392 2.150941907  2.404861e-01
cc5             1.000000000 -2.22314762 -0.487843421 1.243231646 -5.132888e-01
cc6             1.000000000 -1.17654831  0.784805872 2.689020364  7.701218e-01
cc7             1.000000000 -1.80630569  0.105980275 2.063518070  1.012341e-01
cc8             1.000000000 -1.24990441  0.653008888 2.531536523  6.596154e-01
cc9             1.000000000 -2.39475804 -0.556089518 1.235413217 -5.595439e-01
cc10            1.000000000 -1.62811377  0.335390758 2.350315549  3.310285e-01
cc11            1.000000000 -2.05671452 -0.423309903 1.306844254 -3.900754e-01
1               0.698211111 -1.58952199  0.000000000 1.915437049  1.163228e-01
lcentralization 1.000000000  0.78450321  0.878836027 0.966695298  8.777427e-01
lwarfare        0.552433333 -0.09585662  0.041787585 1.102227363  2.817506e-01
larea           0.548355556 -0.76375195  0.000000000 0.783731481 -6.041988e-04
lpopulation     0.672100000 -0.42015049  0.056233197 1.110896412  2.218889e-01
ldepend15       0.003933333  0.00000000  0.000000000 0.000000000 -9.422064e-05
ldepend64       0.681777778 -0.61445950 -0.237871442 0.000000000 -2.276640e-01
lurban          0.003677778  0.00000000  0.000000000 0.000000000  7.492396e-05
lpop_growth     0.666811111 -1.58371700 -0.224660516 0.377077915 -4.030782e-01
ltrade          0.391900000  0.00000000  0.000000000 0.044361806  1.057378e-02
lgini_gross     0.003944444  0.00000000  0.000000000 0.000000000 -1.896528e-04
ldebt           0.130044444 -0.02866358  0.000000000 0.005792088 -1.361665e-03
lfdi_liab       0.193988889 -0.98957533  0.000000000 0.422919679 -5.797306e-02
linflation      0.756555556 -0.08050433 -0.001779629 0.037270222 -1.168361e-02
ldemocracy      0.005833333  0.00000000  0.000000000 0.000000000  2.232770e-03
lpol_comp       0.923788889  0.00000000  0.962406124 1.684316739  9.272849e-01
lpresidential   0.774255556 -1.37403902  0.000000000 1.977242056  2.402495e-01
lplurality      0.123855556 -0.93927908  0.000000000 0.637174508 -1.421894e-02
lpol_rights     0.919933333  0.00000000  1.323364307 2.502440542  1.254751e+00
lgdp_pc         0.000000000  0.00000000  0.000000000 0.000000000  0.000000e+00
                         SD     CondMean     CondSD
per03           0.782114713  0.010352659 0.78211471
per04           0.801372957 -0.225499228 0.80137296
per05           0.814278136 -0.714338434 0.81427814
per06           0.799413325  0.534940553 0.79941332
per07           0.831042001  1.869095459 0.83104200
per08           0.861154863  0.042620710 0.86115486
cc2             0.914479402 -0.028372454 0.91447940
cc3             0.922899756  0.258920846 0.92289976
cc4             0.949794492  0.253234407 0.94979449
cc5             0.883526854 -0.502496538 0.88352685
cc6             0.991502233  0.767268267 0.99150223
cc7             0.973956318  0.111785963 0.97395632
cc8             0.954325302  0.658127942 0.95432530
cc9             0.933340605 -0.549525960 0.93334060
cc10            1.038221736  0.333253234 1.03822174
cc11            0.864314161 -0.408103629 0.86431416
1               0.829535471  0.155856376 0.98189114
lcentralization 0.046424925  0.878086371 0.04642493
lwarfare        0.361537025  0.507002700 0.34870456
larea           0.346537266 -0.007254463 0.46694406
lpopulation     0.382239577  0.333486085 0.42508774
ldepend15       0.002562177 -0.004670040 0.03924253
ldepend64       0.202815159 -0.331560459 0.15948119
lurban          0.002875079  0.027717786 0.03700504
lpop_growth     0.532601633 -0.599298067 0.55112120
ltrade          0.014822024  0.026908769 0.01094190
lgini_gross     0.005250454 -0.040262736 0.06563715
ldebt           0.008605223 -0.011272331 0.02176387
lfdi_liab       0.287706083 -0.298734442 0.59477846
linflation      0.028007905 -0.015457381 0.03120855
ldemocracy      0.045828098  0.426491906 0.37649880
lpol_comp       0.435695691  1.001705788 0.35875231
lpresidential   0.796944425  0.312739303 0.89630068
lplurality      0.330431391 -0.153085203 0.92801251
lpol_rights     0.710727421  1.363640375 0.63327100
lgdp_pc         0.000000000          NaN         NA

[[2]]
                        Prob         Low         Med           Up          Mean
per03           1.000000e+00 -0.55684195  0.01816752  0.560570900  2.064206e-02
per04           1.000000e+00 -0.68631275 -0.08747409  0.474333600 -8.789124e-02
per05           1.000000e+00 -1.29343155 -0.69860448 -0.119991707 -7.002041e-01
per06           1.000000e+00 -1.09504614 -0.51211352  0.056062515 -5.091892e-01
per07           1.000000e+00 -1.21641625 -0.57903930  0.048118875 -5.755235e-01
per08           1.000000e+00 -1.07495193 -0.38203178  0.266658089 -3.838939e-01
cc2             1.000000e+00 -0.90343029 -0.08827708  0.676254339 -7.975014e-02
cc3             1.000000e+00 -0.73984977  0.19458145  1.133427783  2.006303e-01
cc4             1.000000e+00 -0.37941284  0.40543757  1.199714521  4.052206e-01
cc5             1.000000e+00 -0.81421492 -0.06645558  0.604056802 -8.116659e-02
cc6             1.000000e+00 -0.32515528  0.59660518  1.467925267  6.020164e-01
cc7             1.000000e+00 -0.49437619  0.09554055  0.699764199  1.027916e-01
cc8             1.000000e+00 -1.47257732 -0.48087859  0.489614133 -4.883260e-01
cc9             1.000000e+00  0.24383864  1.27674528  2.286599940  1.282397e+00
cc10            1.000000e+00 -0.72138392  0.06893935  0.770802039  5.621146e-02
cc11            1.000000e+00 -0.52011457  0.16781679  0.823749584  1.623478e-01
1               4.513222e-01 -0.33243742  0.00000000  1.017138909  1.405491e-01
lcentralization 7.544444e-03  0.00000000  0.00000000  0.000000000 -2.859490e-05
lwarfare        1.000000e+00  0.56268985  0.73728883  0.902774328  7.363206e-01
larea           8.400000e-03  0.00000000  0.00000000  0.000000000  5.564758e-05
lpopulation     2.010000e-02  0.00000000  0.00000000  0.000000000 -1.703545e-04
ldepend15       2.027778e-02  0.00000000  0.00000000  0.000000000  4.318656e-04
ldepend64       2.666667e-04  0.00000000  0.00000000  0.000000000  1.307192e-05
lurban          1.892222e-02  0.00000000  0.00000000  0.000000000  3.766337e-06
lpop_growth     1.792556e-01 -0.06383281  0.00000000  0.215248504  1.448553e-02
ltrade          2.277778e-03  0.00000000  0.00000000  0.000000000  7.610051e-07
lgini_gross     5.777778e-04  0.00000000  0.00000000  0.000000000  8.414871e-06
ldebt           3.333333e-05  0.00000000  0.00000000  0.000000000 -5.060792e-08
lfdi_liab       7.083333e-02 -0.04551070  0.00000000  0.003678545 -1.872032e-03
linflation      1.111111e-04  0.00000000  0.00000000  0.000000000 -2.995676e-07
ldemocracy      9.848889e-02 -0.04368247  0.00000000  0.000000000 -2.577108e-03
lpol_comp       1.666667e-04  0.00000000  0.00000000  0.000000000 -4.187623e-06
lpresidential   6.133333e-03  0.00000000  0.00000000  0.000000000  9.296329e-04
lplurality      1.270111e-01 -0.25762390  0.00000000  0.666106556  2.800065e-02
lpol_rights     1.280111e-01 -0.06730038  0.00000000  0.107805097  2.390784e-03
lgdp_pc         0.000000e+00  0.00000000  0.00000000  0.000000000  0.000000e+00
                          SD     CondMean      CondSD
per03           0.2827276480  0.012814577 0.282727648
per04           0.2948306892 -0.094246253 0.294830689
per05           0.3027158818 -0.701297018 0.302715882
per06           0.2939970297 -0.510677155 0.293997030
per07           0.3228117515 -0.581387936 0.322811751
per08           0.3346902613 -0.385870020 0.334690261
cc2             0.4038994256 -0.089798853 0.403899426
cc3             0.4704048253  0.195410958 0.470404825
cc4             0.4011899129  0.403397498 0.401189913
cc5             0.3610722099 -0.079669822 0.361072210
cc6             0.4544641229  0.597929841 0.454464123
cc7             0.3032180588  0.100235498 0.303218059
cc8             0.5047377035 -0.484322906 0.504737704
cc9             0.5164518932  1.276272766 0.516451893
cc10            0.3822801926  0.057625073 0.382280193
cc11            0.3428191043  0.166898662 0.342819104
1               0.3506062349  0.315611930 0.466382827
lcentralization 0.0007945808 -0.004395714 0.007961205
lwarfare        0.0867330831  0.735892422 0.086733083
larea           0.0051653913  0.017484709 0.051520469
lpopulation     0.0144982162 -0.022683350 0.099472336
ldepend15       0.0040620472  0.023157777 0.015306784
ldepend64       0.0002327617  0.016458738          NA
lurban          0.0014168398  0.001189765 0.010552204
lpop_growth     0.0619280577  0.078817309 0.124547070
ltrade          0.0001175338  0.001582072 0.001619923
lgini_gross     0.0008666694  0.011306035 0.021837643
ldebt           0.0000000000          NaN          NA
lfdi_liab       0.0211970756 -0.023424512 0.077937273
linflation      0.0001595754 -0.002563278 0.010684594
ldemocracy      0.0126244751 -0.025585209 0.032613941
lpol_comp       0.0000000000          NaN          NA
lpresidential   0.0486968959  0.144015245 0.600943401
lplurality      0.2207207340  0.200827969 0.589136516
lpol_rights     0.0424865282  0.015004191 0.116626772
lgdp_pc         0.0000000000          NaN          NA

[[3]]
                        Prob          Low           Med          Up
per03           1.000000e+00 -0.150738847  0.0002429208 0.158802360
per04           1.000000e+00 -0.157658854  0.0006247285 0.171663858
per05           1.000000e+00 -0.159237181  0.0031641635 0.168743714
per06           1.000000e+00 -0.158424856  0.0011427197 0.168633931
per07           1.000000e+00 -0.177245956  0.0040404899 0.190404881
per08           1.000000e+00 -0.177207991  0.0082807899 0.194339664
cc2             1.000000e+00 -0.511152320 -0.0012790263 0.500259058
cc3             1.000000e+00 -0.356126220 -0.0010987288 0.354977504
cc4             1.000000e+00 -0.381621746  0.0006128945 0.366563135
cc5             1.000000e+00 -0.330816033 -0.0009115973 0.324948325
cc6             1.000000e+00 -0.272342754 -0.0020874635 0.267241238
cc7             1.000000e+00 -0.303092320 -0.0008743032 0.300300598
cc8             1.000000e+00 -0.382982516 -0.0023114510 0.368009885
cc9             1.000000e+00 -0.421665080  0.0011309897 0.402962069
cc10            1.000000e+00 -0.862672728  0.0032097961 0.837966652
cc11            1.000000e+00 -0.375099451  0.0005504602 0.331408627
1               5.130889e-01 -1.308415779  0.0000000000 1.306747887
lcentralization 2.555556e-03  0.000000000  0.0000000000 0.000000000
lwarfare        5.806333e-01 -0.041662187  0.0000000000 0.041180894
larea           1.000000e+00  0.901467234  0.9997126637 1.093431319
lpopulation     1.135778e-01 -0.055598227  0.0000000000 0.068408047
ldepend15       6.666667e-05  0.000000000  0.0000000000 0.000000000
ldepend64       2.444444e-04  0.000000000  0.0000000000 0.000000000
lurban          1.044222e-01 -0.004449326  0.0000000000 0.004399813
lpop_growth     6.322222e-02 -0.003913792  0.0000000000 0.011621011
ltrade          2.322222e-03  0.000000000  0.0000000000 0.000000000
lgini_gross     2.388889e-03  0.000000000  0.0000000000 0.000000000
ldebt           1.888889e-03  0.000000000  0.0000000000 0.000000000
lfdi_liab       1.111111e-05  0.000000000  0.0000000000 0.000000000
linflation      5.888889e-04  0.000000000  0.0000000000 0.000000000
ldemocracy      8.000000e-04  0.000000000  0.0000000000 0.000000000
lpol_comp       8.111111e-04  0.000000000  0.0000000000 0.000000000
lpresidential   1.111111e-05  0.000000000  0.0000000000 0.000000000
lplurality      1.111111e-05  0.000000000  0.0000000000 0.000000000
lpol_rights     3.455556e-02  0.000000000  0.0000000000 0.000000000
lgdp_pc         0.000000e+00  0.000000000  0.0000000000 0.000000000
                         Mean           SD      CondMean      CondSD
per03            1.144238e-03 7.975840e-02  1.029841e-03 0.079758403
per04            1.399734e-03 8.331663e-02  2.046910e-03 0.083316626
per05            1.098231e-03 8.305820e-02  3.334789e-03 0.083058196
per06            1.098300e-03 8.221947e-02  2.143990e-03 0.082219469
per07            4.474366e-03 9.359361e-02  4.216059e-03 0.093593606
per08            5.821720e-03 9.406798e-02  6.356122e-03 0.094067977
cc2             -8.190871e-03 2.308461e-01 -1.291772e-03 0.230846125
cc3             -5.081870e-03 1.756055e-01 -1.100062e-03 0.175605509
cc4             -7.048371e-03 1.848509e-01 -7.109284e-04 0.184850927
cc5             -5.501314e-03 1.565930e-01 -1.874372e-03 0.156592995
cc6             -1.313828e-03 1.360712e-01 -1.036733e-03 0.136071153
cc7             -4.540772e-03 1.400968e-01 -1.253770e-03 0.140096837
cc8             -6.111569e-03 1.911149e-01 -2.982513e-03 0.191114891
cc9             -9.186704e-03 1.978361e-01 -2.224673e-03 0.197836140
cc10            -1.198720e-02 3.864292e-01  4.660270e-04 0.386429195
cc11            -5.691512e-03 1.729141e-01 -1.629016e-03 0.172914070
1                1.575019e-02 5.597927e-01  8.884255e-03 0.784687275
lcentralization  1.785233e-06 1.242471e-04 -4.301925e-05 0.002927889
lwarfare         2.779277e-04 1.870477e-02 -9.975584e-05 0.024299641
larea            9.979242e-01 4.268137e-02  9.993830e-01 0.042681370
lpopulation      8.325038e-04 2.750563e-02  1.257449e-03 0.080534516
ldepend15        4.458308e-07 1.764685e-04  1.247821e-02          NA
ldepend64        1.440416e-06 0.000000e+00           NaN          NA
lurban           3.124824e-06 2.007346e-03 -9.126963e-05 0.006187692
lpop_growth      2.015182e-05 8.455153e-03  2.910545e-03 0.033780950
ltrade          -3.644394e-07 8.037598e-05 -1.524923e-04 0.001789967
lgini_gross      1.219646e-06 2.950310e-04  1.832068e-03 0.005465066
ldebt           -7.978591e-08 5.170684e-05 -4.490317e-04 0.001201765
lfdi_liab        3.750246e-07 0.000000e+00           NaN          NA
linflation      -2.925996e-07 7.725736e-05 -1.406932e-03 0.001896050
ldemocracy       3.403613e-07 1.237125e-03  7.351936e-03 0.038280404
lpol_comp       -2.001232e-06 3.097131e-03 -2.090452e-02 0.086503188
lpresidential    2.780715e-07 0.000000e+00           NaN          NA
lplurality      -1.389692e-06 0.000000e+00           NaN          NA
lpol_rights      1.896561e-05 4.610584e-03  1.430234e-03 0.025572895
lgdp_pc          0.000000e+00 0.000000e+00           NaN          NA

[[4]]
                        Prob          Low         Med            Up
per03           1.0000000000 -0.076673671  0.22300596  5.192984e-01
per04           1.0000000000  0.052553875  0.40793115  7.851892e-01
per05           1.0000000000  0.101356399  0.48692257  8.960651e-01
per06           1.0000000000 -0.295009668  0.24879723  7.247781e-01
per07           1.0000000000 -0.390168736  0.17784609  7.108077e-01
per08           1.0000000000 -0.572882626  0.05318728  6.320191e-01
cc2             1.0000000000 -2.827008378 -2.02541834 -1.131801e+00
cc3             1.0000000000  1.745575829  3.20356093  4.663669e+00
cc4             1.0000000000  2.230634513  2.95335424  3.871915e+00
cc5             1.0000000000 -1.231237747 -0.40444145  2.979885e-01
cc6             1.0000000000 -0.439883008  0.49920825  1.497820e+00
cc7             1.0000000000 -1.976451757 -1.40458017 -3.401113e-01
cc8             1.0000000000 -1.180377219 -0.09713922  9.845623e-01
cc9             1.0000000000  0.120811077  1.06978696  2.010984e+00
cc10            1.0000000000 -3.182239164 -2.36342299 -5.570666e-01
cc11            1.0000000000  1.234363087  2.49349778  3.341763e+00
1               0.9914777778  0.944559863  3.65565683  5.805466e+00
lcentralization 0.6749111111  0.000000000  0.02111038  3.438005e-02
lwarfare        0.0901000000 -0.083752343  0.00000000  0.000000e+00
larea           0.0004333333  0.000000000  0.00000000  0.000000e+00
lpopulation     0.0132777778  0.000000000  0.00000000  0.000000e+00
ldepend15       0.9999888889  0.049372281  0.07120175  9.507567e-02
ldepend64       0.0064888889  0.000000000  0.00000000  0.000000e+00
lurban          0.9971555556  0.003777572  0.03384488  5.266973e-02
lpop_growth     0.1041444444 -0.050807220  0.00000000  4.138543e-02
ltrade          0.0459111111  0.000000000  0.00000000  4.619844e-06
lgini_gross     0.0076222222  0.000000000  0.00000000  0.000000e+00
ldebt           0.0047444444  0.000000000  0.00000000  0.000000e+00
lfdi_liab       0.9979111111  0.332214374  0.51515580  7.156878e-01
linflation      0.0039777778  0.000000000  0.00000000  0.000000e+00
ldemocracy      0.5205000000 -0.001575505  0.00000000  1.382933e-01
lpol_comp       0.0039222222  0.000000000  0.00000000  0.000000e+00
lpresidential   0.4951000000 -0.740482748  0.00000000  3.221921e-01
lplurality      0.5274333333 -0.816289322  0.00000000  1.723084e+00
lpol_rights     0.4223333333  0.000000000  0.00000000  4.452292e-01
lgdp_pc         0.0000000000  0.000000000  0.00000000  0.000000e+00
                         Mean           SD     CondMean      CondSD
per03            2.232399e-01 0.1524364720  0.222817776 0.152436472
per04            4.098745e-01 0.1826228432  0.409837237 0.182622843
per05            4.841247e-01 0.2003355898  0.487214321 0.200335590
per06            2.382345e-01 0.2587242554  0.239545841 0.258724255
per07            1.737077e-01 0.2854905481  0.174250617 0.285490548
per08            4.752288e-02 0.3103217047  0.048519389 0.310321705
cc2             -2.010424e+00 0.4287537474 -2.008532559 0.428753747
cc3              3.207274e+00 0.7336562604  3.209152215 0.733656260
cc4              2.980999e+00 0.4943913887  2.982259720 0.494391389
cc5             -4.233232e-01 0.3875040799 -0.423174892 0.387504080
cc6              5.011385e-01 0.5023806648  0.504316177 0.502380665
cc7             -1.268235e+00 0.4787072853 -1.265332912 0.478707285
cc8             -1.062407e-01 0.5385862132 -0.104710267 0.538586213
cc9              1.072977e+00 0.4717678337  1.070863920 0.471767834
cc10            -2.108225e+00 0.7802737862 -2.103672002 0.780273786
cc11             2.442863e+00 0.5496110696  2.438440881 0.549611070
1                3.623251e+00 1.2163358115  3.645081847 1.171882232
lcentralization  1.653515e-02 0.0123632718  0.024486690 0.005606626
lwarfare        -4.218507e-03 0.0216264493 -0.049253533 0.055857346
larea            1.823530e-04 0.0077221067  0.546035398          NA
lpopulation      1.037461e-02 0.0947317821  0.785595330 0.122527867
ldepend15        7.134428e-02 0.0119317273  0.071274868 0.011931727
ldepend64        4.680837e-05 0.0037603592 -0.002849078 0.042476320
lurban           3.211209e-02 0.0127858964  0.032190738 0.012641823
lpop_growth     -3.370850e-04 0.0226190420 -0.000417848 0.070063202
ltrade           3.025137e-05 0.0005175205  0.000644835 0.002482412
lgini_gross      3.324070e-05 0.0010865311  0.005892300 0.011539592
ldebt           -7.164445e-06 0.0002973088 -0.002676131 0.002805862
lfdi_liab        5.179725e-01 0.1020897391  0.518913079 0.099261194
linflation       1.745793e-05 0.0003598092  0.003370899 0.003627038
ldemocracy       3.480032e-02 0.0475182197  0.066833852 0.046909902
lpol_comp        1.344059e-03 0.0244045780  0.377201578 0.125665931
lpresidential   -1.018543e-01 0.2512251652 -0.207679059 0.324715396
lplurality       2.279649e-01 0.5945979099  0.444289537 0.760983564
lpol_rights      1.003174e-01 0.1488675328  0.239348001 0.139825907
lgdp_pc          0.000000e+00 0.0000000000          NaN          NA

[[5]]
                       Prob         Low         Med         Up          Mean
per03           1.000000000 -1.13507443 -0.12153986  0.9494909 -1.106891e-01
per04           1.000000000 -1.24689972 -0.15608921  0.9535222 -1.498767e-01
per05           1.000000000 -0.45958730  0.64213141  1.7570667  6.371411e-01
per06           1.000000000 -0.04115450  0.99732259  2.0513401  9.939505e-01
per07           1.000000000 -0.44515247  0.70224575  1.8243594  7.082112e-01
per08           1.000000000 -1.08223819  0.13470216  1.3551468  1.460080e-01
cc2             1.000000000  0.99738208  2.48371874  3.9511648  2.487291e+00
cc3             1.000000000 -2.51237735 -1.09678308  0.4308743 -1.078672e+00
cc4             1.000000000 -1.34995013  0.03483994  1.3748147  4.324323e-02
cc5             1.000000000 -1.60677556 -0.26751946  1.0201932 -2.742932e-01
cc6             1.000000000 -2.91804108 -1.37120669  0.2049884 -1.349732e+00
cc7             1.000000000 -1.05284473  0.21001250  1.4446907  2.110892e-01
cc8             1.000000000  0.12880287  1.73772872  3.3930294  1.733765e+00
cc9             1.000000000 -0.38282159  1.21956016  2.7539464  1.215016e+00
cc10            1.000000000 -2.53073192 -0.78783148  0.9589631 -7.989289e-01
cc11            1.000000000 -4.40786835 -2.97501989 -1.5439650 -2.982111e+00
1               0.617855556 -1.54132106  0.00000000  1.8542756  7.545465e-02
lcentralization 0.018900000  0.00000000  0.00000000  0.0000000  1.310883e-04
lwarfare        0.313600000 -0.05636934  0.00000000  0.4604691  6.322756e-02
larea           0.004744444  0.00000000  0.00000000  0.0000000 -1.581725e-04
lpopulation     0.020033333  0.00000000  0.00000000  0.0000000 -1.717873e-03
ldepend15       1.000000000  0.80678818  0.86149755  0.9035734  8.593884e-01
ldepend64       0.934177778 -0.04037143  0.14650960  0.3194155  1.422947e-01
lurban          0.975366667 -0.06979943 -0.03923311  0.0000000 -3.855984e-02
lpop_growth     0.999788889  1.00308075  1.53236216  2.0659808  1.535898e+00
ltrade          0.010455556  0.00000000  0.00000000  0.0000000 -2.295101e-05
lgini_gross     0.439411111  0.00000000  0.00000000  0.1282649  3.135927e-02
ldebt           0.004633333  0.00000000  0.00000000  0.0000000 -1.038812e-05
lfdi_liab       0.026055556  0.00000000  0.00000000  0.0000000  2.052759e-03
linflation      0.010733333  0.00000000  0.00000000  0.0000000  1.340487e-04
ldemocracy      0.021788889  0.00000000  0.00000000  0.0000000  1.008019e-03
lpol_comp       0.022277778  0.00000000  0.00000000  0.0000000  3.068454e-04
lpresidential   0.680533333 -1.71178363 -0.11537335  0.6798647 -3.716326e-01
lplurality      0.040877778  0.00000000  0.00000000  0.4020169  2.893395e-02
lpol_rights     0.439655556 -0.57567337  0.00000000  0.1277637 -1.019472e-01
lgdp_pc         0.000000000  0.00000000  0.00000000  0.0000000  0.000000e+00
                          SD     CondMean      CondSD
per03           0.5301094167 -0.113152317 0.530109417
per04           0.5568364955 -0.154919838 0.556836496
per05           0.5618218888  0.640647364 0.561821889
per06           0.5385515635  0.995156943 0.538551564
per07           0.5778599246  0.703100468 0.577859925
per08           0.6264860338  0.138075230 0.626486034
cc2             0.7458744715  2.471188392 0.745874472
cc3             0.7468359500 -1.087514248 0.746835950
cc4             0.6942823226  0.033258424 0.694282323
cc5             0.6687043854 -0.273294624 0.668704385
cc6             0.7928705311 -1.359105770 0.792870531
cc7             0.6271873210  0.211974641 0.627187321
cc8             0.8327618305  1.742392417 0.832761831
cc9             0.7979384604  1.207737832 0.797938460
cc10            0.8827406989 -0.792540103 0.882740699
cc11            0.7373283404 -2.980511964 0.737328340
1               0.7619013010  0.137944650 0.967197106
lcentralization 0.0028840545  0.006104080 0.019792908
lwarfare        0.1386221745  0.200195958 0.184974298
larea           0.0067426486 -0.025590739 0.095923264
lpopulation     0.0211061958 -0.070633396 0.138766225
ldepend15       0.0246497127  0.859209127 0.024649713
ldepend64       0.0973296173  0.152301260 0.092770813
lurban          0.0172221972 -0.039487867 0.016254930
lpop_growth     0.2736936546  1.534090138 0.272023228
ltrade          0.0006459718 -0.002481393 0.006101962
lgini_gross     0.0426933866  0.070777626 0.036577511
ldebt           0.0006285349 -0.004160677 0.007815712
lfdi_liab       0.0285736453  0.080402671 0.167138971
linflation      0.0017029854  0.012856906 0.008021904
ldemocracy      0.0125603484  0.049485928 0.065796139
lpol_comp       0.0198465476  0.024925942 0.128490715
lpresidential   0.6178146345 -0.526459197 0.687098646
lplurality      0.2242971691  0.665031158 0.885040832
lpol_rights     0.1860271820 -0.228008210 0.224203268
lgdp_pc         0.0000000000          NaN          NA

[[6]]
                       Prob         Low          Med         Up          Mean
per03           1.000000000 -0.54481500 -0.166370529 0.21728806 -1.611226e-01
per04           1.000000000 -0.81597572 -0.359640992 0.07885029 -3.618281e-01
per05           1.000000000 -0.43893142  0.097085189 0.59500949  9.491646e-02
per06           1.000000000 -0.62960759 -0.022462562 0.54278256 -3.189280e-02
per07           1.000000000 -0.92427571 -0.218610877 0.41744221 -2.219493e-01
per08           1.000000000 -1.01297973 -0.264950217 0.44355902 -2.698533e-01
cc2             1.000000000 -1.12719769 -0.082410742 0.99578427 -7.415376e-02
cc3             1.000000000 -1.46139801  0.037998100 1.56126021  3.399273e-02
cc4             1.000000000 -0.43883866  0.962821363 2.25721579  9.627206e-01
cc5             1.000000000 -1.09422970 -0.240688652 0.58318323 -2.407664e-01
cc6             1.000000000 -1.41863695 -0.221257068 1.05523709 -2.101201e-01
cc7             1.000000000 -1.47976013 -0.554860554 0.26442612 -5.871209e-01
cc8             1.000000000 -0.69614057  0.674211910 2.04741705  6.658657e-01
cc9             1.000000000 -1.03680699 -0.048741057 0.90044749 -4.494709e-02
cc10            1.000000000 -1.52970350  0.310237683 2.11996969  3.007943e-01
cc11            1.000000000 -0.84925744  0.274748142 1.31424917  2.695514e-01
1               0.569555556 -1.69756306  0.000000000 1.60814168 -4.828052e-02
lcentralization 0.066288889 -0.02173114  0.000000000 0.00000000 -1.249975e-03
lwarfare        0.465588889 -0.14371040  0.000000000 0.05194660 -2.195996e-02
larea           0.648466667 -0.50929885 -0.191848471 0.00000000 -1.868356e-01
lpopulation     0.980422222 -0.30802340 -0.005503648 0.34406009 -1.272515e-03
ldepend15       0.000700000  0.00000000  0.000000000 0.00000000 -7.355036e-06
ldepend64       1.000000000  0.94384352  1.075107044 1.18833302  1.073183e+00
lurban          0.916277778 -0.03186393 -0.008975205 0.01038232 -9.513597e-03
lpop_growth     0.293433333 -0.19580416  0.000000000 0.02484920 -2.390271e-02
ltrade          0.005411111  0.00000000  0.000000000 0.00000000  6.598939e-06
lgini_gross     0.614944444 -0.03950175  0.000000000 0.01429932 -7.369065e-03
ldebt           0.635455556  0.00000000  0.004145699 0.01428382  4.648758e-03
lfdi_liab       0.692744444  0.00000000  0.156997188 0.42668689  1.509735e-01
linflation      0.808055556 -0.01043473  0.000000000 0.01148901 -8.115501e-05
ldemocracy      0.944211111 -0.30207739 -0.157014374 0.00000000 -1.517760e-01
lpol_comp       0.950644444  0.00000000  0.407361514 0.74170496  3.951659e-01
lpresidential   0.033044444  0.00000000  0.000000000 0.00000000 -6.270630e-03
lplurality      0.898911111 -1.46549600 -0.008859131 1.28349921 -1.116848e-01
lpol_rights     0.356633333 -0.20925269  0.000000000 0.27195973  7.146486e-03
lgdp_pc         0.000000000  0.00000000  0.000000000 0.00000000  0.000000e+00
                          SD      CondMean      CondSD
per03           0.1915865648 -1.641378e-01 0.191586565
per04           0.2312117984 -3.612097e-01 0.231211798
per05           0.2661233798  9.183822e-02 0.266123380
per06           0.3066125187 -3.487500e-02 0.306612519
per07           0.3473702140 -2.267465e-01 0.347370214
per08           0.3774341029 -2.719198e-01 0.377434103
cc2             0.5419596222 -8.286672e-02 0.541959622
cc3             0.7645923385  4.027825e-02 0.764592338
cc4             0.7424898269  9.658638e-01 0.742489827
cc5             0.4325243018 -2.451432e-01 0.432524302
cc6             0.6301736099 -2.124655e-01 0.630173610
cc7             0.4672965262 -5.841692e-01 0.467296526
cc8             0.7094980152  6.692927e-01 0.709498015
cc9             0.4926410764 -4.830549e-02 0.492641076
cc10            0.9443218911  3.041473e-01 0.944321891
cc11            0.5607658117  2.622846e-01 0.560765812
1               0.7282648906 -7.687573e-02 0.961511971
lcentralization 0.0053797727 -1.891310e-02 0.010106420
lwarfare        0.0477177512 -4.625514e-02 0.061341904
larea           0.1718135013 -2.875472e-01 0.128264388
lpopulation     0.1751392192 -3.772446e-03 0.176664746
ldepend15       0.0004126667 -1.240811e-02 0.013958730
ldepend64       0.0644322133  1.073055e+00 0.064432213
lurban          0.0108499534 -1.051741e-02 0.010918500
lpop_growth     0.0574439051 -8.301170e-02 0.081076252
ltrade          0.0003232828  1.857792e-03 0.003886537
lgini_gross     0.0133771943 -1.189925e-02 0.015408278
ldebt           0.0047426779  7.375096e-03 0.003945583
lfdi_liab       0.1371958091  2.202212e-01 0.110665076
linflation      0.0052450674 -3.210954e-05 0.005856244
ldemocracy      0.0801762736 -1.614874e-01 0.072852526
lpol_comp       0.1861339157  4.181632e-01 0.166507710
lpresidential   0.0754814150 -2.263065e-01 0.375685423
lplurality      0.6875395102 -1.149101e-01 0.723984281
lpol_rights     0.0967698747  2.586232e-02 0.159666125
lgdp_pc         0.0000000000           NaN          NA

[[7]]
                       Prob          Low         Med          Up          Mean
per03           1.000000000 -1.190100556 -0.53401128  0.12945616 -5.306890e-01
per04           1.000000000 -0.623790887  0.11632266  0.84411752  1.129298e-01
per05           1.000000000 -0.335795859  0.39526633  1.14055143  3.958726e-01
per06           1.000000000 -0.706055426  0.10928788  0.97665337  1.175080e-01
per07           1.000000000 -0.629384685  0.22913064  1.11528504  2.516616e-01
per08           1.000000000  0.267743908  1.11812041  2.00296441  1.137779e+00
cc2             1.000000000 -0.114649153  1.22277143  2.56621759  1.225702e+00
cc3             1.000000000 -1.128335142  0.48150296  2.03119105  4.679267e-01
cc4             1.000000000 -0.205850171  1.10459975  2.28985403  1.094796e+00
cc5             1.000000000  1.934576549  2.89425153  3.84288222  2.887573e+00
cc6             1.000000000  1.140098658  2.44461542  3.67925861  2.423724e+00
cc7             1.000000000 -0.370855554  1.09925353  2.25786398  1.029975e+00
cc8             1.000000000 -3.441675578 -2.03228757 -0.60451105 -2.035913e+00
cc9             1.000000000 -1.816379789 -0.72823578  0.30558018 -7.278875e-01
cc10            1.000000000 -3.516647435 -1.60242585  0.08753403 -1.637589e+00
cc11            1.000000000 -1.717982441 -0.39400074  0.88425304 -3.947617e-01
1               0.599611111 -1.422649407  0.00000000  1.95955680  1.615228e-01
lcentralization 0.726544444 -0.067229852 -0.03731426  0.00000000 -3.152649e-02
lwarfare        0.009122222  0.000000000  0.00000000  0.00000000 -3.468260e-04
larea           0.218733333 -0.182081998  0.00000000  0.31123991  1.347700e-02
lpopulation     0.956800000 -0.195288466  0.17503863  0.46857501  1.651728e-01
ldepend15       0.897433333 -0.013622370  0.01988230  0.05983714  2.030521e-02
ldepend64       0.012033333  0.000000000  0.00000000  0.00000000  1.328604e-03
lurban          1.000000000  0.969400704  0.99729923  1.02590096  9.972949e-01
lpop_growth     0.446322222 -0.099285728  0.00000000  0.40262586  6.896878e-02
ltrade          0.041544444 -0.004770627  0.00000000  0.00000000 -2.242229e-04
lgini_gross     0.101566667 -0.023397150  0.00000000  0.01796173 -1.954088e-04
ldebt           0.006100000  0.000000000  0.00000000  0.00000000  8.210096e-05
lfdi_liab       0.008722222  0.000000000  0.00000000  0.00000000 -1.880051e-03
linflation      0.998455556 -0.053636928 -0.03813897 -0.02140443 -3.793976e-02
ldemocracy      0.970133333 -0.258958138 -0.11980864  0.02221998 -1.207224e-01
lpol_comp       0.004844444  0.000000000  0.00000000  0.00000000  1.720581e-03
lpresidential   0.065222222  0.000000000  0.00000000  0.35160037  1.135481e-02
lplurality      0.941611111 -1.704314156 -0.12212650  1.31658270 -1.784390e-01
lpol_rights     0.775233333  0.000000000  0.40270472  0.93189975  3.805668e-01
lgdp_pc         0.000000000  0.000000000  0.00000000  0.00000000  0.000000e+00
                         SD     CondMean      CondSD
per03           0.340249890 -0.534925427 0.340249890
per04           0.378365087  0.115093740 0.378365087
per05           0.382303207  0.397742337 0.382303207
per06           0.427430844  0.116635094 0.427430844
per07           0.446693586  0.243848318 0.446693586
per08           0.449010262  1.132643318 0.449010262
cc2             0.690115472  1.216404378 0.690115472
cc3             0.795463673  0.473054056 0.795463673
cc4             0.632251271  1.087992063 0.632251271
cc5             0.486446636  2.889290200 0.486446636
cc6             0.652870025  2.419888737 0.652870025
cc7             0.703985905  1.029821721 0.703985905
cc8             0.719021025 -2.032440479 0.719021025
cc9             0.534181265 -0.736644560 0.534181265
cc10            0.925607026 -1.646533537 0.925607026
cc11            0.662745331 -0.395155914 0.662745331
1               0.769621144  0.256683651 0.988952217
lcentralization 0.022246447 -0.043369284 0.012900362
lwarfare        0.013062536 -0.043875977 0.125795224
larea           0.096082773  0.058927482 0.198958114
lpopulation     0.162174677  0.173615063 0.161801908
ldepend15       0.019449495  0.022952112 0.019166273
ldepend64       0.014290639  0.109132584 0.073055297
lurban          0.014551037  0.997494032 0.014551037
lpop_growth     0.130870987  0.156026280 0.158727147
ltrade          0.001474750 -0.005477736 0.004735128
lgini_gross     0.009162392 -0.002185686 0.028251205
ldebt           0.001140849  0.014089528 0.005287583
lfdi_liab       0.031592843 -0.223356661 0.201227650
linflation      0.008273070 -0.038058230 0.008155455
ldemocracy      0.079828171 -0.124422450 0.078124262
lpol_comp       0.028064234  0.294276584 0.248973232
lpresidential   0.154767124  0.195154093 0.562659259
lplurality      0.756851580 -0.186220797 0.780171648
lpol_rights     0.295827311  0.490071359 0.242798523
lgdp_pc         0.000000000          NaN          NA

[[8]]
                        Prob          Low         Med           Up
per03           1.000000e+00 -0.659830637 -0.14235282 0.3656676747
per04           1.000000e+00 -0.775424666 -0.21484906 0.3428162809
per05           1.000000e+00 -0.382765822  0.20234308 0.7810427410
per06           1.000000e+00 -0.756269296 -0.19958654 0.3508239304
per07           1.000000e+00 -0.959953672 -0.34804218 0.2540272289
per08           1.000000e+00 -0.530801275  0.11197884 0.7340231985
cc2             1.000000e+00 -1.418935962 -0.54007120 0.3551489556
cc3             1.000000e+00 -1.300925552 -0.09200196 1.3669394073
cc4             1.000000e+00 -1.497843218 -0.72973528 0.0408348062
cc5             1.000000e+00  0.459350184  1.27788711 2.0436073972
cc6             1.000000e+00 -0.821606032  0.04260881 0.9276004788
cc7             1.000000e+00 -0.818547057 -0.22066365 0.3663921542
cc8             1.000000e+00  0.128795239  1.09502580 2.0056850734
cc9             1.000000e+00 -0.929767147  0.23083344 1.2331731681
cc10            1.000000e+00 -0.380083964  0.66628016 1.8614499388
cc11            1.000000e+00 -0.578707444  0.15195605 0.8647253106
1               6.997111e-01 -0.774934719  0.41066408 1.9337622491
lcentralization 4.282222e-02  0.000000000  0.00000000 0.0130900711
lwarfare        4.176889e-01  0.000000000  0.00000000 0.2795261649
larea           3.775222e-01 -0.062402335  0.00000000 0.1073253792
lpopulation     8.888889e-05  0.000000000  0.00000000 0.0000000000
ldepend15       4.444444e-05  0.000000000  0.00000000 0.0000000000
ldepend64       1.990000e-02  0.000000000  0.00000000 0.0000000000
lurban          1.830000e-02  0.000000000  0.00000000 0.0000000000
lpop_growth     1.783333e-01 -0.049012564  0.00000000 0.2184321003
ltrade          4.200000e-03  0.000000000  0.00000000 0.0000000000
lgini_gross     8.754444e-02  0.000000000  0.00000000 0.0468723457
ldebt           6.124444e-02 -0.000983785  0.00000000 0.0005705139
lfdi_liab       1.466667e-03  0.000000000  0.00000000 0.0000000000
linflation      2.366667e-03  0.000000000  0.00000000 0.0000000000
ldemocracy      4.322222e-03  0.000000000  0.00000000 0.0000000000
lpol_comp       5.844444e-03  0.000000000  0.00000000 0.0000000000
lpresidential   5.234889e-01 -0.736607790  0.00000000 0.8204952667
lplurality      5.599222e-01 -0.603229345  0.00000000 1.6104599432
lpol_rights     6.162667e-01  0.000000000  0.11537229 0.3492854771
lgdp_pc         0.000000e+00  0.000000000  0.00000000 0.0000000000
                         Mean           SD      CondMean      CondSD
per03           -1.425312e-01 0.2643479108 -0.1406212106 0.264347911
per04           -2.134572e-01 0.2837409658 -0.2125838663 0.283740966
per05            2.016549e-01 0.2909799696  0.1996596821 0.290979970
per06           -1.964008e-01 0.2794032830 -0.1999364772 0.279403283
per07           -3.435513e-01 0.3075836862 -0.3475286370 0.307583686
per08            1.080477e-01 0.3216341545  0.1080905209 0.321634155
cc2             -5.280895e-01 0.4488775736 -0.5298672824 0.448877574
cc3             -5.295190e-02 0.6905226499 -0.0605094733 0.690522650
cc4             -7.286905e-01 0.3888055045 -0.7269197073 0.388805505
cc5              1.274239e+00 0.4060035715  1.2736893705 0.406003572
cc6              4.889761e-02 0.4457711722  0.0480932805 0.445771172
cc7             -2.185236e-01 0.3024873490 -0.2220662008 0.302487349
cc8              1.077375e+00 0.4721238533  1.0840156963 0.472123853
cc9              2.084799e-01 0.5663813411  0.2106582828 0.566381341
cc10             6.757829e-01 0.5743018690  0.6830815430 0.574301869
cc11             1.504238e-01 0.3710432912  0.1504304302 0.371043291
1                5.552473e-01 0.7213484365  0.7778376141 0.750057042
lcentralization  5.751065e-04 0.0032359672  0.0144400677 0.006971653
lwarfare         6.604887e-02 0.0929401864  0.1565811526 0.080247665
larea            9.284665e-03 0.0390106989  0.0277322579 0.059687726
lpopulation      4.475734e-06 0.0014103746  0.0669895011 0.031180073
ldepend15        9.307729e-08 0.0000000000           NaN          NA
ldepend64       -4.562298e-04 0.0082141507 -0.0261565729 0.050665286
lurban          -1.372101e-04 0.0014915124 -0.0057817347 0.009228457
lpop_growth      1.567259e-02 0.0617602636  0.0858702376 0.123654757
ltrade           6.810461e-06 0.0002092511  0.0009514106 0.002860434
lgini_gross      3.404348e-03 0.0121523212  0.0397894287 0.015882026
ldebt           -1.052728e-05 0.0009663331 -0.0001646825 0.003804162
lfdi_liab        2.817495e-05 0.0042266423  0.0936353867 0.085746458
linflation      -2.078424e-05 0.0003944753 -0.0088288156 0.004710351
ldemocracy      -1.325750e-04 0.0028710761 -0.0346988537 0.038301110
lpol_comp       -3.047941e-04 0.0066832572 -0.0434085616 0.064142078
lpresidential    1.374347e-02 0.3392783667  0.0303836122 0.470610052
lplurality       3.457308e-01 0.5850641575  0.6068226753 0.672232036
lpol_rights      1.177170e-01 0.1161597390  0.1904484378 0.089323385
lgdp_pc          0.000000e+00 0.0000000000           NaN          NA

[[9]]
                       Prob          Low          Med          Up          Mean
per03           1.000000000 -2.221640470 -0.331258682 1.613272020 -3.142797e-01
per04           1.000000000 -2.223574927 -0.320291770 1.613200518 -3.182280e-01
per05           1.000000000 -1.749659916  0.174164373 2.113929088  1.898834e-01
per06           1.000000000 -1.551268509  0.371351936 2.253128644  3.840885e-01
per07           1.000000000 -1.708660326  0.228489804 2.169236155  2.196391e-01
per08           1.000000000 -2.171176872 -0.258367345 1.703058574 -2.380922e-01
cc2             1.000000000 -1.906722536  0.049813751 1.994316093  5.017363e-02
cc3             1.000000000 -2.115447556 -0.168313071 1.733557351 -1.949948e-01
cc4             1.000000000 -2.066606325 -0.156732454 1.776716917 -1.641235e-01
cc5             1.000000000 -1.607240869  0.300600875 2.204848456  3.018431e-01
cc6             1.000000000 -2.038764196  0.007349753 1.881065638 -1.481308e-02
cc7             1.000000000 -1.999677913  0.005393147 1.965542042 -2.269504e-02
cc8             1.000000000 -1.813500627  0.149888667 2.119545698  1.508540e-01
cc9             1.000000000 -1.968061455 -0.039391390 1.937943680 -3.207952e-02
cc10            1.000000000 -1.991075520 -0.004328659 1.915599035 -2.780949e-02
cc11            1.000000000 -1.889987296  0.081349502 2.023235816  7.348615e-02
1               0.893744444 -1.699602493  0.040460918 2.069061526  1.348855e-01
lcentralization 0.087277778  0.000000000  0.000000000 0.072336918  3.447740e-03
lwarfare        0.637566667 -1.337875756  0.000000000 1.179543456 -4.328514e-02
larea           0.041588889  0.000000000  0.000000000 0.087410624  7.575687e-03
lpopulation     0.194277778 -0.251771958  0.000000000 0.681841289  4.022290e-02
ldepend15       0.004322222  0.000000000  0.000000000 0.000000000  7.432967e-04
ldepend64       0.199111111 -0.743886044  0.000000000 0.123055713 -6.124996e-02
lurban          0.002055556  0.000000000  0.000000000 0.000000000  1.635021e-05
lpop_growth     0.876944444 -0.727435947  0.795932093 2.579656226  7.903437e-01
ltrade          1.000000000  0.992929007  1.038726699 1.081766673  1.038388e+00
lgini_gross     0.004700000  0.000000000  0.000000000 0.000000000  9.602100e-04
ldebt           0.085444444 -0.007729922  0.000000000 0.065869545  2.590574e-03
lfdi_liab       0.011144444  0.000000000  0.000000000 0.000000000  3.008729e-03
linflation      0.056666667 -0.016085896  0.000000000 0.001095288 -4.341749e-04
ldemocracy      0.082533333  0.000000000  0.000000000 0.565265969  2.310426e-02
lpol_comp       0.084711111 -0.529929229  0.000000000 0.131419488 -1.115558e-02
lpresidential   0.083255556 -0.592276419  0.000000000 0.301516427 -1.050182e-02
lplurality      0.008444444  0.000000000  0.000000000 0.000000000  2.008979e-03
lpol_rights     0.810788889 -0.614545334  0.661320361 2.355465020  7.148461e-01
lgdp_pc         0.000000000  0.000000000  0.000000000 0.000000000  0.000000e+00
                         SD     CondMean     CondSD
per03           0.984695754 -0.322886042 0.98469575
per04           0.984572332 -0.323929345 0.98457233
per05           0.988248295  0.164625730 0.98824830
per06           0.972684062  0.364858144 0.97268406
per07           0.994097053  0.225833188 0.99409705
per08           0.983534383 -0.251861563 0.98353438
cc2             0.983986669  0.065351170 0.98398667
cc3             0.992397536 -0.189778972 0.99239754
cc4             0.990790080 -0.154035688 0.99079008
cc5             0.979361383  0.304890528 0.97936138
cc6             1.001625846 -0.012926887 1.00162585
cc7             0.993581379 -0.009746483 0.99358138
cc8             1.001238624  0.145152716 1.00123862
cc9             0.992133064 -0.018296016 0.99213306
cc10            0.998268329 -0.003641947 0.99826833
cc11            0.995587905  0.078157940 0.99558791
1               0.937317753  0.178211070 0.99072244
lcentralization 0.025643071  0.038348988 0.08047727
lwarfare        0.568599171 -0.069693471 0.71685916
larea           0.092936661  0.177596570 0.41979803
lpopulation     0.206712716  0.194126914 0.44053607
ldepend15       0.012709113  0.173869487 0.10393639
ldepend64       0.207837291 -0.295668531 0.38757335
lurban          0.006286677  0.008677313 0.18122070
lpop_growth     0.867737694  0.932485931 0.86657163
ltrade          0.022267308  1.038284342 0.02226731
lgini_gross     0.024492407  0.232243924 0.18183715
ldebt           0.021844661  0.028679041 0.06729013
lfdi_liab       0.056198082  0.173427798 0.54020295
linflation      0.024275410 -0.007551888 0.10342788
ldemocracy      0.165943368  0.343533199 0.48770084
lpol_comp       0.214738354 -0.235763600 0.73773082
lpresidential   0.262821281 -0.130026765 0.93383507
lplurality      0.080042674  0.255516706 0.88110785
lpol_rights     0.787550701  0.871769057 0.78732765
lgdp_pc         0.000000000          NaN         NA

[[10]]
                       Prob           Low         Med         Up          Mean
per03           1.000000000 -1.369781e+00  0.15810550 1.69046713  1.530689e-01
per04           1.000000000 -1.010534e+00  0.47548077 1.96817539  4.404551e-01
per05           1.000000000 -8.265651e-01  0.73194899 2.22477015  7.171786e-01
per06           1.000000000 -1.528471e+00 -0.04507825 1.45170478 -3.850266e-02
per07           1.000000000 -2.157268e+00 -0.66914016 0.83760879 -6.638263e-01
per08           1.000000000 -1.875000e+00 -0.30417115 1.22986018 -3.152212e-01
cc2             1.000000000 -1.208815e+00  0.59404431 2.29904222  5.845625e-01
cc3             1.000000000 -2.265818e+00 -0.55918736 1.19664087 -5.562128e-01
cc4             1.000000000 -2.028341e+00 -0.25796317 1.56790656 -2.309779e-01
cc5             1.000000000 -2.080517e+00 -0.42297353 1.29267940 -3.922212e-01
cc6             1.000000000 -2.450570e+00 -0.63549557 1.18985633 -6.420031e-01
cc7             1.000000000 -2.261505e+00 -0.27768245 1.55400491 -3.013137e-01
cc8             1.000000000 -8.343938e-01  0.95222110 2.77631730  9.648250e-01
cc9             1.000000000 -1.964862e+00 -0.15680683 1.61518025 -1.302294e-01
cc10            1.000000000 -1.165960e+00  0.58720867 2.35895562  5.886005e-01
cc11            1.000000000 -2.181779e+00 -0.53784381 1.13161695 -5.231645e-01
1               0.718900000 -1.367119e+00  0.00000000 2.26320736  3.216718e-01
lcentralization 0.528866667  0.000000e+00  0.03239883 0.14105362  4.398945e-02
lwarfare        0.360611111 -7.331598e-01  0.00000000 0.07784203 -1.222247e-01
larea           0.303144444 -2.684537e-01  0.00000000 0.37145847  2.251125e-02
lpopulation     0.324811111 -6.418127e-01  0.00000000 0.37508934 -4.110559e-02
ldepend15       0.004744444  0.000000e+00  0.00000000 0.00000000  3.401242e-04
ldepend64       0.320500000  0.000000e+00  0.00000000 0.40186369  6.683271e-02
lurban          0.001033333  0.000000e+00  0.00000000 0.00000000 -9.281830e-06
lpop_growth     0.519811111 -6.296908e-01  0.00000000 1.11615429  1.288831e-01
ltrade          0.010711111  0.000000e+00  0.00000000 0.00000000  5.997180e-05
lgini_gross     1.000000000  7.549636e-01  0.91094854 1.03970443  9.074579e-01
ldebt           0.008577778  0.000000e+00  0.00000000 0.00000000  8.403314e-05
lfdi_liab       0.089688889  0.000000e+00  0.00000000 0.30767058  1.597143e-02
linflation      0.132566667 -1.876411e-06  0.00000000 0.04881380  3.265536e-03
ldemocracy      0.013188889  0.000000e+00  0.00000000 0.00000000 -1.418796e-03
lpol_comp       0.015477778  0.000000e+00  0.00000000 0.00000000 -2.948916e-03
lpresidential   0.021866667  0.000000e+00  0.00000000 0.00000000 -1.215693e-02
lplurality      0.022444444  0.000000e+00  0.00000000 0.00000000  1.457526e-02
lpol_rights     0.595255556 -1.010968e+00 -0.05475782 0.26994486 -2.342597e-01
lgdp_pc         0.000000000  0.000000e+00  0.00000000 0.00000000  0.000000e+00
                          SD     CondMean      CondSD
per03           0.7727511331  0.160938689 0.772751133
per04           0.7567894477  0.472804738 0.756789448
per05           0.7791110655  0.723268546 0.779111066
per06           0.7521638974 -0.040227769 0.752163897
per07           0.7737938904 -0.670128379 0.773793890
per08           0.7911571347 -0.317551841 0.791157135
cc2             0.9004074610  0.578379993 0.900407461
cc3             0.8968082529 -0.553169076 0.896808253
cc4             0.9204344805 -0.245939432 0.920434480
cc5             0.8501646181 -0.416040543 0.850164618
cc6             0.9201332619 -0.631696381 0.920133262
cc7             0.9673027362 -0.308027762 0.967302736
cc8             0.9402490545  0.960257748 0.940249054
cc9             0.9222813239 -0.158134128 0.922281324
cc10            0.8976014690  0.583570368 0.897601469
cc11            0.8453673144 -0.538369042 0.845367314
1               0.8755949786  0.444877214 1.001931590
lcentralization 0.0475005534  0.082511514 0.032556360
lwarfare        0.2314904244 -0.335675056 0.271354820
larea           0.1418720212  0.078601635 0.248701197
lpopulation     0.2175298651 -0.127987489 0.367816746
ldepend15       0.0049888623  0.060567658 0.034371704
ldepend64       0.1238909811  0.205854005 0.138469740
lurban          0.0009933472 -0.027660833 0.036322984
lpop_growth     0.3988137397  0.257464167 0.523941406
ltrade          0.0010596769  0.005870357 0.008802118
lgini_gross     0.0773856856  0.908160682 0.077385686
ldebt           0.0017616674  0.010977214 0.013734249
lfdi_liab       0.0897867566  0.175110373 0.247026495
linflation      0.0126455632  0.024060997 0.026194793
ldemocracy      0.0224155542 -0.082012172 0.167827364
lpol_comp       0.0427608947 -0.182422291 0.295084852
lpresidential   0.1481284678 -0.574643986 0.896507608
lplurality      0.1810270723  0.721478431 0.849322570
lpol_rights     0.3426253943 -0.384659660 0.367490955
lgdp_pc         0.0000000000          NaN          NA

[[11]]
                      Prob          Low         Med         Up         Mean
per03           1.00000000 -1.616736753  0.24432262 2.12998629  0.242480170
per04           1.00000000 -1.471764642  0.46075495 2.31834381  0.426960597
per05           1.00000000 -2.439485774 -0.46417039 1.43433176 -0.467584001
per06           1.00000000 -2.032303638 -0.17509137 1.73114931 -0.176577754
per07           1.00000000 -1.848815088  0.09310734 1.94383444  0.087545049
per08           1.00000000 -2.082582922 -0.18025880 1.79165224 -0.159827502
cc2             1.00000000 -1.872696356  0.06815303 1.99889746  0.067027800
cc3             1.00000000 -2.060733630 -0.13479331 1.84486349 -0.107832253
cc4             1.00000000 -1.474020031  0.48962273 2.48455097  0.498009285
cc5             1.00000000 -2.032844505 -0.10742481 1.90481681 -0.128912567
cc6             1.00000000 -1.985071358 -0.07256556 1.89876876 -0.057659245
cc7             1.00000000 -2.205289555 -0.23788410 1.71993361 -0.210733617
cc8             1.00000000 -1.937292039  0.04150706 1.97203492  0.044836155
cc9             1.00000000 -1.999812094 -0.06948958 1.89234109 -0.031454535
cc10            1.00000000 -1.744346612  0.20794054 2.14705985  0.205429549
cc11            1.00000000 -2.066918238 -0.14838521 1.74230611 -0.137917917
1               0.88221111 -1.846619373  0.00000000 1.94984123  0.015553266
lcentralization 0.20694444 -0.032157960  0.00000000 0.25983261  0.023522469
lwarfare        0.65281111 -1.429643548  0.00000000 1.28884306 -0.044584850
larea           0.05756667 -0.679873862  0.00000000 0.00000000 -0.034259916
lpopulation     0.05350000 -0.118396302  0.00000000 0.00000000 -0.004898635
ldepend15       0.44444444 -0.257042711  0.00000000 0.36234149  0.028321926
ldepend64       0.47815556  0.000000000  0.00000000 2.05052391  0.543398509
lurban          0.38885556 -0.165755052  0.00000000 0.17008679  0.002962065
lpop_growth     0.82842222 -2.323912705 -0.30400862 1.23345075 -0.466485238
ltrade          0.09274444  0.000000000  0.00000000 0.05543111  0.002596605
lgini_gross     0.90033333 -0.332538481  0.20655567 0.64822146  0.190780779
ldebt           1.00000000  0.678873036  0.83350943 0.97751844  0.833821127
lfdi_liab       0.21043333 -1.325426987  0.00000000 0.57335998 -0.083641849
linflation      0.79586667 -0.006252935  0.17708885 0.41836581  0.168518630
ldemocracy      0.71404444 -1.348210349 -0.13845263 0.57465218 -0.284242884
lpol_comp       0.75835556 -2.497763092 -0.45192962 0.82848476 -0.634167112
lpresidential   0.68907778 -1.894426646  0.00000000 1.71812018 -0.040138605
lplurality      0.69267778 -1.672712771  0.00000000 1.84065204  0.086196595
lpol_rights     0.73704444 -1.876936243  0.00000000 1.49063244 -0.139376953
lgdp_pc         0.00000000  0.000000000  0.00000000 0.00000000  0.000000000
                        SD     CondMean     CondSD
per03           0.96027690  0.233488102 0.96027690
per04           0.96193813  0.442676191 0.96193813
per05           0.97367164 -0.477567841 0.97367164
per06           0.98193016 -0.162505903 0.98193016
per07           0.97669855  0.078848608 0.97669855
per08           0.99133247 -0.157768133 0.99133247
cc2             0.99487162  0.069106575 0.99487162
cc3             0.98347049 -0.124806585 0.98347049
cc4             1.01250492  0.503275280 1.01250492
cc5             0.98341393 -0.104655679 0.98341393
cc6             0.98429451 -0.066042084 0.98429451
cc7             0.98738370 -0.230708611 0.98738370
cc8             0.98978587  0.043730917 0.98978587
cc9             0.98504974 -0.073792628 0.98504974
cc10            1.00308067  0.206870325 1.00308067
cc11            0.98454824 -0.150236201 0.98454824
1               0.93915149  0.024028987 0.99964256
lcentralization 0.07351983  0.114942495 0.12294628
lwarfare        0.61522553 -0.065593687 0.76261542
larea           0.22399041 -0.594147686 0.74510358
lpopulation     0.14448923 -0.071309880 0.62132830
ldepend15       0.13430339  0.060899039 0.19599624
ldepend64       0.68781845  1.141844779 0.55526305
lurban          0.06980148  0.006080041 0.11232453
lpop_growth     0.87475311 -0.568277717 0.93579539
ltrade          0.01648727  0.032026063 0.04630593
lgini_gross     0.24189561  0.212502439 0.24605537
ldebt           0.07698224  0.833092777 0.07698224
lfdi_liab       0.39687980 -0.397246348 0.78384520
linflation      0.13242623  0.210868381 0.11410450
ldemocracy      0.48095390 -0.411319732 0.52486660
lpol_comp       0.85405050 -0.819337960 0.89514148
lpresidential   0.84658462 -0.057337338 1.01636182
lplurality      0.80712334  0.107348672 0.96610929
lpol_rights     0.80084630 -0.198691390 0.93027810
lgdp_pc         0.00000000          NaN         NA

[[12]]
                        Prob          Low          Med           Up
per03           1.0000000000 -0.308294383  0.017468658  0.330948238
per04           1.0000000000 -0.168772460  0.204992981  0.550921710
per05           1.0000000000  0.130836839  0.544726372  0.925510831
per06           1.0000000000 -0.125435762  0.339313161  0.781300874
per07           1.0000000000 -0.377826586  0.186161648  0.697664199
per08           1.0000000000  0.099365476  0.732437888  1.309886167
cc2             1.0000000000 -1.545579582 -0.815527051 -0.089785083
cc3             1.0000000000 -1.270341561  0.298718624  1.841195956
cc4             1.0000000000 -1.006321893 -0.250809371  0.320733864
cc5             1.0000000000 -0.577473390 -0.080844305  0.435037280
cc6             1.0000000000 -0.629040147  0.341802132  1.373982474
cc7             1.0000000000 -0.586807316 -0.200725713  0.200677514
cc8             1.0000000000 -1.941233167 -1.183226604 -0.426654654
cc9             1.0000000000 -1.121891109 -0.418075398  0.200319707
cc10            1.0000000000 -0.092059212  0.503964918  1.283026150
cc11            1.0000000000 -0.571775105 -0.009448287  0.522105492
1               0.7121000000 -1.133982459  0.397550992  2.416708639
lcentralization 0.0052222222  0.000000000  0.000000000  0.000000000
lwarfare        0.0727777778  0.000000000  0.000000000  0.057301804
larea           0.0003111111  0.000000000  0.000000000  0.000000000
lpopulation     0.4232333333  0.000000000  0.000000000  0.252995843
ldepend15       0.0016444444  0.000000000  0.000000000  0.000000000
ldepend64       0.0024666667  0.000000000  0.000000000  0.000000000
lurban          0.0013777778  0.000000000  0.000000000  0.000000000
lpop_growth     0.1455888889 -0.136586534  0.000000000  0.000000000
ltrade          0.0042555556  0.000000000  0.000000000  0.000000000
lgini_gross     0.7773000000 -0.018325214  0.000000000  0.022190502
ldebt           0.6810111111 -0.002829027  0.000000000  0.005339938
lfdi_liab       1.0000000000  0.671317198  0.827779639  0.974334576
linflation      0.0009333333  0.000000000  0.000000000  0.000000000
ldemocracy      0.0057000000  0.000000000  0.000000000  0.000000000
lpol_comp       0.0090000000  0.000000000  0.000000000  0.000000000
lpresidential   0.0312444444  0.000000000  0.000000000  0.000000000
lplurality      0.8307444444 -0.834598019  0.309473791  1.823088826
lpol_rights     0.5374888889 -0.194896783 -0.030025657  0.000000000
lgdp_pc         0.0000000000  0.000000000  0.000000000  0.000000000
                         Mean           SD      CondMean      CondSD
per03            1.721555e-02 1.653442e-01  0.0170529073 0.165344209
per04            2.005845e-01 1.828327e-01  0.2014068401 0.182832653
per05            5.380434e-01 2.039850e-01  0.5399882909 0.203984992
per06            3.352099e-01 2.337493e-01  0.3371152890 0.233749260
per07            1.754410e-01 2.771265e-01  0.1792273363 0.277126530
per08            7.207226e-01 3.043817e-01  0.7281558399 0.304381738
cc2             -8.102048e-01 3.660123e-01 -0.8183340817 0.366012270
cc3              3.110614e-01 7.915858e-01  0.3213220288 0.791585780
cc4             -2.774958e-01 3.434136e-01 -0.2824719404 0.343413633
cc5             -7.257140e-02 2.610696e-01 -0.0778745573 0.261069580
cc6              3.583877e-01 5.141222e-01  0.3493360948 0.514122209
cc7             -1.915124e-01 2.027662e-01 -0.1985426730 0.202766228
cc8             -1.174466e+00 3.864194e-01 -1.1831804683 0.386419368
cc9             -4.227329e-01 3.378751e-01 -0.4296804641 0.337875082
cc10             5.331872e-01 3.575624e-01  0.5320143610 0.357562428
cc11            -7.377975e-03 2.808738e-01 -0.0107397427 0.280873830
1                6.023344e-01 9.230829e-01  0.8604959662 0.995300174
lcentralization -4.494951e-06 4.083466e-04 -0.0003890449 0.006142633
lwarfare         2.060820e-03 1.742263e-02  0.0323168837 0.055290553
larea            2.016356e-05 3.739958e-03  0.0406104290 0.180246755
lpopulation      6.209029e-02 8.508329e-02  0.1456629601 0.069841602
ldepend15       -2.595096e-05 3.623126e-04 -0.0144971466 0.003612286
ldepend64        6.037611e-05 2.269514e-03  0.0223235389 0.028856610
lurban           1.953735e-05 4.564633e-04  0.0154751075 0.005305213
lpop_growth     -1.092566e-02 3.641570e-02 -0.0708611294 0.069360970
ltrade           7.946650e-06 1.624839e-04  0.0019390209 0.001733317
lgini_gross      1.181406e-03 9.733808e-03  0.0014595371 0.011080910
ldebt            8.306515e-04 1.967655e-03  0.0012291478 0.002288716
lfdi_liab        8.263154e-01 7.725569e-02  0.8253581680 0.077255689
linflation      -1.677231e-06 5.595012e-05 -0.0039562709          NA
ldemocracy       1.503320e-04 2.271368e-03  0.0259082278 0.016217310
lpol_comp        4.688762e-04 6.166871e-03  0.0528600699 0.041114447
lpresidential    1.933415e-03 5.797761e-02  0.0898790370 0.322703991
lplurality       3.902601e-01 6.651130e-01  0.4906949970 0.701930048
lpol_rights     -5.708252e-02 6.630212e-02 -0.1065098087 0.054080942
lgdp_pc          0.000000e+00 0.000000e+00           NaN          NA

[[13]]
                        Prob         Low         Med            Up
per03           1.0000000000 -0.65388266  0.45474116  1.563348e+00
per04           1.0000000000 -0.50825147  0.66364907  1.801561e+00
per05           1.0000000000 -1.07342299  0.11937491  1.275836e+00
per06           1.0000000000 -1.25792022 -0.08301525  1.089835e+00
per07           1.0000000000 -1.51728889 -0.34647235  8.785967e-01
per08           1.0000000000 -1.62718915 -0.40478234  8.578489e-01
cc2             1.0000000000 -2.46621494 -0.89989230  6.406619e-01
cc3             1.0000000000 -1.17386950  0.34436632  1.883301e+00
cc4             1.0000000000 -4.13612491 -2.61351380 -9.558451e-01
cc5             1.0000000000 -1.10768360  0.33164848  1.679344e+00
cc6             1.0000000000  0.02256599  1.60428268  3.188971e+00
cc7             1.0000000000 -0.17265052  1.25190163  2.697660e+00
cc8             1.0000000000  0.16906466  1.99461764  3.623984e+00
cc9             1.0000000000 -2.58777147 -1.03964569  4.883538e-01
cc10            1.0000000000 -3.03478046 -1.40712757  2.922300e-01
cc11            1.0000000000 -2.61724225 -1.33094027  1.096374e-02
1               0.7739333333 -0.67401865  0.90114322  3.109994e+00
lcentralization 0.0788777778  0.00000000  0.00000000  5.275447e-02
lwarfare        0.8932000000  0.00000000  0.53068951  1.002347e+00
larea           0.0155888889  0.00000000  0.00000000  0.000000e+00
lpopulation     0.0042111111  0.00000000  0.00000000  0.000000e+00
ldepend15       0.0032333333  0.00000000  0.00000000  0.000000e+00
ldepend64       0.0018444444  0.00000000  0.00000000  0.000000e+00
lurban          0.0863666667  0.00000000  0.00000000  2.317062e-02
lpop_growth     0.2556222222 -0.30287222  0.00000000  3.201675e-01
ltrade          0.0755666667 -0.01116537  0.00000000  0.000000e+00
lgini_gross     0.0042000000  0.00000000  0.00000000  0.000000e+00
ldebt           0.0007777778  0.00000000  0.00000000  0.000000e+00
lfdi_liab       0.2579111111 -0.27972844  0.00000000  3.260481e-01
linflation      0.6577777778 -0.03477472 -0.00950211  1.503766e-03
ldemocracy      0.6661777778 -0.38319885  0.00000000  2.567107e-01
lpol_comp       0.6992777778 -0.18294654  0.16938952  7.775971e-01
lpresidential   0.6727444444 -0.38923064  0.32345987  1.878771e+00
lplurality      0.0369444444  0.00000000  0.00000000  8.541659e-05
lpol_rights     0.9939888889  0.43489023  1.06518039  1.638932e+00
lgdp_pc         0.0000000000  0.00000000  0.00000000  0.000000e+00
                         Mean           SD      CondMean      CondSD
per03            4.550693e-01 0.5695655648  0.4557279083 0.569565565
per04            6.649757e-01 0.5814062266  0.6634643620 0.581406227
per05            1.230435e-01 0.6058629724  0.1168898435 0.605862972
per06           -7.455347e-02 0.5928026467 -0.0809073255 0.592802647
per07           -3.368405e-01 0.6080137891 -0.3391855199 0.608013789
per08           -4.004376e-01 0.6364746069 -0.3979437101 0.636474607
cc2             -9.047416e-01 0.7936349310 -0.8982780447 0.793634931
cc3              3.499068e-01 0.7811461641  0.3551319911 0.781146164
cc4             -2.613950e+00 0.8174294560 -2.6097279236 0.817429456
cc5              3.115857e-01 0.7039798434  0.3116458441 0.703979843
cc6              1.582698e+00 0.8091919959  1.6056915085 0.809191996
cc7              1.272455e+00 0.7221265770  1.2617259517 0.722126577
cc8              1.978262e+00 0.8773702024  1.9694904399 0.877370202
cc9             -1.044093e+00 0.7821652054 -1.0350216284 0.782165205
cc10            -1.406653e+00 0.8433848769 -1.4083660673 0.843384877
cc11            -1.321746e+00 0.6772918104 -1.3348897530 0.677291810
1                9.714972e-01 1.0424746906  1.2638883666 1.021192007
lcentralization  3.158557e-03 0.0127585576  0.0391951255 0.024950994
lwarfare         5.037710e-01 0.2717331319  0.5630165734 0.220620201
larea            4.700630e-03 0.0441058772  0.3367057307 0.171929647
lpopulation      6.573862e-04 0.0212910437  0.2675723170 0.240345309
ldepend15        8.035427e-05 0.0017575346  0.0311668591 0.021863103
ldepend64       -1.624899e-05 0.0021259740 -0.0469170096 0.053849988
lurban           1.428740e-03 0.0066030266  0.0150890542 0.017272448
lpop_growth      1.513775e-03 0.1299552816  0.0109300644 0.258166289
ltrade          -6.441307e-04 0.0028980250 -0.0091766170 0.006014464
lgini_gross      5.252024e-06 0.0016041832 -0.0001258157 0.026733401
ldebt            2.294715e-07 0.0002001653  0.0027331014 0.007537358
lfdi_liab        1.175728e-02 0.1206506718  0.0455453218 0.234985749
linflation      -1.079852e-02 0.0114030958 -0.0163951320 0.010274734
ldemocracy      -3.753285e-02 0.1495618792 -0.0569963788 0.179228132
lpol_comp        2.092927e-01 0.2625793716  0.3008099582 0.267211855
lpresidential    5.034891e-01 0.6263205999  0.7382928871 0.635465466
lplurality       1.105799e-02 0.1708386088  0.3361498363 0.816553662
lpol_rights      1.058986e+00 0.3024906653  1.0647260208 0.291975707
lgdp_pc          0.000000e+00 0.0000000000           NaN          NA

[[14]]
                       Prob          Low          Med        Up          Mean
per03           1.000000000 -1.497284026 -0.322557355 0.8904499 -3.125039e-01
per04           1.000000000 -1.359155208 -0.173233121 1.0959839 -1.557005e-01
per05           1.000000000 -0.585395740  0.665212065 1.9399918  6.754611e-01
per06           1.000000000 -1.101271529  0.121584337 1.3037254  1.255134e-01
per07           1.000000000 -1.433281320 -0.161645823 1.0933663 -1.603693e-01
per08           1.000000000 -1.332785692 -0.003453501 1.3083683 -6.191308e-03
cc2             1.000000000 -1.791662244 -0.233289666 1.3736465 -2.175737e-01
cc3             1.000000000 -2.428483361 -0.894777847 0.6804457 -8.882180e-01
cc4             1.000000000 -2.356714790 -0.818305802 0.6741772 -8.242331e-01
cc5             1.000000000 -1.377958411 -0.034489008 1.3717255 -3.287194e-02
cc6             1.000000000 -1.726002492 -0.103478727 1.4856027 -1.247517e-01
cc7             1.000000000 -0.761118645  0.695821980 2.1295586  6.937311e-01
cc8             1.000000000 -0.805287356  0.830969219 2.5044381  8.236776e-01
cc9             1.000000000 -1.384729168  0.122495828 1.6622693  1.375269e-01
cc10            1.000000000 -1.935114262 -0.319805515 1.3373475 -3.082154e-01
cc11            1.000000000 -1.476353882 -0.078824865 1.2838364 -9.402936e-02
1               0.608922222 -1.753852204  0.000000000 1.6863276 -5.450689e-02
lcentralization 0.013500000  0.000000000  0.000000000 0.0000000  9.586186e-05
lwarfare        0.040966667 -0.010967792  0.000000000 0.0000000 -1.846382e-03
larea           0.962900000  0.000000000  0.481461756 0.9212784  4.805788e-01
lpopulation     0.011066667  0.000000000  0.000000000 0.0000000 -1.374591e-03
ldepend15       0.676455556 -0.119842834 -0.044113405 0.0000000 -4.392215e-02
ldepend64       0.667377778 -0.302256146 -0.085596904 0.0000000 -9.713397e-02
lurban          0.001711111  0.000000000  0.000000000 0.0000000 -9.397207e-06
lpop_growth     0.701811111 -0.884795356 -0.250201759 0.0000000 -2.617729e-01
ltrade          0.008055556  0.000000000  0.000000000 0.0000000 -2.013800e-05
lgini_gross     0.446166667  0.000000000  0.000000000 0.1045540  2.972559e-02
ldebt           0.342655556 -0.003749275  0.000000000 0.0147982  1.870882e-03
lfdi_liab       0.410400000 -0.460232274  0.000000000 0.1365069 -6.741552e-02
linflation      0.007877778  0.000000000  0.000000000 0.0000000  1.663580e-06
ldemocracy      1.000000000  0.419888038  0.618882315 0.8163029  6.183869e-01
lpol_comp       0.019344444  0.000000000  0.000000000 0.0000000 -5.992068e-03
lpresidential   0.906644444 -1.113372510  0.000000000 1.2201729  6.465660e-02
lplurality      0.051244444  0.000000000  0.000000000 0.4298929  1.852425e-02
lpol_rights     0.639922222 -0.831756392 -0.150652909 0.1179151 -2.236949e-01
lgdp_pc         0.000000000  0.000000000  0.000000000 0.0000000  0.000000e+00
                          SD     CondMean      CondSD
per03           0.6089407853 -0.322924169 0.608940785
per04           0.6288990306 -0.160435880 0.628899031
per05           0.6503425686  0.673527231 0.650342569
per06           0.6091931204  0.118385010 0.609193120
per07           0.6426787261 -0.169907740 0.642678726
per08           0.6763699300 -0.014493244 0.676369930
cc2             0.8106919116 -0.215611243 0.810691912
cc3             0.7942848449 -0.880494822 0.794284845
cc4             0.7655302678 -0.818434813 0.765530268
cc5             0.7057153005 -0.020951192 0.705715301
cc6             0.8113285370 -0.110109285 0.811328537
cc7             0.7349936657  0.697925157 0.734993666
cc8             0.8509570000  0.831139535 0.850957000
cc9             0.7749338593  0.131629190 0.774933859
cc10            0.8221397836 -0.306137233 0.822139784
cc11            0.7018744137 -0.082448836 0.701874414
1               0.8030017866 -0.069162184 1.027801573
lcentralization 0.0018228444  0.007637968 0.015956442
lwarfare        0.0278814389 -0.045915784 0.128360086
larea           0.2320444138  0.497075409 0.216175900
lpopulation     0.0228809554 -0.119410431 0.187108327
ldepend15       0.0387365553 -0.064647007 0.029412366
ldepend64       0.0966804186 -0.145107777 0.083673115
lurban          0.0005938450 -0.006530303 0.013132945
lpop_growth     0.2587114744 -0.371511428 0.232843693
ltrade          0.0005554747 -0.002176386 0.005229386
lgini_gross     0.0369744616  0.066277175 0.025207412
ldebt           0.0045906931  0.005566213 0.006448059
lfdi_liab       0.1480366324 -0.162352823 0.195940651
linflation      0.0007616581  0.001649419 0.008695197
ldemocracy      0.1014117500  0.618927873 0.101411750
lpol_comp       0.0568646659 -0.325326514 0.238559751
lpresidential   0.5737597903  0.073250817 0.600481510
lplurality      0.1931078116  0.309005726 0.791287363
lpol_rights     0.2740484078 -0.350409713 0.270406349
lgdp_pc         0.0000000000          NaN          NA

[[15]]
                        Prob         Low          Med          Up          Mean
per03           1.0000000000 -0.40211324  0.162434040  0.70010505  1.625028e-01
per04           1.0000000000 -0.45156830  0.147080214  0.71649421  1.482797e-01
per05           1.0000000000 -0.05794219  0.550842559  1.13242096  5.525896e-01
per06           1.0000000000 -0.29486178  0.287123641  0.86226143  2.906640e-01
per07           1.0000000000 -0.35241045  0.260034232  0.88347062  2.639005e-01
per08           1.0000000000 -0.34744497  0.301472281  0.93343841  2.999890e-01
cc2             1.0000000000 -0.58976507  0.262673052  1.12911387  2.589152e-01
cc3             1.0000000000 -0.93572248 -0.147749468  0.83496255 -1.338117e-01
cc4             1.0000000000 -0.28216239  0.545146214  1.28325668  5.288688e-01
cc5             1.0000000000 -1.08737840 -0.379862722  0.33501022 -3.841649e-01
cc6             1.0000000000 -0.69056181  0.158753705  1.09593703  1.612947e-01
cc7             1.0000000000  0.31459086  1.030429972  1.67298354  1.019238e+00
cc8             1.0000000000 -3.07253911 -2.148575011 -1.06743065 -2.132707e+00
cc9             1.0000000000 -0.22106929  0.622140507  1.46145706  6.209500e-01
cc10            1.0000000000 -2.60231542 -0.195907966  0.82014523 -3.032499e-01
cc11            1.0000000000  0.15683931  0.835395587  1.74374684  8.573728e-01
1               0.5484000000 -1.36605144  0.000000000  1.58479938  4.480420e-02
lcentralization 0.0109777778  0.00000000  0.000000000  0.00000000 -7.860874e-05
lwarfare        0.7276333333 -0.14936582 -0.029608126  0.03644407 -4.011882e-02
larea           0.9752333333  0.00000000  0.419147436  0.52945093  4.025975e-01
lpopulation     0.0846111111  0.00000000  0.000000000  0.17139077  8.122102e-03
ldepend15       0.0828000000  0.00000000  0.000000000  0.02098271  1.117655e-03
ldepend64       0.0003222222  0.00000000  0.000000000  0.00000000  7.639452e-07
lurban          0.0878000000  0.00000000  0.000000000  0.03038760  2.130731e-03
lpop_growth     0.2622888889 -0.23736026  0.000000000  0.15813416 -5.261874e-03
ltrade          0.0055555556  0.00000000  0.000000000  0.00000000 -1.468818e-05
lgini_gross     0.0828555556 -0.02937891  0.000000000  0.00000000 -1.864475e-03
ldebt           0.0002333333  0.00000000  0.000000000  0.00000000  4.048489e-07
lfdi_liab       0.0010000000  0.00000000  0.000000000  0.00000000 -6.369552e-06
linflation      0.8462666667 -0.00366897  0.001936986  0.00939191  2.301643e-03
ldemocracy      1.0000000000  0.24826657  0.321948597  0.38787437  3.208523e-01
lpol_comp       0.0065777778  0.00000000  0.000000000  0.00000000  1.947699e-03
lpresidential   0.0359444444  0.00000000  0.000000000  0.00000000  2.142370e-03
lplurality      0.0241222222  0.00000000  0.000000000  0.00000000  2.073107e-03
lpol_rights     0.2452555556 -0.24074720  0.000000000  0.13986711 -9.699405e-03
lgdp_pc         0.0000000000  0.00000000  0.000000000  0.00000000  0.000000e+00
                          SD     CondMean      CondSD
per03           2.803539e-01  0.158155187 0.280353931
per04           2.957110e-01  0.144070932 0.295711010
per05           3.025763e-01  0.550753246 0.302576286
per06           2.944972e-01  0.287296832 0.294497216
per07           3.165935e-01  0.261708412 0.316593452
per08           3.244360e-01  0.298766773 0.324436018
cc2             4.437146e-01  0.263765716 0.443714566
cc3             4.457439e-01 -0.124016945 0.445743885
cc4             3.972736e-01  0.535655536 0.397273590
cc5             3.680847e-01 -0.377047203 0.368084652
cc6             4.476427e-01  0.163834771 0.447642675
cc7             3.421674e-01  1.021126998 0.342167429
cc8             5.107618e-01 -2.130449040 0.510761810
cc9             4.240669e-01  0.622695686 0.424066895
cc10            7.439162e-01 -0.298071061 0.743916183
cc11            3.944840e-01  0.863162567 0.394484041
1               6.509960e-01  0.092077806 0.873795269
lcentralization 1.062285e-03 -0.007435834 0.007261238
lwarfare        5.056949e-02 -0.055326014 0.051822226
larea           9.430809e-02  0.412931846 0.069702386
lpopulation     4.508859e-02  0.091366395 0.126446060
ldepend15       5.355750e-03  0.013694281 0.013129550
ldepend64       3.106488e-04 -0.021966187          NA
lurban          7.572146e-03  0.024839673 0.009716883
lpop_growth     8.139227e-02 -0.018330193 0.157430766
ltrade          3.584450e-04 -0.003386987 0.003717918
lgini_gross     7.151382e-03 -0.023085153 0.011726786
ldebt           7.793925e-05  0.001768916 0.001919432
lfdi_liab       2.054491e-03  0.014154980 0.046068567
linflation      3.352076e-03  0.002712924 0.003474911
ldemocracy      3.472132e-02  0.321117567 0.034721324
lpol_comp       2.054799e-02  0.272455185 0.104912741
lpresidential   6.753700e-02  0.043373265 0.351370992
lplurality      1.041308e-01  0.066277219 0.652599268
lpol_rights     7.653799e-02 -0.044047932 0.150055886
lgdp_pc         0.000000e+00          NaN          NA

[[16]]
                        Prob          Low          Med         Up          Mean
per03           1.000000e+00 -0.277466160 -0.089741003 0.09576103 -8.954738e-02
per04           1.000000e+00 -0.188527783  0.002183588 0.19292561  2.504016e-03
per05           1.000000e+00 -0.269068019 -0.073453871 0.12291215 -7.381562e-02
per06           1.000000e+00 -0.282318270 -0.098777873 0.10610439 -9.704311e-02
per07           1.000000e+00 -0.224764909 -0.018545332 0.18909546 -1.865345e-02
per08           1.000000e+00 -0.152658922  0.062497143 0.28496035  6.358095e-02
cc2             1.000000e+00 -0.008054606  0.267428959 0.52398273  2.663754e-01
cc3             1.000000e+00 -0.021401115  0.217219557 0.45205605  2.154834e-01
cc4             1.000000e+00 -0.178625797  0.069736368 0.31740375  6.729840e-02
cc5             1.000000e+00 -0.186125823  0.038410404 0.25710062  3.844057e-02
cc6             1.000000e+00  0.596481072  0.956961277 1.26507923  9.448064e-01
cc7             1.000000e+00 -0.209765234 -0.003622332 0.18900166 -7.181214e-03
cc8             1.000000e+00 -0.314389301  0.059358407 0.40550555  5.608747e-02
cc9             1.000000e+00  0.750990587  0.988540117 1.19894750  9.822923e-01
cc10            1.000000e+00 -0.133312520  0.092037584 0.33683331  8.754476e-02
cc11            1.000000e+00 -0.056262208  0.170264764 0.38908228  1.685280e-01
1               1.636000e-01 -0.087125512  0.000000000 0.21212399  1.454804e-02
lcentralization 2.277778e-03  0.000000000  0.000000000 0.00000000  3.201569e-06
lwarfare        2.888889e-04  0.000000000  0.000000000 0.00000000 -1.061837e-05
larea           1.620000e-02  0.000000000  0.000000000 0.00000000 -1.657485e-04
lpopulation     1.111111e-05  0.000000000  0.000000000 0.00000000 -8.607913e-07
ldepend15       4.377778e-03  0.000000000  0.000000000 0.00000000  4.423813e-05
ldepend64       1.111111e-05  0.000000000  0.000000000 0.00000000 -4.951944e-07
lurban          4.111111e-03  0.000000000  0.000000000 0.00000000  1.449541e-05
lpop_growth     4.082222e-02  0.000000000  0.000000000 0.00000000  1.318350e-04
ltrade          1.988889e-03  0.000000000  0.000000000 0.00000000 -2.138677e-06
lgini_gross     1.111111e-05  0.000000000  0.000000000 0.00000000 -5.130789e-08
ldebt           9.488889e-03  0.000000000  0.000000000 0.00000000  2.368639e-06
lfdi_liab       1.552222e-02  0.000000000  0.000000000 0.00000000 -1.133008e-03
linflation      5.611111e-03  0.000000000  0.000000000 0.00000000  8.188458e-06
ldemocracy      6.200000e-03  0.000000000  0.000000000 0.00000000 -5.345294e-05
lpol_comp       6.511111e-03  0.000000000  0.000000000 0.00000000  3.485736e-04
lpresidential   6.655556e-03  0.000000000  0.000000000 0.00000000  2.718627e-03
lplurality      1.666667e-04  0.000000000  0.000000000 0.00000000  1.239930e-05
lpol_rights     4.195556e-02 -0.013547051  0.000000000 0.00000000 -7.037074e-04
lgdp_pc         0.000000e+00  0.000000000  0.000000000 0.00000000  0.000000e+00
                          SD      CondMean      CondSD
per03           9.396935e-02 -0.0911743949 0.093969354
per04           9.578156e-02  0.0022157626 0.095781560
per05           1.013771e-01 -0.0743580375 0.101377106
per06           9.847380e-02 -0.0968276158 0.098473799
per07           1.081368e-01 -0.0191004349 0.108136834
per08           1.136397e-01  0.0638267362 0.113639693
cc2             1.413181e-01  0.2667850882 0.141318141
cc3             1.226298e-01  0.2159474882 0.122629759
cc4             1.264467e-01  0.0693351683 0.126446700
cc5             1.135561e-01  0.0389302911 0.113556128
cc6             1.869622e-01  0.9458398132 0.186962223
cc7             1.019664e-01 -0.0055379061 0.101966367
cc8             1.858846e-01  0.0555508654 0.185884574
cc9             1.218243e-01  0.9840200811 0.121824319
cc10            1.310273e-01  0.0934613684 0.131027325
cc11            1.138698e-01  0.1696250425 0.113869775
1               1.345730e-01  0.0758683601 0.325973787
lcentralization 1.150397e-04 -0.0003275002 0.002854687
lwarfare        6.275780e-04 -0.0443764642          NA
larea           6.249357e-03 -0.0030844564 0.048998097
lpopulation     0.000000e+00           NaN          NA
ldepend15       9.606294e-04  0.0115032063 0.009036454
ldepend64       0.000000e+00           NaN          NA
lurban          5.384864e-04  0.0048158378 0.007209488
lpop_growth     8.298341e-03  0.0013209448 0.042433891
ltrade          6.702158e-05 -0.0014744958 0.001099796
lgini_gross     0.000000e+00           NaN          NA
ldebt           1.372377e-04  0.0003930959 0.001408263
lfdi_liab       1.180913e-02 -0.0824078467 0.057536420
linflation      2.231746e-04  0.0019162226 0.002331324
ldemocracy      4.183217e-03 -0.0178791855 0.051844130
lpol_comp       1.042210e-02  0.0719384884 0.110489747
lpresidential   3.555850e-02  0.3907819998 0.217411866
lplurality      1.210692e-02 -0.8560887576          NA
lpol_rights     8.337810e-03 -0.0187356353 0.035050717
lgdp_pc         0.000000e+00           NaN          NA

[[17]]
                        Prob          Low           Med          Up
per03           1.000000e+00 -0.155693867  0.0043681705 0.166114846
per04           1.000000e+00 -0.170323883 -0.0008757868 0.166728767
per05           1.000000e+00 -0.152887847  0.0154398811 0.184055779
per06           1.000000e+00 -0.140188068  0.0200862656 0.187629959
per07           1.000000e+00 -0.162763107  0.0192378976 0.202545941
per08           1.000000e+00 -0.222271274 -0.0253888993 0.166912567
cc2             1.000000e+00 -0.208186591  0.0005694617 0.215824375
cc3             1.000000e+00 -1.165038856 -0.9720370356 0.085261069
cc4             1.000000e+00 -0.212729026 -0.0113900108 0.196207147
cc5             1.000000e+00 -0.185977919  0.0041183722 0.188509823
cc6             1.000000e+00 -0.355814202 -0.1045491347 0.175490977
cc7             1.000000e+00 -0.148956897  0.0138376125 0.170913010
cc8             1.000000e+00 -0.270448467 -0.0071555822 0.268971804
cc9             1.000000e+00 -0.182955757  0.0071365526 0.251511153
cc10            1.000000e+00 -0.192517810 -0.0044185916 0.189739246
cc11            1.000000e+00 -0.191065066 -0.0050800809 0.184401981
1               9.418778e-01  0.000000000  0.9753515581 1.172458894
lcentralization 4.355556e-03  0.000000000  0.0000000000 0.000000000
lwarfare        2.930000e-02  0.000000000  0.0000000000 0.000000000
larea           5.555556e-05  0.000000000  0.0000000000 0.000000000
lpopulation     2.222222e-05  0.000000000  0.0000000000 0.000000000
ldepend15       0.000000e+00  0.000000000  0.0000000000 0.000000000
ldepend64       2.003333e-02  0.000000000  0.0000000000 0.000000000
lurban          0.000000e+00  0.000000000  0.0000000000 0.000000000
lpop_growth     3.822222e-02  0.000000000  0.0000000000 0.000000000
ltrade          1.566667e-03  0.000000000  0.0000000000 0.000000000
lgini_gross     1.444444e-02  0.000000000  0.0000000000 0.000000000
ldebt           1.111111e-05  0.000000000  0.0000000000 0.000000000
lfdi_liab       1.697778e-02  0.000000000  0.0000000000 0.000000000
linflation      6.666667e-05  0.000000000  0.0000000000 0.000000000
ldemocracy      9.183333e-02 -0.005138727  0.0000000000 0.004133626
lpol_comp       1.555556e-04  0.000000000  0.0000000000 0.000000000
lpresidential   1.014556e-01 -0.198667189  0.0000000000 0.052189324
lplurality      1.132222e-01  0.000000000  0.0000000000 1.086397085
lpol_rights     3.536667e-02  0.000000000  0.0000000000 0.000000000
lgdp_pc         0.000000e+00  0.000000000  0.0000000000 0.000000000
                         Mean           SD      CondMean      CondSD
per03            5.538511e-03 8.124991e-02  0.0042090259 0.081249912
per04            5.331315e-04 8.599109e-02 -0.0009589536 0.085991086
per05            1.598113e-02 8.578297e-02  0.0159021622 0.085782968
per06            2.134951e-02 8.288516e-02  0.0208979455 0.082885161
per07            1.991776e-02 9.298392e-02  0.0193779707 0.092983925
per08           -2.543038e-02 9.771230e-02 -0.0263300348 0.097712300
cc2              2.621670e-04 1.075316e-01  0.0015799477 0.107531637
cc3             -8.908999e-01 3.108243e-01 -0.8898571852 0.310824346
cc4             -1.318895e-02 1.039988e-01 -0.0110502582 0.103998824
cc5              2.464115e-03 9.538613e-02  0.0033077582 0.095386134
cc6             -1.022812e-01 1.370130e-01 -0.1016687985 0.137012980
cc7              1.306694e-02 8.134838e-02  0.0124538156 0.081348380
cc8             -5.881651e-03 1.381190e-01 -0.0045841405 0.138118996
cc9              1.274807e-02 1.105748e-01  0.0120333946 0.110574806
cc10            -6.742210e-03 9.638375e-02 -0.0045052587 0.096383746
cc11            -3.659582e-03 9.442695e-02 -0.0051248245 0.094426953
1                8.967120e-01 3.159108e-01  0.9497268276 0.232919587
lcentralization -7.413905e-06 2.235389e-04 -0.0023118543 0.003009207
lwarfare        -1.599053e-04 3.994992e-03 -0.0052143846 0.025371092
larea            3.812981e-06 0.000000e+00           NaN          NA
lpopulation      1.192192e-06 0.000000e+00           NaN          NA
ldepend15        0.000000e+00 0.000000e+00           NaN          NA
ldepend64        1.746413e-04 2.348736e-03  0.0087377607 0.013682074
lurban           0.000000e+00 0.000000e+00           NaN          NA
lpop_growth      1.048154e-04 7.522992e-03  0.0018290740 0.039278156
ltrade          -1.180357e-07 4.134978e-05  0.0001407492 0.001453303
lgini_gross      1.314035e-05 8.688348e-04  0.0014967572 0.006575413
ldebt            8.387621e-09 0.000000e+00           NaN          NA
lfdi_liab       -1.702138e-04 5.986506e-03 -0.0155298468 0.045348166
linflation       3.756485e-08 0.000000e+00           NaN          NA
ldemocracy      -4.283442e-05 2.619179e-03 -0.0004539722 0.008604720
lpol_comp        1.372888e-06 1.509489e-03  0.0571736919 0.069681181
lpresidential   -8.797284e-03 6.372874e-02 -0.0740596138 0.183330609
lplurality       9.386260e-02 3.042877e-01  0.8316968877 0.445240505
lpol_rights      2.028254e-05 7.288936e-03  0.0015167749 0.038066816
lgdp_pc          0.000000e+00 0.000000e+00           NaN          NA

[[18]]
                        Prob         Low         Med         Up          Mean
per03           1.000000e+00 -0.80942058 -0.33257798 0.13029603 -3.337888e-01
per04           1.000000e+00 -0.33199621  0.16733355 0.68332698  1.649024e-01
per05           1.000000e+00 -0.07950847  0.42229057 0.94388366  4.217378e-01
per06           1.000000e+00 -0.60508656 -0.12030722 0.39803424 -1.199175e-01
per07           1.000000e+00 -0.48999506  0.04295015 0.61416147  4.203184e-02
per08           1.000000e+00 -0.26968102  0.27961139 0.87678127  2.810793e-01
cc2             1.000000e+00  0.36645184  1.14390960 1.87528946  1.141801e+00
cc3             1.000000e+00 -0.46208356  0.40452569 1.12079434  3.994684e-01
cc4             1.000000e+00 -0.42597192  0.26504159 0.88764159  2.656258e-01
cc5             1.000000e+00  0.02795991  0.71016395 1.38308001  7.217517e-01
cc6             1.000000e+00 -0.38780169  0.41833238 1.12186743  4.101440e-01
cc7             1.000000e+00 -0.40012888  0.11455521 0.60209534  1.126930e-01
cc8             1.000000e+00 -1.02277344 -0.07730314 0.80563305 -6.197126e-02
cc9             1.000000e+00 -0.38788258  0.35984262 1.05698122  3.601656e-01
cc10            1.000000e+00 -0.04786132  0.84564917 1.68382714  8.435329e-01
cc11            1.000000e+00 -0.50034410  0.28269558 0.92254630  2.740193e-01
1               3.832333e-01 -0.52698336  0.00000000 1.24161466  7.404738e-02
lcentralization 5.511111e-03  0.00000000  0.00000000 0.00000000  1.488404e-05
lwarfare        2.277778e-03  0.00000000  0.00000000 0.00000000  1.693358e-04
larea           5.874444e-02 -0.06855671  0.00000000 0.00000000 -4.266633e-03
lpopulation     5.191111e-02  0.00000000  0.00000000 0.09719557  5.475302e-03
ldepend15       4.444444e-05  0.00000000  0.00000000 0.00000000  3.392523e-07
ldepend64       1.555556e-04  0.00000000  0.00000000 0.00000000 -3.402944e-06
lurban          4.927778e-02 -0.01310294  0.00000000 0.00000000 -5.827581e-04
lpop_growth     8.318778e-01  0.00000000  0.21258566 0.41708596  1.988896e-01
ltrade          5.577778e-03  0.00000000  0.00000000 0.00000000  1.942317e-05
lgini_gross     2.777778e-04  0.00000000  0.00000000 0.00000000  1.378226e-06
ldebt           5.555556e-05  0.00000000  0.00000000 0.00000000 -2.436195e-08
lfdi_liab       7.437778e-02 -0.07173084  0.00000000 0.00000000 -3.468010e-03
linflation      2.214444e-02  0.00000000  0.00000000 0.00000000 -1.245210e-05
ldemocracy      2.645556e-02  0.00000000  0.00000000 0.00000000 -3.345143e-03
lpol_comp       2.602222e-02  0.00000000  0.00000000 0.00000000  1.802682e-03
lpresidential   1.411111e-03  0.00000000  0.00000000 0.00000000 -7.445973e-04
lplurality      1.055556e-03  0.00000000  0.00000000 0.00000000  3.541820e-04
lpol_rights     9.989667e-01  0.50283024  0.69129612 0.84889970  6.854569e-01
lgdp_pc         0.000000e+00  0.00000000  0.00000000 0.00000000  0.000000e+00
                          SD      CondMean      CondSD
per03           2.415319e-01 -0.3335985277 0.241531921
per04           2.566558e-01  0.1667481332 0.256655833
per05           2.589885e-01  0.4230238888 0.258988535
per06           2.550571e-01 -0.1189834916 0.255057120
per07           2.806126e-01  0.0460927676 0.280612560
per08           2.899672e-01  0.2854571727 0.289967228
cc2             3.830692e-01  1.1418700852 0.383069243
cc3             4.034184e-01  0.3890835109 0.403418424
cc4             3.377123e-01  0.2610911502 0.337712268
cc5             3.454835e-01  0.7113427753 0.345483474
cc6             3.874608e-01  0.4064266319 0.387460785
cc7             2.583412e-01  0.1121423496 0.258341247
cc8             4.595530e-01 -0.0769728509 0.459552953
cc9             3.594762e-01  0.3548251041 0.359476227
cc10            4.374713e-01  0.8431213071 0.437471313
cc11            3.633228e-01  0.2687186811 0.363322782
1               3.884516e-01  0.1857397343 0.607509772
lcentralization 4.744613e-04  0.0026379037 0.005625799
lwarfare        5.691324e-03  0.0892154117 0.077834320
larea           2.689356e-02 -0.0732325847 0.086507644
lpopulation     3.512194e-02  0.1121232305 0.110488476
ldepend15       0.000000e+00           NaN          NA
ldepend64       0.000000e+00           NaN          NA
lurban          3.372646e-03 -0.0118289840 0.009741682
lpop_growth     1.215648e-01  0.2392301149 0.091126531
ltrade          3.343525e-04  0.0035706121 0.003027135
lgini_gross     8.136664e-05  0.0011497169 0.005518459
ldebt           4.092645e-05 -0.0028939371          NA
lfdi_liab       2.499809e-02 -0.0492298759 0.074159551
linflation      6.974830e-04 -0.0008809687 0.004619810
ldemocracy      2.369746e-02 -0.1308829594 0.078515259
lpol_comp       2.780031e-02  0.0726530507 0.163516455
lpresidential   1.590215e-02 -0.1562877602 0.472812899
lplurality      5.387000e-03  0.0870338508 0.195614000
lpol_rights     9.255192e-02  0.6873643694 0.089493435
lgdp_pc         0.000000e+00           NaN          NA

[[19]]
                        Prob           Low          Med           Up
per03           1.0000000000 -0.0640206719  0.192464495  0.442749919
per04           1.0000000000 -0.0089654443  0.272263309  0.551703469
per05           1.0000000000  0.0071126074  0.337349533  0.653459502
per06           1.0000000000 -0.3673314258  0.071788563  0.463941272
per07           1.0000000000 -0.5537258082 -0.047839976  0.433908134
per08           1.0000000000 -0.3279690904  0.233950413  0.757799360
cc2             1.0000000000 -0.2175085511  0.453734195  1.073895683
cc3             1.0000000000 -3.2917446737 -1.048429587  0.782911262
cc4             1.0000000000 -0.0177998936  0.623689608  1.402617083
cc5             1.0000000000 -1.3614005379 -1.002338925 -0.599127521
cc6             1.0000000000 -1.0926952694 -0.192802501  0.688886953
cc7             1.0000000000  0.3982171984  0.765696176  1.114087897
cc8             1.0000000000 -2.1609781770 -1.484664064 -0.762276731
cc9             1.0000000000 -2.5906336512 -1.903842039 -1.133000803
cc10            1.0000000000  0.0925738526  0.538769643  0.954490208
cc11            1.0000000000 -2.1741375705 -1.624322597 -0.986740992
1               0.6875888889 -0.9994408050  0.305226632  2.952844262
lcentralization 0.0133111111  0.0000000000  0.000000000  0.000000000
lwarfare        0.0693000000 -0.0483553163  0.000000000  0.000000000
larea           0.0002000000  0.0000000000  0.000000000  0.000000000
lpopulation     0.7746888889  0.0000000000  0.191715141  0.373413048
ldepend15       0.0016555556  0.0000000000  0.000000000  0.000000000
ldepend64       0.0041111111  0.0000000000  0.000000000  0.000000000
lurban          0.0017888889  0.0000000000  0.000000000  0.000000000
lpop_growth     0.1131111111 -0.0926959632  0.000000000  0.000000000
ltrade          0.0068777778  0.0000000000  0.000000000  0.000000000
lgini_gross     0.0027666667  0.0000000000  0.000000000  0.000000000
ldebt           0.0007777778  0.0000000000  0.000000000  0.000000000
lfdi_liab       1.0000000000  0.2597685822  0.413972007  0.599762744
linflation      0.7860666667 -0.0003616172  0.004924743  0.013222316
ldemocracy      0.0023777778  0.0000000000  0.000000000  0.000000000
lpol_comp       0.0035666667  0.0000000000  0.000000000  0.000000000
lpresidential   0.7672444444 -0.4918806334  0.000000000  0.625271422
lplurality      0.8501333333  0.0000000000  1.593994378  3.075788893
lpol_rights     0.0753333333 -0.0213793999  0.000000000  0.007165088
lgdp_pc         0.0000000000  0.0000000000  0.000000000  0.000000000
                         Mean           SD      CondMean      CondSD
per03            1.868852e-01 1.302638e-01  0.1892287056 0.130263759
per04            2.681075e-01 1.437791e-01  0.2722859750 0.143779075
per05            3.313988e-01 1.647937e-01  0.3345384961 0.164793710
per06            5.981082e-02 2.178635e-01  0.0635747239 0.217863497
per07           -5.773935e-02 2.537541e-01 -0.0514100311 0.253754055
per08            2.217448e-01 2.760784e-01  0.2294376298 0.276078442
cc2              4.569669e-01 3.326125e-01  0.4501516605 0.332612541
cc3             -1.163076e+00 1.114443e+00 -1.1644896201 1.114443391
cc4              6.642562e-01 3.818660e-01  0.6597429639 0.381866022
cc5             -9.943826e-01 1.929849e-01 -0.9966919381 0.192984903
cc6             -1.902692e-01 4.479835e-01 -0.1995220614 0.447983454
cc7              7.693098e-01 1.825899e-01  0.7638340935 0.182589857
cc8             -1.473836e+00 3.570752e-01 -1.4786994347 0.357075199
cc9             -1.886366e+00 3.770839e-01 -1.8912567810 0.377083883
cc10             5.331424e-01 2.303993e-01  0.5333542503 0.230399259
cc11            -1.599022e+00 3.156727e-01 -1.6035563629 0.315672664
1                7.118926e-01 1.063699e+00  1.0421059100 1.142137815
lcentralization  9.854364e-05 9.772782e-04  0.0072931473 0.004613168
lwarfare        -2.538488e-03 1.388686e-02 -0.0381174325 0.038334667
larea            3.045799e-05 0.000000e+00           NaN          NA
lpopulation      1.710778e-01 1.165748e-01  0.2211275923 0.080719135
ldepend15       -8.688420e-06 4.117783e-04 -0.0077632444 0.009863706
ldepend64        8.322208e-05 1.983598e-03  0.0221554404 0.022816614
lurban           2.506418e-05 6.579794e-04  0.0140353020 0.004693899
lpop_growth     -6.101388e-03 2.401457e-02 -0.0549536164 0.049793992
ltrade          -1.217379e-05 2.292000e-04 -0.0016973453 0.002186066
lgini_gross      7.308424e-06 4.481030e-04 -0.0004515603 0.007906982
ldebt           -1.209925e-06 4.340797e-05  0.0005052262 0.002080153
lfdi_liab        4.211635e-01 8.719156e-02  0.4196643512 0.087191564
linflation       4.947339e-03 4.113617e-03  0.0062415815 0.003635824
ldemocracy      -2.018963e-05 4.999596e-04 -0.0059194012 0.009300342
lpol_comp       -4.192579e-05 2.474024e-03 -0.0173207666 0.047176873
lpresidential    4.329657e-02 2.666913e-01  0.0559407289 0.302321618
lplurality       1.488599e+00 8.892607e-01  1.7538811246 0.686747175
lpol_rights     -6.412237e-04 1.188977e-02 -0.0082529018 0.044751853
lgdp_pc          0.000000e+00 0.000000e+00           NaN          NA

[[20]]
                      Prob         Low          Med          Up          Mean
per03          1.000000000 -1.73639624  0.060322171  1.78853951  3.175421e-02
per04          1.000000000 -1.21346130  0.578319138  2.41729915  5.905110e-01
per05          1.000000000 -1.18206993  0.593238268  2.42736050  6.075487e-01
per06          1.000000000 -1.95683037 -0.134306752  1.67404641 -1.599734e-01
per07          1.000000000 -1.81883314  0.005831315  1.81980485  1.151552e-02
per08          1.000000000 -2.15636204 -0.309142984  1.51592988 -3.073814e-01
cc2            1.000000000 -2.14371733 -0.274250376  1.58461903 -2.616863e-01
cc3            1.000000000 -2.16118019 -0.195691354  1.74244975 -1.844660e-01
cc4            1.000000000 -3.00057641 -1.119514132  0.79285981 -1.101784e+00
cc5            1.000000000 -1.19640217  0.603326213  2.43095768  6.040362e-01
cc6            1.000000000 -1.63228888  0.218222283  2.11346105  2.398144e-01
cc7            1.000000000 -1.35693657  0.484348908  2.35011931  4.776499e-01
cc8            1.000000000 -1.11119869  0.783516681  2.70580550  7.681878e-01
cc9            1.000000000 -2.76181005 -0.867085921  1.08306624 -8.669533e-01
cc10           1.000000000 -2.02235923 -0.138302251  1.84817362 -1.199340e-01
cc11           1.000000000 -2.26079883 -0.452923810  1.33235372 -4.570830e-01
1              0.650544444 -1.48834931  0.000000000  2.01314902  1.461698e-01
centralization 0.977844444  0.05604567  0.233754829  0.31299543  2.270797e-01
warfare        0.936755556 -2.75807790 -1.541493835  0.00000000 -1.472430e+00
area           0.030100000  0.00000000  0.000000000  0.06755443  1.100882e-02
population     0.999988889 -2.79827007 -1.941401275 -1.05750128 -1.942368e+00
depend15       0.958577778 -0.00646784  0.106487160  0.26026395  1.098590e-01
depend64       0.999744444  0.39383849  0.734619851  1.05063840  7.321240e-01
urban          0.003144444  0.00000000  0.000000000  0.00000000  6.198096e-05
pop_growth     0.819444444 -0.25639396  1.001401508  2.64823308  9.830012e-01
trade          0.028733333  0.00000000  0.000000000  0.00000000  2.065169e-04
gini_gross     0.374333333 -0.17374156  0.000000000  0.09969373 -1.412946e-02
debt           0.002266667  0.00000000  0.000000000  0.00000000  8.773814e-06
fdi_liab       0.411944444 -0.41032152  0.000000000  1.30452680  1.933121e-01
inflation      1.000000000  1.34952424  2.164924441  2.95360355  2.160042e+00
democracy      0.999744444  0.46939423  1.119096996  1.71391892  1.108875e+00
pol_comp       0.009033333  0.00000000  0.000000000  0.00000000 -1.382411e-03
presidential   0.107700000 -1.14594174  0.000000000  0.00000000 -5.976012e-02
plurality      0.896588889 -1.85171883  0.000000000  1.76198990 -6.050016e-02
pol_rights     0.595822222 -1.10487003  0.000000000  1.41287099  7.188601e-02
gdp_pc         0.000000000  0.00000000  0.000000000  0.00000000  0.000000e+00
                         SD     CondMean     CondSD
per03          0.9029756252  0.034905873 0.90297563
per04          0.9289714262  0.590814361 0.92897143
per05          0.9200427808  0.600914060 0.92004278
per06          0.9145409512 -0.139547630 0.91454095
per07          0.9229917616  0.007674374 0.92299176
per08          0.9276858367 -0.318848076 0.92768584
cc2            0.9538993262 -0.272993804 0.95389933
cc3            0.9757364133 -0.191497054 0.97573641
cc4            0.9703222910 -1.118670795 0.97032229
cc5            0.9348581853  0.608564264 0.93485819
cc6            0.9647514348  0.232577363 0.96475143
cc7            0.9465415782  0.493849622 0.94654158
cc8            0.9778449242  0.785009066 0.97784492
cc9            0.9918781793 -0.858357907 0.99187818
cc10           0.9889797106 -0.120177750 0.98897971
cc11           0.9236866136 -0.449991267 0.92368661
1              0.8109402205  0.246343478 0.99679208
centralization 0.0559568291  0.232616444 0.04461620
warfare        0.7150957411 -1.568024556 0.62725471
area           0.0861403513  0.342286338 0.34520661
population     0.4345054064 -1.944267424 0.43450541
depend15       0.0707401463  0.113867589 0.06815040
depend64       0.1695110758  0.732124699 0.16921150
urban          0.0017693566  0.022067472 0.02444717
pop_growth     0.8340741652  1.205838772 0.76614050
trade          0.0035866754  0.007310165 0.01962810
gini_gross     0.0595512099 -0.036733959 0.09352677
debt           0.0006536538  0.003700150 0.01223095
fdi_liab       0.4277174573  0.465138371 0.56399954
inflation      0.4131862119  2.160787326 0.41318621
democracy      0.3171412787  1.112315634 0.31642353
pol_comp       0.0415245640 -0.126704056 0.40885237
presidential   0.3133356079 -0.593565716 0.81366852
plurality      0.8876642733 -0.077554395 0.93630101
pol_rights     0.5651402493  0.132899316 0.73073885
gdp_pc         0.0000000000          NaN         NA

