[[1]]
 [1] 1.0000 1.0000 1.0000 1.0000 0.4628 0.3682 0.4206 0.1074 0.1044 0.0444
[11] 0.9990 0.9836

[[2]]
 [1] 1.0000 1.0000 1.0000 0.0246 0.9978 0.1068 0.0394 0.0208 0.0216 0.1340
[11] 0.2868 0.2724

[[3]]
 [1] 1.0000 1.0000 1.0000 0.0114 0.0414 1.0000 0.6680 0.2880 0.2092 0.0006
[11] 0.1860 0.3988

[[4]]
 [1] 1.0000 1.0000 1.0000 0.0106 0.0358 1.0000 0.1030 0.0386 0.0414 0.0038
[11] 0.0868 0.1530

[[5]]
 [1] 1.0000 1.0000 1.0000 1.0000 0.4828 0.9998 0.7100 0.8770 0.4902 0.0406
[11] 0.9850 0.7200

[[6]]
 [1] 1.0000 1.0000 1.0000 0.0154 0.0666 0.1696 1.0000 0.4756 0.3962 0.0080
[11] 0.5282 0.7510

[[7]]
 [1] 1.0000 1.0000 1.0000 0.4842 0.9438 0.8276 0.9674 0.8264 0.5430 0.9418
[11] 0.9262 0.9408

[[8]]
 [1] 1.0000 1.0000 1.0000 0.0222 0.1096 0.9970 0.9542 0.1084 0.1560 0.1156
[11] 0.1314 0.5586

[[9]]
 [1] 1.0000 1.0000 1.0000 0.8122 0.7104 0.9528 0.9916 1.0000 0.4766 0.4720
[11] 0.5686 0.6516

[[10]]
 [1] 1.0000 1.0000 1.0000 0.1376 0.7908 0.4006 0.4366 0.1674 1.0000 0.0164
[11] 0.2330 0.9330

[[11]]
 [1] 1.0000 1.0000 1.0000 0.6430 0.8888 0.5960 0.9702 0.2892 0.7534 1.0000
[11] 0.7702 0.6582

[[12]]
 [1] 1.0000 1.0000 1.0000 0.0306 0.0994 0.3306 0.1582 0.0610 0.0440 1.0000
[11] 0.4352 0.5936

[[13]]
 [1] 1.0000 1.0000 1.0000 0.3288 0.9438 0.5614 0.4948 0.1782 0.7244 1.0000
[11] 0.9130 0.7130

[[14]]
 [1] 1.0000 1.0000 1.0000 0.0684 0.2930 0.2012 0.2890 0.0950 0.0976 0.0368
[11] 1.0000 0.6762

[[15]]
 [1] 1.0000 1.0000 1.0000 0.0412 0.9316 0.2158 0.2750 0.0426 0.0500 0.0034
[11] 1.0000 0.4902

[[16]]
 [1] 1.0000 1.0000 1.0000 0.0242 0.7826 0.1134 0.0484 0.0094 0.0142 0.0304
[11] 0.1118 0.1520

[[17]]
 [1] 1.0000 1.0000 1.0000 0.0088 0.0532 0.1854 0.1730 0.0168 0.0526 0.0020
[11] 0.9530 0.6248

[[18]]
 [1] 1.0000 1.0000 1.0000 0.0350 0.2392 0.1270 0.2246 0.0252 0.0262 0.0094
[11] 1.0000 0.4452

[[19]]
 [1] 1.0000 1.0000 1.0000 0.0110 0.2742 0.1690 0.0514 0.0644 0.0970 0.0412
[11] 0.0148 0.9970

[[20]]
 [1] 1.0000 1.0000 1.0000 0.9962 0.8434 0.4880 0.9996 0.9998 0.4782 0.3684
[11] 0.9948 0.7256

