[[1]]
 [1] 1.0000 1.0000 1.0000 1.0000 0.2034 0.2086 0.1338 0.0424 0.0578 0.2890
[11] 0.2862 0.4744

[[2]]
 [1] 1.0000 1.0000 1.0000 0.0106 1.0000 0.0894 0.0228 0.0080 0.0196 0.0360
[11] 0.2690 0.1796

[[3]]
 [1] 1.0000 1.0000 1.0000 0.0028 0.0066 1.0000 0.5264 0.0450 0.0736 0.0218
[11] 0.0180 0.1326

[[4]]
 [1] 1.0000 1.0000 1.0000 0.0030 0.0048 1.0000 0.4664 0.1112 0.1998 0.0008
[11] 0.0320 0.2180

[[5]]
 [1] 1.0000 1.0000 1.0000 0.9936 0.8400 0.9274 0.9984 0.8094 0.9684 0.1434
[11] 0.9934 0.9930

[[6]]
 [1] 1.0000 1.0000 1.0000 0.0136 0.0494 0.0698 0.2008 0.1792 0.1526 0.5962
[11] 0.5558 1.0000

[[7]]
 [1] 1.0000 1.0000 1.0000 0.1958 0.4774 0.5180 1.0000 0.7788 0.6778 0.9016
[11] 0.9264 0.9530

[[8]]
 [1] 1.0000 1.0000 1.0000 0.0142 0.0422 0.8310 0.8554 0.6128 0.5180 0.2128
[11] 0.2610 0.5816

[[9]]
 [1] 1.0000 1.0000 1.0000 0.0958 0.5416 0.4292 0.2546 1.0000 0.1784 0.1220
[11] 0.6208 0.5664

[[10]]
 [1] 1.0000 1.0000 1.0000 0.1412 0.1838 0.2230 0.3238 0.0594 1.0000 0.6790
[11] 0.0832 0.9362

[[11]]
 [1] 1.0000 1.0000 1.0000 0.9524 0.6320 0.5566 0.6342 0.1878 0.5236 1.0000
[11] 1.0000 0.7094

[[12]]
 [1] 1.0000 1.0000 1.0000 0.0124 0.0458 0.8088 0.6916 0.1896 0.0832 1.0000
[11] 0.1014 0.5610

[[13]]
 [1] 1.0000 1.0000 1.0000 0.5194 0.8174 0.7970 0.8700 0.6376 0.7366 0.1654
[11] 0.7202 0.7342

[[14]]
 [1] 1.0000 1.0000 1.0000 0.0324 0.6042 0.8622 0.9204 0.2272 0.5250 0.0764
[11] 1.0000 0.8038

[[15]]
 [1] 1.0000 1.0000 1.0000 0.0542 0.1032 0.9824 0.1766 0.0266 0.0702 0.0470
[11] 1.0000 0.3228

[[16]]
 [1] 1.0000 1.0000 1.0000 0.0260 0.0490 0.0846 0.0930 0.0206 0.0434 0.0024
[11] 0.0294 0.1156

[[17]]
 [1] 1.0000 1.0000 1.0000 0.0092 0.0570 0.1016 0.1928 0.1104 0.0896 0.0010
[11] 0.0198 0.2736

[[18]]
 [1] 1.0000 1.0000 1.0000 0.0340 0.0392 0.2018 0.0386 0.0086 0.0196 0.0020
[11] 1.0000 0.5028

[[19]]
 [1] 1.0000 1.0000 1.0000 0.0048 0.0188 0.1300 0.0656 0.0470 0.0278 0.0732
[11] 0.0468 1.0000

[[20]]
 [1] 1.0000 1.0000 1.0000 0.3806 0.7146 0.9124 0.9418 0.6802 0.7256 0.8496
[11] 0.8644 0.7150

