[[1]]
 [1] 1.0000 1.0000 1.0000 1.0000 0.2840 0.5698 0.5934 0.3100 0.5624 0.0062
[11] 0.4532 0.5348

[[2]]
 [1] 1.0000 1.0000 1.0000 0.0124 1.0000 0.0708 0.1920 0.0062 0.0328 0.0016
[11] 0.1132 0.3472

[[3]]
 [1] 1.0000 1.0000 1.0000 0.0024 0.1206 1.0000 0.9998 0.8732 0.3338 0.1042
[11] 0.9882 0.9746

[[4]]
 [1] 1.0000 1.0000 1.0000 0.0010 0.0096 1.0000 0.0472 0.0128 0.0180 0.0110
[11] 0.0700 0.0608

[[5]]
 [1] 1.0000 1.0000 1.0000 0.0928 0.3566 0.6552 1.0000 0.8842 0.7638 0.1124
[11] 0.7700 0.5854

[[6]]
 [1] 1.0000 1.0000 1.0000 0.1022 0.1934 0.4662 0.9988 0.9394 0.4242 0.3878
[11] 0.9860 0.9994

[[7]]
 [1] 1.0000 1.0000 1.0000 0.0274 0.0758 0.4714 1.0000 0.0456 0.1272 0.0060
[11] 1.0000 0.3042

[[8]]
 [1] 1.0000 1.0000 1.0000 0.0064 0.0492 0.0712 0.9648 0.0570 0.2516 0.1164
[11] 0.0810 0.2964

[[9]]
 [1] 1.0000 1.0000 1.0000 0.0768 0.4732 0.2758 0.0670 1.0000 0.2544 0.0978
[11] 0.6578 0.4046

[[10]]
 [1] 1.0000 1.0000 1.0000 0.9544 0.1250 0.9630 0.6492 0.1200 1.0000 0.0686
[11] 0.1212 1.0000

[[11]]
 [1] 1.0000 1.0000 1.0000 0.4386 0.6654 0.5094 0.5602 0.0920 0.3946 1.0000
[11] 0.8410 0.7974

[[12]]
 [1] 1.0000 1.0000 1.0000 0.0262 0.3512 0.9984 0.9994 0.8310 0.2764 0.0678
[11] 0.2190 0.9846

[[13]]
 [1] 1.0000 1.0000 1.0000 0.6310 0.1622 0.1910 0.3284 0.1616 0.4150 0.6518
[11] 0.2072 0.8378

[[14]]
 [1] 1.0000 1.0000 1.0000 0.0256 0.9244 0.6758 0.5434 0.0192 0.1012 0.0066
[11] 1.0000 0.6958

[[15]]
 [1] 1.0000 1.0000 1.0000 0.0080 0.1678 0.8052 0.4592 0.0968 0.4596 0.4880
[11] 1.0000 0.8474

[[16]]
 [1] 1.0000 1.0000 1.0000 0.0232 0.0412 0.2154 0.1316 0.2138 0.0544 0.0008
[11] 0.6394 0.3530

[[17]]
 [1] 1.0000 1.0000 1.0000 0.0030 0.0158 0.0442 0.0342 0.0184 0.0144 0.0308
[11] 0.0090 0.0630

[[18]]
 [1] 1.0000 1.0000 1.0000 0.0158 0.8464 0.4444 0.3104 0.1284 0.1962 0.0176
[11] 1.0000 0.7314

[[19]]
 [1] 1.0000 1.0000 1.0000 0.0046 0.0172 0.1018 0.2014 0.0650 0.0226 0.0152
[11] 0.0490 1.0000

[[20]]
 [1] 1.0000 1.0000 1.0000 0.8242 0.4910 0.4352 0.4356 0.1962 0.9192 1.0000
[11] 0.9542 0.7384

