[[1]]
 [1] 1.0000 1.0000 1.0000 1.0000 0.2388 0.3482 0.4386 0.3760 0.9198 0.4096
[11] 0.3996 0.5470

[[2]]
 [1] 1.0000 1.0000 1.0000 0.0070 1.0000 0.8114 0.9064 0.6688 0.7480 0.7598
[11] 0.9008 0.8768

[[3]]
 [1] 1.0000 1.0000 1.0000 0.0016 0.0032 1.0000 0.2118 0.1232 0.1794 0.0614
[11] 0.0826 0.2136

[[4]]
 [1] 1.0000 1.0000 1.0000 0.0016 0.0088 1.0000 0.1408 0.0526 0.0730 0.2676
[11] 0.5290 0.5544

[[5]]
 [1] 1.0000 1.0000 1.0000 0.0304 0.9024 0.2420 1.0000 0.6764 0.8980 0.7402
[11] 0.8312 0.8648

[[6]]
 [1] 1.0000 1.0000 1.0000 0.2168 0.0282 0.0144 1.0000 0.3036 0.1892 0.1332
[11] 0.1586 0.8634

[[7]]
 [1] 1.0000 1.0000 1.0000 0.0248 0.0976 0.8186 1.0000 0.4512 0.5886 0.9854
[11] 0.9656 0.9546

[[8]]
 [1] 1.0000 1.0000 1.0000 0.0078 0.0446 0.1380 1.0000 0.2774 0.3678 0.3076
[11] 0.6354 0.9734

[[9]]
 [1] 1.0000 1.0000 1.0000 0.1244 0.4810 0.3964 0.1540 1.0000 0.1772 0.0266
[11] 0.2592 0.7902

[[10]]
 [1] 1.0000 1.0000 1.0000 0.0170 0.1584 0.1642 0.0202 0.0088 1.0000 0.4926
[11] 0.5798 0.9932

[[11]]
 [1] 1.0000 1.0000 1.0000 0.1788 0.7680 0.8202 0.7154 0.1726 0.9530 1.0000
[11] 0.9560 0.6768

[[12]]
 [1] 1.0000 1.0000 1.0000 0.1094 0.0210 1.0000 0.9998 0.7248 0.8622 0.9998
[11] 0.9756 0.9818

[[13]]
 [1] 1.0000 1.0000 1.0000 0.4254 0.9424 0.6944 0.6982 0.5168 0.7694 1.0000
[11] 0.9932 0.8076

[[14]]
 [1] 1.0000 1.0000 1.0000 0.0128 0.2996 0.1350 0.1030 0.0160 0.0348 0.0010
[11] 1.0000 0.9888

[[15]]
 [1] 1.0000 1.0000 1.0000 0.0124 0.0906 0.9012 0.3876 0.2522 0.2962 0.8342
[11] 1.0000 0.9892

[[16]]
 [1] 1.0000 1.0000 1.0000 0.0044 0.0088 0.3562 0.4796 0.3038 0.3216 0.0090
[11] 0.1528 0.2554

[[17]]
 [1] 1.0000 1.0000 1.0000 0.0046 0.0116 0.3846 0.2188 0.0686 0.0666 0.0084
[11] 0.0072 0.8008

[[18]]
 [1] 1.0000 1.0000 1.0000 0.0134 0.0618 0.4754 0.3100 0.1962 0.2736 0.0752
[11] 1.0000 0.9882

[[19]]
 [1] 1.0000 1.0000 1.0000 0.0018 0.0174 0.0060 0.2206 0.0918 0.1378 0.2506
[11] 0.1754 1.0000

[[20]]
 [1] 1.0000 1.0000 1.0000 0.9876 0.8190 0.4682 1.0000 0.1344 0.2408 0.8720
[11] 0.9950 0.8460

