[[1]]
 [1] 1.0000 1.0000 1.0000 1.0000 0.2956 0.7628 0.7556 0.4952 0.6090 0.2134
[11] 0.8392 0.6974

[[2]]
 [1] 1.0000 1.0000 1.0000 0.0070 1.0000 0.0948 0.0592 0.0352 0.0178 0.0268
[11] 0.0098 0.2024

[[3]]
 [1] 1.0000 1.0000 1.0000 0.0004 0.0076 1.0000 0.4736 0.1588 0.0362 0.0004
[11] 0.0098 0.2044

[[4]]
 [1] 1.0000 1.0000 1.0000 0.0016 0.0060 1.0000 0.5864 0.2146 0.0636 0.0130
[11] 0.0630 0.3116

[[5]]
 [1] 1.0000 1.0000 1.0000 0.0238 0.4772 0.2926 1.0000 0.0592 0.0384 0.2386
[11] 0.8024 0.5770

[[6]]
 [1] 1.0000 1.0000 1.0000 0.0308 0.0886 0.5900 0.9956 0.6358 0.7654 0.9838
[11] 0.9912 0.9962

[[7]]
 [1] 1.0000 1.0000 1.0000 0.0264 0.1430 0.1384 1.0000 0.0622 0.2824 0.0112
[11] 0.9984 0.9200

[[8]]
 [1] 1.0000 1.0000 1.0000 0.0058 0.0338 0.9814 0.9520 0.2796 0.7908 0.0510
[11] 0.1196 0.5276

[[9]]
 [1] 1.0000 1.0000 1.0000 0.8556 0.2458 0.2674 0.3266 1.0000 0.3512 0.0834
[11] 0.4290 0.7352

[[10]]
 [1] 1.0000 1.0000 1.0000 0.0206 0.1226 0.3344 0.4414 0.4142 1.0000 0.0104
[11] 0.2340 0.8418

[[11]]
 [1] 1.0000 1.0000 1.0000 0.1614 0.6694 0.4954 0.9698 0.9908 0.9442 1.0000
[11] 0.8444 0.7312

[[12]]
 [1] 1.0000 1.0000 1.0000 0.0162 0.0238 1.0000 0.9998 0.4114 0.0378 1.0000
[11] 0.0902 0.2866

[[13]]
 [1] 1.0000 1.0000 1.0000 0.1668 0.4574 0.4714 0.5878 1.0000 1.0000 0.4258
[11] 0.7368 0.8240

[[14]]
 [1] 1.0000 1.0000 1.0000 0.0132 0.1914 0.2340 0.9962 0.0688 0.0480 0.0078
[11] 1.0000 0.9626

[[15]]
 [1] 1.0000 1.0000 1.0000 0.0126 0.0780 0.4864 0.5264 0.1006 0.0702 0.0174
[11] 0.9960 0.8372

[[16]]
 [1] 1.0000 1.0000 1.0000 0.0014 0.0164 0.0806 0.0206 0.0116 0.0038 0.0166
[11] 1.0000 0.7310

[[17]]
 [1] 1.0000 1.0000 1.0000 0.0018 0.0058 0.0552 0.0138 0.0298 0.0030 0.0000
[11] 1.0000 0.3548

[[18]]
 [1] 1.0000 1.0000 1.0000 0.0552 0.1752 1.0000 0.2834 0.0798 0.1026 0.1114
[11] 1.0000 1.0000

[[19]]
 [1] 1.0000 1.0000 1.0000 0.0020 0.0236 0.6400 0.9874 0.8456 0.1502 0.2716
[11] 0.0444 1.0000

[[20]]
 [1] 1.0000 1.0000 1.0000 0.1688 0.5166 0.4598 0.4170 1.0000 1.0000 1.0000
[11] 0.7100 0.7552

