[[1]]
 [1] 1.0000 1.0000 1.0000 1.0000 1.0000 0.1756 0.1788 0.9114 0.4370 0.9458
[11] 0.0006 0.5826 0.8980

[[2]]
 [1] 1.0000 1.0000 1.0000 1.0000 0.0084 1.0000 0.0954 0.0304 0.0030 0.0128
[11] 0.0026 0.0026 0.1634

[[3]]
 [1] 1.0000 1.0000 1.0000 1.0000 0.0000 0.0032 1.0000 0.4110 0.1144 0.1202
[11] 0.0000 0.0016 0.1020

[[4]]
 [1] 1.0000 1.0000 1.0000 1.0000 0.0008 0.0050 1.0000 0.0242 0.0046 0.0138
[11] 0.0008 0.0086 0.0450

[[5]]
 [1] 1.0000 1.0000 1.0000 1.0000 0.7470 0.8038 0.9968 0.9954 0.8122 0.9894
[11] 0.2602 0.9976 0.9218

[[6]]
 [1] 1.0000 1.0000 1.0000 1.0000 0.0364 0.0378 0.1748 1.0000 1.0000 0.2178
[11] 1.0000 0.1678 0.8398

[[7]]
 [1] 1.0000 1.0000 1.0000 1.0000 0.1498 0.0924 0.2502 1.0000 1.0000 0.1932
[11] 1.0000 0.4610 0.5464

[[8]]
 [1] 1.0000 1.0000 1.0000 1.0000 0.0158 0.0316 0.1346 0.8424 0.3670 0.9330
[11] 0.0352 0.5786 0.6520

[[9]]
 [1] 1.0000 1.0000 1.0000 1.0000 0.1116 0.4286 0.4496 0.3314 1.0000 0.1296
[11] 0.1420 0.3178 0.5640

[[10]]
 [1] 1.0000 1.0000 1.0000 1.0000 0.0868 0.1446 0.1714 0.1448 0.0218 1.0000
[11] 0.0682 0.3672 0.9406

[[11]]
 [1] 1.0000 1.0000 1.0000 1.0000 1.0000 0.2788 0.2836 0.3222 0.0934 0.1960
[11] 0.1100 0.9614 0.7552

[[12]]
 [1] 1.0000 1.0000 1.0000 1.0000 0.0090 0.0230 1.0000 1.0000 0.6944 0.2018
[11] 0.0026 0.1386 0.3506

[[13]]
 [1] 1.0000 1.0000 1.0000 1.0000 0.3040 0.7890 0.6030 0.6330 0.8204 0.9714
[11] 0.5682 0.9188 0.6594

[[14]]
 [1] 1.0000 1.0000 1.0000 1.0000 0.0572 0.7096 0.2080 0.9992 0.6702 0.7030
[11] 0.0052 0.9590 0.9994

[[15]]
 [1] 1.0000 1.0000 1.0000 1.0000 0.0284 0.0806 0.2574 0.2490 0.5614 0.1196
[11] 0.0034 0.9982 0.9966

[[16]]
 [1] 1.0000 1.0000 1.0000 1.0000 0.0026 0.0124 0.2934 0.4678 0.0634 0.0228
[11] 0.2002 0.0378 0.0868

[[17]]
 [1] 1.0000 1.0000 1.0000 1.0000 0.0030 0.0074 0.0766 0.0082 0.0054 0.0066
[11] 0.0000 0.0110 0.3102

[[18]]
 [1] 1.0000 1.0000 1.0000 1.0000 0.0532 0.0388 0.9554 0.6998 0.5454 0.1408
[11] 0.3394 0.9542 1.0000

[[19]]
 [1] 1.0000 1.0000 1.0000 1.0000 0.0038 0.0120 0.0636 1.0000 0.0278 0.0334
[11] 0.0002 0.0300 1.0000

[[20]]
 [1] 1.0000 1.0000 1.0000 1.0000 1.0000 0.6670 0.8434 0.9998 0.2412 0.4504
[11] 1.0000 0.9560 0.8510

