[[1]]
 [1] 1.0000 1.0000 1.0000 1.0000 0.1846 0.3022 0.4650 0.1402 0.1694 0.2528
[11] 0.2594 0.3744

[[2]]
 [1] 1.0000 1.0000 1.0000 0.0156 1.0000 0.1904 0.1570 0.0150 0.0320 0.0510
[11] 0.1366 0.2396

[[3]]
 [1] 1.0000 1.0000 1.0000 0.0054 0.0140 1.0000 0.6298 0.6112 0.2004 0.1242
[11] 0.3916 0.8098

[[4]]
 [1] 1.0000 1.0000 1.0000 0.0024 0.0074 1.0000 0.8870 0.5510 0.2534 0.1110
[11] 0.3342 0.2742

[[5]]
 [1] 1.0000 1.0000 1.0000 0.0466 0.8444 0.2556 1.0000 0.3048 0.4994 0.2718
[11] 0.8432 0.8046

[[6]]
 [1] 1.0000 1.0000 1.0000 0.0192 0.0374 0.4398 0.9576 0.6774 0.7448 0.2682
[11] 0.8700 0.9986

[[7]]
 [1] 1.0000 1.0000 1.0000 0.1012 0.0682 0.6258 1.0000 0.0518 0.0740 0.4624
[11] 0.1286 0.5788

[[8]]
 [1] 1.0000 1.0000 1.0000 0.0096 0.0398 0.9052 0.3348 0.3110 0.2022 0.0298
[11] 0.4202 0.5476

[[9]]
 [1] 1.0000 1.0000 1.0000 0.0760 0.5448 0.3032 0.2634 1.0000 0.1164 0.0166
[11] 0.4744 0.5438

[[10]]
 [1] 1.0000 1.0000 1.0000 0.4904 0.1944 0.1780 0.0670 0.0132 1.0000 0.2224
[11] 0.0574 0.7668

[[11]]
 [1] 1.0000 1.0000 1.0000 0.9602 0.6350 0.4912 0.3482 0.0570 0.3016 1.0000
[11] 0.9976 0.6744

[[12]]
 [1] 1.0000 1.0000 1.0000 0.0194 0.0644 0.6806 0.3180 0.1332 0.0380 1.0000
[11] 0.2418 0.8990

[[13]]
 [1] 1.0000 1.0000 1.0000 0.3940 0.9790 0.8220 0.9254 0.7106 0.5730 0.5150
[11] 0.9472 0.9070

[[14]]
 [1] 1.0000 1.0000 1.0000 0.0174 0.2158 0.9862 1.0000 0.3950 0.5736 0.0038
[11] 0.2470 0.4178

[[15]]
 [1] 1.0000 1.0000 1.0000 0.0172 0.0590 0.8100 0.7634 0.0576 0.1788 0.0134
[11] 1.0000 0.5758

[[16]]
 [1] 1.0000 1.0000 1.0000 0.0220 0.0136 0.0526 0.0388 0.0090 0.0086 0.0122
[11] 1.0000 0.3328

[[17]]
 [1] 1.0000 1.0000 1.0000 0.0028 0.0402 0.1068 0.0178 0.0062 0.0074 0.0904
[11] 1.0000 0.4090

[[18]]
 [1] 1.0000 1.0000 1.0000 0.0182 0.0324 0.5330 0.9342 0.2308 0.4572 0.1220
[11] 0.3516 0.3470

[[19]]
 [1] 1.0000 1.0000 1.0000 0.0154 0.0264 0.5208 0.9512 0.0924 0.1034 0.0012
[11] 0.2980 1.0000

[[20]]
 [1] 1.0000 1.0000 1.0000 0.1078 0.8188 0.7988 1.0000 0.8294 0.5782 0.7302
[11] 1.0000 0.7142

