[[1]]
 [1] 1.0000 1.0000 1.0000 1.0000 0.3938 0.5874 1.0000 0.1366 0.1556 0.6336
[11] 0.1054 0.8552

[[2]]
 [1] 1.0000 1.0000 1.0000 0.0104 1.0000 0.0640 0.0168 0.0036 0.0136 0.0134
[11] 0.0228 0.1210

[[3]]
 [1] 1.0000 1.0000 1.0000 0.0160 0.6402 1.0000 1.0000 1.0000 1.0000 0.0370
[11] 0.6952 0.5452

[[4]]
 [1] 1.0000 1.0000 1.0000 0.0004 0.0130 1.0000 0.0858 0.0108 0.0164 0.0002
[11] 0.1250 0.0480

[[5]]
 [1] 1.0000 1.0000 1.0000 0.3858 0.9412 0.9974 1.0000 1.0000 1.0000 0.4016
[11] 1.0000 1.0000

[[6]]
 [1] 1.0000 1.0000 1.0000 0.0318 0.6902 0.8912 1.0000 1.0000 1.0000 0.0198
[11] 1.0000 1.0000

[[7]]
 [1] 1.0000 1.0000 1.0000 0.4014 0.7478 1.0000 1.0000 1.0000 1.0000 0.1248
[11] 0.7302 0.8558

[[8]]
 [1] 1.0000 1.0000 1.0000 0.0588 0.0902 0.2552 0.9186 0.1794 0.8248 0.0008
[11] 0.1046 0.2612

[[9]]
 [1] 1.0000 1.0000 1.0000 0.0624 0.7854 0.3404 0.1712 1.0000 0.1308 0.0194
[11] 0.3288 0.4708

[[10]]
 [1] 1.0000 1.0000 1.0000 0.0362 0.3108 0.5094 0.4218 0.0842 1.0000 0.0124
[11] 0.1578 0.6910

[[11]]
 [1] 1.0000 1.0000 1.0000 0.1384 0.9566 0.5294 0.2838 0.0490 0.9804 1.0000
[11] 0.9984 0.7392

[[12]]
 [1] 1.0000 1.0000 1.0000 0.0166 0.0706 0.7726 0.6536 0.1738 0.0436 0.0020
[11] 0.3570 1.0000

[[13]]
 [1] 1.0000 1.0000 1.0000 0.3180 0.7758 0.9708 0.6412 0.1648 0.3030 0.1118
[11] 0.8860 0.8820

[[14]]
 [1] 1.0000 1.0000 1.0000 0.0368 0.2392 0.6906 0.9574 0.0998 0.2726 0.2046
[11] 1.0000 0.5602

[[15]]
 [1] 1.0000 1.0000 1.0000 0.0088 0.0892 0.1248 0.0528 0.0132 0.0270 0.0070
[11] 1.0000 0.3850

[[16]]
 [1] 1.0000 1.0000 1.0000 0.0218 0.0588 0.1004 0.2148 0.0370 0.0406 0.2496
[11] 0.0324 0.4696

[[17]]
 [1] 1.0000 1.0000 1.0000 0.0058 0.1484 0.1720 0.0370 0.0204 0.1044 0.0010
[11] 0.0352 0.0850

[[18]]
 [1] 1.0000 1.0000 1.0000 0.0322 0.0790 0.3566 0.7728 0.1248 0.7898 0.1694
[11] 1.0000 0.6532

[[19]]
 [1] 1.0000 1.0000 1.0000 0.0110 0.0778 0.2608 0.9032 0.0928 0.0792 0.1758
[11] 0.1614 1.0000

[[20]]
 [1] 1.0000 1.0000 1.0000 0.8860 1.0000 0.4682 0.9600 0.1228 0.2626 0.2638
[11] 0.8998 0.9632

