[[1]]
 [1] 1.0000 1.0000 1.0000 1.0000 0.1824 0.1616 0.0566 0.1600 0.9524 0.4110
[11] 0.9832 0.0038

[[2]]
 [1] 1.0000 1.0000 1.0000 0.0074 1.0000 0.0636 0.0348 0.0012 0.0170 0.0022
[11] 0.0458 0.0016

[[3]]
 [1] 1.0000 1.0000 1.0000 0.0016 0.0028 1.0000 0.2152 0.0150 0.0280 0.0012
[11] 0.0032 0.0002

[[4]]
 [1] 1.0000 1.0000 1.0000 0.0008 0.0036 1.0000 0.7468 0.2506 0.2118 0.0222
[11] 0.1438 0.0116

[[5]]
 [1] 1.0000 1.0000 1.0000 0.0162 0.5740 0.1754 1.0000 0.5814 0.4860 0.9104
[11] 0.5308 0.8962

[[6]]
 [1] 1.0000 1.0000 1.0000 0.0066 0.0294 0.2466 1.0000 0.1362 0.1554 0.6516
[11] 0.0658 0.0028

[[7]]
 [1] 1.0000 1.0000 1.0000 0.4236 0.8116 0.9988 0.9928 0.9562 0.6602 0.9972
[11] 0.9036 0.7488

[[8]]
 [1] 1.0000 1.0000 1.0000 0.0148 0.0526 0.5692 1.0000 0.6052 0.5482 0.0466
[11] 0.3096 0.6332

[[9]]
 [1] 1.0000 1.0000 1.0000 0.0476 0.4108 0.4596 0.2336 1.0000 0.1212 0.0318
[11] 0.3790 0.0064

[[10]]
 [1] 1.0000 1.0000 1.0000 0.0186 0.1220 0.2052 0.9816 0.0410 1.0000 0.0498
[11] 0.1052 0.0014

[[11]]
 [1] 1.0000 1.0000 1.0000 0.9936 0.2938 0.6430 0.5892 0.4530 0.8774 0.2600
[11] 0.9796 0.0312

[[12]]
 [1] 1.0000 1.0000 1.0000 0.0136 0.0550 0.9950 0.7246 0.7956 0.4642 1.0000
[11] 0.9656 0.4988

[[13]]
 [1] 1.0000 1.0000 1.0000 0.3740 0.9672 0.7632 0.8534 0.5704 0.8544 0.9978
[11] 0.9294 0.0026

[[14]]
 [1] 1.0000 1.0000 1.0000 0.0106 0.6034 0.0758 0.9978 0.0168 0.0308 0.0076
[11] 1.0000 0.0260

[[15]]
 [1] 1.0000 1.0000 1.0000 0.0058 0.0738 0.1346 0.0894 0.0078 0.0152 0.0816
[11] 1.0000 0.0022

[[16]]
 [1] 1.0000 1.0000 1.0000 0.0018 0.0108 0.2822 0.1400 0.0976 0.0368 0.2154
[11] 1.0000 0.0020

[[17]]
 [1] 1.0000 1.0000 1.0000 0.0026 0.0094 0.3464 0.0238 0.0086 0.0084 0.0006
[11] 1.0000 0.0008

[[18]]
 [1] 1.0000 1.0000 1.0000 0.0122 0.0384 1.0000 1.0000 0.2670 0.2244 0.0212
[11] 1.0000 0.2422

[[19]]
 [1] 1.0000 1.0000 1.0000 0.8870 1.0000 0.9924 0.9838 0.9786 0.9578 0.6854
[11] 0.9992 1.0000

[[20]]
 [1] 1.0000 1.0000 1.0000 0.8498 0.7308 0.5798 0.8542 0.6082 0.9540 0.9084
[11] 0.8698 0.1162

