[[1]]
 [1] 1.0000 1.0000 1.0000 1.0000 0.3188 0.3804 0.6834 0.3742 0.7850 0.1684
[11] 0.4228 0.5644

[[2]]
 [1] 1.0000 1.0000 1.0000 0.0158 1.0000 0.0768 0.1184 0.0064 0.0286 0.1734
[11] 0.2384 0.3298

[[3]]
 [1] 1.0000 1.0000 1.0000 0.0020 0.0070 1.0000 0.0382 0.0170 0.0166 0.0148
[11] 0.0186 0.0630

[[4]]
 [1] 1.0000 1.0000 1.0000 0.0040 0.0416 1.0000 0.2622 0.0948 0.1156 0.3706
[11] 0.2876 0.4848

[[5]]
 [1] 1.0000 1.0000 1.0000 0.8484 0.4402 0.9582 1.0000 0.9310 0.9896 0.4136
[11] 0.8334 0.8690

[[6]]
 [1] 1.0000 1.0000 1.0000 0.1648 0.2838 0.4658 0.9946 0.9830 0.7956 0.3026
[11] 0.9866 1.0000

[[7]]
 [1] 1.0000 1.0000 1.0000 0.4472 0.0888 0.1910 1.0000 0.1198 0.2330 0.0108
[11] 0.8916 0.6220

[[8]]
 [1] 1.0000 1.0000 1.0000 0.0234 0.0554 0.4008 0.6718 0.0420 0.9152 0.0866
[11] 0.1938 0.4068

[[9]]
 [1] 1.0000 1.0000 1.0000 0.1116 0.4974 0.3538 0.3238 1.0000 0.3054 0.0094
[11] 0.5034 0.5592

[[10]]
 [1] 1.0000 1.0000 1.0000 0.2482 0.1760 0.7702 0.4710 0.1850 1.0000 0.0108
[11] 0.9974 0.9942

[[11]]
 [1] 1.0000 1.0000 1.0000 0.4444 0.7098 0.8092 0.8270 0.1482 0.4466 1.0000
[11] 0.7944 0.7786

[[12]]
 [1] 1.0000 1.0000 1.0000 0.0056 0.1200 0.9786 0.9632 0.3128 0.3196 1.0000
[11] 0.6070 0.7104

[[13]]
 [1] 1.0000 1.0000 1.0000 0.2638 0.9734 0.6820 0.7768 0.4296 0.4784 0.8396
[11] 0.9542 0.7916

[[14]]
 [1] 1.0000 1.0000 1.0000 0.0774 0.8432 0.3724 0.4130 0.0312 0.0856 0.0020
[11] 1.0000 0.7368

[[15]]
 [1] 1.0000 1.0000 1.0000 0.0144 0.1962 0.2240 0.2418 0.1328 0.2028 0.0048
[11] 1.0000 0.7844

[[16]]
 [1] 1.0000 1.0000 1.0000 0.0074 0.0206 0.2768 0.0162 0.1704 0.0496 0.0038
[11] 0.1458 0.1518

[[17]]
 [1] 1.0000 1.0000 1.0000 0.0016 0.0166 0.0538 0.0264 0.0078 0.0068 0.0070
[11] 0.0056 0.0638

[[18]]
 [1] 1.0000 1.0000 1.0000 0.0116 0.5360 0.9230 0.4316 0.2500 0.6726 0.0280
[11] 1.0000 0.8850

[[19]]
 [1] 1.0000 1.0000 1.0000 0.0022 0.0176 0.0568 0.1634 0.1122 0.0432 0.0018
[11] 0.0902 1.0000

[[20]]
 [1] 1.0000 1.0000 1.0000 0.9990 0.5692 0.6234 0.7934 0.0810 0.9948 0.2914
[11] 1.0000 0.9998

