[[1]]
 [1] 1.0000 1.0000 1.0000 1.0000 0.2424 0.5412 0.9428 0.6616 0.2544 0.7608
[11] 0.1464 0.6842

[[2]]
 [1] 1.0000 1.0000 1.0000 0.0088 1.0000 0.1324 0.0480 0.0434 0.0432 0.0930
[11] 0.0546 0.1816

[[3]]
 [1] 1.0000 1.0000 1.0000 0.0012 0.0062 1.0000 0.0272 0.0086 0.0118 0.0350
[11] 0.0062 0.0450

[[4]]
 [1] 1.0000 1.0000 1.0000 0.0034 0.0082 1.0000 0.5462 0.0450 0.0588 0.0206
[11] 0.0380 0.1398

[[5]]
 [1] 1.0000 1.0000 1.0000 0.8960 0.9518 0.9822 1.0000 0.6474 1.0000 0.4546
[11] 1.0000 0.9916

[[6]]
 [1] 1.0000 1.0000 1.0000 0.0414 0.1522 0.9914 1.0000 0.8624 0.9756 0.1536
[11] 0.5780 0.9886

[[7]]
 [1] 1.0000 1.0000 1.0000 0.0140 0.0726 0.4146 1.0000 0.3420 0.2934 0.1762
[11] 0.4890 0.6022

[[8]]
 [1] 1.0000 1.0000 1.0000 0.0224 0.1382 0.4646 0.6070 0.2142 0.8976 0.0032
[11] 0.4056 0.4528

[[9]]
 [1] 1.0000 1.0000 1.0000 0.0942 0.4500 0.2928 0.7078 1.0000 0.1028 0.7806
[11] 0.4932 0.5206

[[10]]
 [1] 1.0000 1.0000 1.0000 0.0432 0.1914 0.2220 0.3184 0.0240 1.0000 0.0686
[11] 0.1398 0.9600

[[11]]
 [1] 1.0000 1.0000 1.0000 0.1162 0.4430 0.9944 0.6586 0.1854 0.2710 1.0000
[11] 0.5176 0.9924

[[12]]
 [1] 1.0000 1.0000 1.0000 0.0044 0.1154 0.9940 0.9902 0.0400 0.0686 1.0000
[11] 0.0710 0.1590

[[13]]
 [1] 1.0000 1.0000 1.0000 0.4552 0.9866 0.7540 0.5772 0.6448 0.6422 0.4614
[11] 0.8774 0.8740

[[14]]
 [1] 1.0000 1.0000 1.0000 0.0388 0.9506 0.1296 0.7512 0.0786 0.2180 0.0194
[11] 1.0000 0.5900

[[15]]
 [1] 1.0000 1.0000 1.0000 0.0334 0.6180 0.6928 0.9992 0.2864 0.9998 0.9926
[11] 1.0000 0.9888

[[16]]
 [1] 1.0000 1.0000 1.0000 0.0034 0.0662 0.0940 0.0650 0.0058 0.0054 0.0170
[11] 1.0000 0.4210

[[17]]
 [1] 1.0000 1.0000 1.0000 0.0026 0.0116 0.2048 0.1626 0.0262 0.0198 0.0016
[11] 0.0114 0.3498

[[18]]
 [1] 1.0000 1.0000 1.0000 0.0070 0.0776 0.7252 0.8618 0.4092 0.2826 0.0066
[11] 1.0000 0.7312

[[19]]
 [1] 1.0000 1.0000 1.0000 0.0030 0.0382 0.0658 0.2490 0.0160 0.0130 0.0088
[11] 0.0928 1.0000

[[20]]
 [1] 1.0000 1.0000 1.0000 0.3142 0.5432 0.9938 0.9994 0.9662 0.9980 0.1912
[11] 0.9320 0.9476

