[[1]]
 [1] 1.0000000 1.0000000 1.0000000 0.3333333 1.0000000 0.3333333 1.0000000
 [8] 0.5555556 0.7777778 0.7777778 1.0000000 0.5555556

[[2]]
 [1] 1.0000000 1.0000000 1.0000000 0.0000000 0.0000000 1.0000000 0.0000000
 [8] 0.1111111 0.3333333 0.0000000 0.0000000 0.0000000

[[3]]
 [1] 1.0000000 1.0000000 1.0000000 1.0000000 0.0000000 0.0000000 1.0000000
 [8] 0.6666667 0.0000000 0.0000000 1.0000000 0.0000000

[[4]]
 [1] 1.0000000 1.0000000 1.0000000 1.0000000 1.0000000 0.2222222 0.0000000
 [8] 0.0000000 1.0000000 1.0000000 0.7777778 0.8888889

[[5]]
 [1] 1.0000000 1.0000000 1.0000000 0.8888889 0.0000000 0.0000000 1.0000000
 [8] 1.0000000 0.1111111 0.6666667 1.0000000 0.5555556

[[6]]
 [1] 1.0000000 1.0000000 1.0000000 1.0000000 0.0000000 0.8888889 1.0000000
 [8] 1.0000000 0.0000000 0.0000000 1.0000000 1.0000000

[[7]]
 [1] 1.0000000 1.0000000 1.0000000 0.8888889 0.1111111 1.0000000 1.0000000
 [8] 1.0000000 1.0000000 1.0000000 1.0000000 0.8888889

[[8]]
 [1] 1.0000000 1.0000000 1.0000000 0.7777778 0.5555556 1.0000000 1.0000000
 [8] 0.4444444 0.0000000 0.0000000 0.4444444 0.0000000

[[9]]
 [1] 1.0000000 1.0000000 1.0000000 0.7777778 1.0000000 1.0000000 1.0000000
 [8] 0.8888889 1.0000000 1.0000000 0.2222222 0.5555556

[[10]]
 [1] 1.0000000 1.0000000 1.0000000 1.0000000 1.0000000 0.5555556 1.0000000
 [8] 1.0000000 0.7777778 1.0000000 1.0000000 0.8888889

[[11]]
 [1] 1.0000000 1.0000000 1.0000000 0.6666667 0.2222222 0.6666667 1.0000000
 [8] 0.7777778 0.1111111 1.0000000 0.3333333 0.7777778

[[12]]
 [1] 1.0000000 1.0000000 1.0000000 0.5555556 1.0000000 0.0000000 0.5555556
 [8] 0.5555556 0.2222222 1.0000000 0.6666667 1.0000000

[[13]]
 [1] 1.0000000 1.0000000 1.0000000 1.0000000 0.4444444 0.8888889 1.0000000
 [8] 0.8888889 0.3333333 0.2222222 1.0000000 0.8888889

[[14]]
 [1] 1.0000000 1.0000000 1.0000000 0.5555556 0.0000000 0.1111111 0.0000000
 [8] 1.0000000 0.2222222 0.0000000 1.0000000 1.0000000

[[15]]
 [1] 1.0000000 1.0000000 1.0000000 1.0000000 0.0000000 0.0000000 0.0000000
 [8] 1.0000000 0.0000000 0.0000000 1.0000000 0.7777778

[[16]]
 [1] 1.0000000 1.0000000 1.0000000 1.0000000 0.0000000 0.0000000 0.0000000
 [8] 0.4444444 0.0000000 1.0000000 0.0000000 0.0000000

[[17]]
 [1] 1.0000000 1.0000000 1.0000000 0.8888889 0.0000000 0.0000000 0.0000000
 [8] 0.1111111 0.0000000 0.0000000 1.0000000 0.0000000

[[18]]
 [1] 1.0000000 1.0000000 1.0000000 0.2222222 1.0000000 0.0000000 1.0000000
 [8] 0.6666667 0.1111111 1.0000000 1.0000000 0.0000000

[[19]]
 [1] 1.0000000 1.0000000 1.0000000 0.0000000 0.0000000 0.0000000 1.0000000
 [8] 0.2222222 0.0000000 1.0000000 0.0000000 0.3333333

[[20]]
 [1] 1.0000000 1.0000000 1.0000000 0.6666667 0.0000000 0.1111111 1.0000000
 [8] 0.7777778 0.1111111 1.0000000 0.2222222 1.0000000

