[[1]]
 [1] 1.0000 1.0000 1.0000 0.8714 1.0000 0.1716 0.0788 0.3478 0.0608 0.0184
[11] 0.1014 0.8270

[[2]]
 [1] 1.0000 1.0000 1.0000 0.5208 0.0068 1.0000 0.0072 0.3436 0.0024 0.0056
[11] 0.0020 0.1048

[[3]]
 [1] 1.0000 1.0000 1.0000 1.0000 0.0022 0.1176 0.5320 0.0276 0.0502 0.0140
[11] 0.0040 0.0914

[[4]]
 [1] 1.0000 1.0000 1.0000 0.4248 0.0008 0.0022 1.0000 0.4124 0.0020 0.0120
[11] 0.0000 0.0092

[[5]]
 [1] 1.0000 1.0000 1.0000 0.7882 0.9936 0.6318 1.0000 1.0000 0.6262 0.9788
[11] 0.9910 0.9380

[[6]]
 [1] 1.0000 1.0000 1.0000 0.5446 0.0060 0.0632 1.0000 0.8752 0.0112 0.3558
[11] 0.0358 0.2494

[[7]]
 [1] 1.0000 1.0000 1.0000 0.5742 0.0062 0.9792 1.0000 0.7044 0.0298 0.0884
[11] 0.0286 0.9436

[[8]]
 [1] 1.0000 1.0000 1.0000 0.5668 0.9036 0.3616 0.6174 0.3572 0.0656 0.0420
[11] 0.0786 0.1128

[[9]]
 [1] 1.0000 1.0000 1.0000 0.7854 0.0544 0.3660 0.2586 0.8460 1.0000 0.5702
[11] 0.1954 0.8574

[[10]]
 [1] 1.0000 1.0000 1.0000 0.8678 0.6128 0.6026 0.7220 0.7848 0.3112 0.9998
[11] 0.9608 0.8144

[[11]]
 [1] 1.0000 1.0000 1.0000 0.8728 0.9838 0.7672 0.9950 0.9512 0.2394 0.9712
[11] 0.9920 0.9082

[[12]]
 [1] 1.0000 1.0000 1.0000 0.9664 0.6024 0.2604 1.0000 0.1658 0.9716 0.1606
[11] 0.1890 0.7350

[[13]]
 [1] 1.0000 1.0000 1.0000 0.9946 0.5478 0.8488 0.8198 0.9836 0.5476 0.6786
[11] 0.9996 0.9392

[[14]]
 [1] 1.0000 1.0000 1.0000 0.5798 0.0068 0.5046 0.9252 0.1558 0.0064 0.1464
[11] 1.0000 0.2440

[[15]]
 [1] 1.0000 1.0000 1.0000 0.9944 0.0132 0.9100 0.2360 0.2138 0.0074 0.0150
[11] 1.0000 0.6354

[[16]]
 [1] 1.0000 1.0000 1.0000 0.8014 0.0220 0.2620 0.1358 0.0268 0.0496 0.0012
[11] 0.0022 0.2992

[[17]]
 [1] 1.0000 1.0000 1.0000 0.1244 0.0010 0.0068 0.0000 0.0158 0.0016 0.0000
[11] 1.0000 0.1704

[[18]]
 [1] 1.0000 1.0000 1.0000 0.9968 0.0108 0.0296 0.9138 0.1466 0.0336 0.1182
[11] 0.9932 1.0000

[[19]]
 [1] 1.0000 1.0000 1.0000 1.0000 0.0138 0.0204 1.0000 0.3238 0.7866 0.0472
[11] 0.0178 0.4978

[[20]]
 [1] 1.0000 1.0000 1.0000 0.6706 0.7996 0.5786 0.0416 1.0000 0.9960 0.3606
[11] 1.0000 0.7016

