[[1]]
 [1] 1.0000 1.0000 1.0000 0.6146 1.0000 0.1940 0.1062 0.6612 0.0260 0.0444
[11] 0.9010 0.6672

[[2]]
 [1] 1.0000 1.0000 1.0000 0.7284 0.0306 0.9998 0.1484 0.3578 0.0254 0.1280
[11] 0.1824 0.2482

[[3]]
 [1] 1.0000 1.0000 1.0000 0.5638 0.0638 0.0596 0.9998 0.4494 0.0492 0.3066
[11] 0.0602 0.9242

[[4]]
 [1] 1.0000 1.0000 1.0000 0.8026 0.5686 0.0186 0.4348 0.2982 0.0308 0.0308
[11] 0.2642 0.1408

[[5]]
 [1] 1.0000 1.0000 1.0000 0.6600 0.1424 0.9950 1.0000 0.9706 0.1196 0.9192
[11] 0.3558 0.7112

[[6]]
 [1] 1.0000 1.0000 1.0000 0.8276 0.0588 0.1856 0.1802 0.2444 0.9872 0.8634
[11] 1.0000 0.9828

[[7]]
 [1] 1.0000 1.0000 1.0000 0.5904 0.0248 0.9916 1.0000 0.4776 0.8658 0.0624
[11] 0.9366 0.3620

[[8]]
 [1] 1.0000 1.0000 1.0000 0.6864 0.1042 0.3942 0.4774 0.1666 0.0144 0.0106
[11] 0.0222 0.1268

[[9]]
 [1] 1.0000 1.0000 1.0000 0.7932 0.2418 0.5658 0.1150 0.7206 1.0000 0.1112
[11] 0.7794 0.7174

[[10]]
 [1] 1.0000 1.0000 1.0000 0.6488 0.2440 0.3290 0.0580 0.4702 0.0392 1.0000
[11] 0.9882 0.9040

[[11]]
 [1] 1.0000 1.0000 1.0000 0.9596 0.6462 0.8014 0.4258 0.8644 0.9844 0.8110
[11] 0.9092 0.7918

[[12]]
 [1] 1.0000 1.0000 1.0000 0.5892 0.1932 0.0460 1.0000 0.1728 0.0764 0.0382
[11] 0.6624 0.3412

[[13]]
 [1] 1.0000 1.0000 1.0000 0.6222 0.2292 0.4968 1.0000 0.6036 0.4202 0.8660
[11] 0.8890 0.5930

[[14]]
 [1] 1.0000 1.0000 1.0000 0.6148 0.0346 0.3984 1.0000 0.6600 0.0252 0.3266
[11] 0.2752 1.0000

[[15]]
 [1] 1.0000 1.0000 1.0000 0.6042 0.0262 0.9754 0.9998 0.5378 0.7960 0.8040
[11] 0.9984 0.9976

[[16]]
 [1] 1.0000 1.0000 1.0000 0.4028 0.0076 0.0210 0.0050 0.1206 0.0042 0.0016
[11] 0.2236 0.9306

[[17]]
 [1] 1.0000 1.0000 1.0000 0.5760 0.0124 0.0682 0.0834 0.0560 0.0064 0.0286
[11] 0.4934 0.0744

[[18]]
 [1] 1.0000 1.0000 1.0000 0.6146 0.9226 0.1020 0.0278 0.8782 0.1858 0.1530
[11] 0.0914 0.9920

[[19]]
 [1] 1.0000 1.0000 1.0000 0.5680 0.0156 1.0000 0.9844 0.1738 0.1130 0.0092
[11] 0.1832 0.0790

[[20]]
 [1] 1.0000 1.0000 1.0000 0.6670 0.6108 0.5834 0.9188 0.7684 0.7490 0.9564
[11] 1.0000 0.6842

