[[1]]
                     Prob          Low          Med           Up         Mean
per03           1.0000000 -0.698179945 -0.001497938  0.727871141  0.043449274
per04           1.0000000 -0.612589651  0.156870238  0.900100296  0.163916523
per05           1.0000000 -0.749411344 -0.599689413 -0.210562554 -0.519913012
per06           1.0000000 -0.490052118  0.296698749  0.676911455  0.200754315
per07           1.0000000 -0.219400677  0.458612436  0.833622154  0.354589714
per08           1.0000000 -0.731135370 -0.280810495  0.524006138 -0.218666795
cc2             1.0000000 -0.925848067  0.354380186  0.647468481  0.144727936
cc3             1.0000000  0.034337036  0.508382571  1.455118861  0.563741218
cc4             1.0000000 -2.439486791 -1.363303673  0.068784139 -1.332342198
cc5             1.0000000 -0.915809937 -0.359751816  0.470853115 -0.276015503
cc6             1.0000000 -0.017382441  1.497668850  1.854005758  1.129251597
cc7             1.0000000 -1.159139798 -0.349424394  0.484878043 -0.367529085
cc8             1.0000000 -0.361864735  0.604218820  0.942001360  0.379247079
cc9             1.0000000 -1.521218976 -0.004962099  0.536339613 -0.189049710
cc10            1.0000000 -0.260836293  0.485289247  0.993299888  0.376942066
cc11            1.0000000 -1.532983326 -0.255932233  0.055319014 -0.481389367
cc12            1.0000000 -0.984012571 -0.272490907  0.330073502 -0.349483432
1               0.0000000  0.000000000  0.000000000  0.000000000  0.000000000
lcentralization 1.0000000  0.982534180  0.997910966  1.030256957  1.003424145
lwarfare        0.2222222 -0.021976867  0.000000000  0.014115155 -0.001091904
larea           0.3333333 -0.180835852  0.000000000  0.155091361 -0.001195748
lpopulation     0.0000000  0.000000000  0.000000000  0.000000000  0.000000000
ldepend15       0.0000000  0.000000000  0.000000000  0.000000000  0.000000000
ldepend64       0.0000000  0.000000000  0.000000000  0.000000000  0.000000000
lurban          0.0000000  0.000000000  0.000000000  0.000000000  0.000000000
lpop_growth     0.1111111 -0.007911454  0.000000000  0.000000000 -0.001098813
ltrade          0.3333333 -0.016865813  0.000000000  0.004346507 -0.002673424
lgini_gross     0.0000000  0.000000000  0.000000000  0.000000000  0.000000000
ldebt           0.0000000  0.000000000  0.000000000  0.000000000  0.000000000
lfdi_liab       0.0000000  0.000000000  0.000000000  0.000000000  0.000000000
linflation      0.4444444 -0.012631520  0.000000000  0.000000000 -0.004321366
ldemocracy      0.0000000  0.000000000  0.000000000  0.000000000  0.000000000
lpol_comp       0.0000000  0.000000000  0.000000000  0.000000000  0.000000000
lpresidential   0.2222222  0.000000000  0.000000000  0.789598963  0.117516299
lplurality      0.1111111 -0.343943256  0.000000000  0.000000000 -0.047769897
lpol_rights     0.7777778 -0.326148567  0.000000000  0.080411921 -0.079895482
lgdp_pc         0.0000000  0.000000000  0.000000000  0.000000000  0.000000000
                         SD     CondMean      CondSD
per03           0.500449442  0.043449274 0.500449442
per04           0.625336676  0.163916523 0.625336676
per05           0.195619263 -0.519913012 0.195619263
per06           0.455146931  0.200754315 0.455146931
per07           0.362408426  0.354589714 0.362408426
per08           0.447320616 -0.218666795 0.447320616
cc2             0.565019472  0.144727936 0.565019472
cc3             0.517604896  0.563741218 0.517604896
cc4             0.806687829 -1.332342198 0.806687829
cc5             0.441465986 -0.276015503 0.441465986
cc6             0.691127855  1.129251597 0.691127855
cc7             0.538360521 -0.367529085 0.538360521
cc8             0.532215548  0.379247079 0.532215548
cc9             0.675593687 -0.189049710 0.675593687
cc10            0.467747026  0.376942066 0.467747026
cc11            0.557742200 -0.481389367 0.557742200
cc12            0.450523147 -0.349483432 0.450523147
1               0.000000000          NaN          NA
lcentralization 0.017465478  1.003424145 0.017465478
lwarfare        0.011484984 -0.004913570 0.031901142
larea           0.104142358 -0.003587243 0.208253822
lpopulation     0.000000000          NaN          NA
ldepend15       0.000000000          NaN          NA
ldepend64       0.000000000          NaN          NA
lurban          0.000000000          NaN          NA
lpop_growth     0.003296439 -0.009889317          NA
ltrade          0.007289396 -0.008020273 0.012174414
lgini_gross     0.000000000          NaN          NA
ldebt           0.000000000          NaN          NA
lfdi_liab       0.000000000          NaN          NA
linflation      0.005459200 -0.009723074 0.003073441
ldemocracy      0.000000000          NaN          NA
lpol_comp       0.000000000          NaN          NA
lpresidential   0.318750903  0.528823347 0.614654022
lplurality      0.143309690 -0.429929070          NA
lpol_rights     0.155381811 -0.102722763 0.171626479
lgdp_pc         0.000000000          NaN          NA

[[2]]
                     Prob         Low          Med            Up         Mean
per03           1.0000000 -0.10670787  0.933467203  1.5056629965  0.768617429
per04           1.0000000 -0.53033523 -0.011909870  1.0707513022  0.142163697
per05           1.0000000 -0.98179992 -0.585451450  0.1862211830 -0.533930477
per06           1.0000000 -1.05764122 -0.301436589  0.3611912658 -0.310216865
per07           1.0000000 -0.35363882  0.001718919  0.7816770605  0.077834989
per08           1.0000000 -0.62600608  0.266651391  1.6715449306  0.332271151
cc2             1.0000000 -2.28651659  0.217108406  1.7413114520 -0.112185945
cc3             1.0000000 -3.04074177 -2.454480409 -1.7596006326 -2.391736164
cc4             1.0000000 -0.36532937  1.028799353  1.6923720825  0.958760885
cc5             1.0000000  0.07410167  1.108420166  1.9867868083  1.146421433
cc6             1.0000000 -1.04839651  0.379870680  1.5962100746  0.312797383
cc7             1.0000000  0.13479987  0.504985616  1.5264802224  0.703078584
cc8             1.0000000 -1.02513032 -0.512419785  0.1103560117 -0.485118738
cc9             1.0000000 -1.07994974  0.076843427  0.7878298443 -0.126499438
cc10            1.0000000 -1.65797605 -0.875474476  0.2032034596 -0.672656632
cc11            1.0000000 -0.82813943  0.264832419  1.0249233565  0.242366223
cc12            1.0000000 -1.21817518 -0.269099914  0.4397031053 -0.292398811
1               0.7777778 -1.48257012  0.000000000  0.7866397155 -0.210008601
lcentralization 0.0000000  0.00000000  0.000000000  0.0000000000  0.000000000
lwarfare        1.0000000  0.17473712  0.472364801  0.5192659527  0.413576184
larea           0.6666667 -0.07166128  0.000000000  0.5589194549  0.146313349
lpopulation     1.0000000 -0.23227803  0.098988905  0.2306398412  0.040729732
ldepend15       0.7777778 -0.01542356 -0.003887987  0.0169123906 -0.002486676
ldepend64       0.0000000  0.00000000  0.000000000  0.0000000000  0.000000000
lurban          0.8888889 -0.02795720 -0.010085325  0.0006930895 -0.011904939
lpop_growth     0.4444444 -0.09272050  0.000000000  0.1749821673  0.022067386
ltrade          0.0000000  0.00000000  0.000000000  0.0000000000  0.000000000
lgini_gross     0.0000000  0.00000000  0.000000000  0.0000000000  0.000000000
ldebt           0.0000000  0.00000000  0.000000000  0.0000000000  0.000000000
lfdi_liab       0.0000000  0.00000000  0.000000000  0.0000000000  0.000000000
linflation      0.0000000  0.00000000  0.000000000  0.0000000000  0.000000000
ldemocracy      0.0000000  0.00000000  0.000000000  0.0000000000  0.000000000
lpol_comp       0.0000000  0.00000000  0.000000000  0.0000000000  0.000000000
lpresidential   0.0000000  0.00000000  0.000000000  0.0000000000  0.000000000
lplurality      0.0000000  0.00000000  0.000000000  0.0000000000  0.000000000
lpol_rights     0.4444444 -0.37600206  0.000000000  0.0597796455 -0.071959527
lgdp_pc         0.0000000  0.00000000  0.000000000  0.0000000000  0.000000000
                        SD     CondMean     CondSD
per03           0.58807958  0.768617429 0.58807958
per04           0.55389368  0.142163697 0.55389368
per05           0.42447632 -0.533930477 0.42447632
per06           0.46688728 -0.310216865 0.46688728
per07           0.42124498  0.077834989 0.42124498
per08           0.74914653  0.332271151 0.74914653
cc2             1.35271244 -0.112185945 1.35271244
cc3             0.44871694 -2.391736164 0.44871694
cc4             0.71654402  0.958760885 0.71654402
cc5             0.65675867  1.146421433 0.65675867
cc6             0.84296665  0.312797383 0.84296665
cc7             0.52855273  0.703078584 0.52855273
cc8             0.40738479 -0.485118738 0.40738479
cc9             0.79299140 -0.126499438 0.79299140
cc10            0.67734862 -0.672656632 0.67734862
cc11            0.61386574  0.242366223 0.61386574
cc12            0.57380108 -0.292398811 0.57380108
1               0.73755656 -0.270011058 0.84048678
lcentralization 0.00000000          NaN         NA
lwarfare        0.12230621  0.413576184 0.12230621
larea           0.24550578  0.219470024 0.27779507
lpopulation     0.16902494  0.040729732 0.16902494
ldepend15       0.01071726 -0.003197155 0.01226769
ldepend64       0.00000000          NaN         NA
lurban          0.01147022 -0.013393056 0.01129529
lpop_growth     0.08764648  0.049651620 0.13659775
ltrade          0.00000000          NaN         NA
lgini_gross     0.00000000          NaN         NA
ldebt           0.00000000          NaN         NA
lfdi_liab       0.00000000          NaN         NA
linflation      0.00000000          NaN         NA
ldemocracy      0.00000000          NaN         NA
lpol_comp       0.00000000          NaN         NA
lpresidential   0.00000000          NaN         NA
lplurality      0.00000000          NaN         NA
lpol_rights     0.15261432 -0.161908935 0.20661929
lgdp_pc         0.00000000          NaN         NA

[[3]]
                     Prob           Low           Med            Up
per03           1.0000000  1.815164e-02  0.1340428214  4.891299e-01
per04           1.0000000  6.171462e-02  0.2453390362  7.221496e-01
per05           1.0000000  7.065073e-02  0.2169658625  5.930533e-01
per06           1.0000000  8.284419e-02  0.1515226238  2.725672e-01
per07           1.0000000  7.288075e-02  0.2260346001  4.089366e-01
per08           1.0000000  1.082008e-01  0.1939312647  4.680556e-01
cc2             1.0000000 -7.442327e-01 -0.0390103699  6.025920e-01
cc3             1.0000000 -4.217189e-02  0.0851996617  4.092888e-01
cc4             1.0000000 -2.411027e-01  0.4259692676  1.286821e+00
cc5             1.0000000 -3.450246e-01 -0.0048539581  2.792108e-01
cc6             1.0000000 -4.605585e-01 -0.3254168738 -8.937199e-02
cc7             1.0000000 -8.667463e-01 -0.6019355907 -1.603354e-01
cc8             1.0000000 -3.289969e-01 -0.0382966345  1.685151e-01
cc9             1.0000000 -5.499597e-01 -0.1709941428 -1.922178e-03
cc10            1.0000000 -4.059995e-01 -0.0397222661  3.132050e-01
cc11            1.0000000 -5.918033e-01 -0.1112678312  1.352275e-01
cc12            1.0000000 -4.899623e-01 -0.2999099964  2.900719e-03
1               0.8888889 -1.269444e+00 -0.1436295944  1.247044e+00
lcentralization 1.0000000 -9.180122e-03  0.0036194674  2.605911e-02
lwarfare        0.0000000  0.000000e+00  0.0000000000  0.000000e+00
larea           1.0000000  8.431258e-01  0.9792781707  1.020855e+00
lpopulation     0.0000000  0.000000e+00  0.0000000000  0.000000e+00
ldepend15       0.0000000  0.000000e+00  0.0000000000  0.000000e+00
ldepend64       0.0000000  0.000000e+00  0.0000000000  0.000000e+00
lurban          0.0000000  0.000000e+00  0.0000000000  0.000000e+00
lpop_growth     0.0000000  0.000000e+00  0.0000000000  0.000000e+00
ltrade          0.8888889  7.226777e-06  0.0067521569  1.440090e-02
lgini_gross     0.8888889 -1.487770e-02 -0.0005749876  8.381148e-03
ldebt           0.8888889 -5.094512e-03 -0.0012058805 -1.905090e-06
lfdi_liab       0.0000000  0.000000e+00  0.0000000000  0.000000e+00
linflation      0.0000000  0.000000e+00  0.0000000000  0.000000e+00
ldemocracy      0.0000000  0.000000e+00  0.0000000000  0.000000e+00
lpol_comp       0.0000000  0.000000e+00  0.0000000000  0.000000e+00
lpresidential   0.0000000  0.000000e+00  0.0000000000  0.000000e+00
lplurality      0.0000000  0.000000e+00  0.0000000000  0.000000e+00
lpol_rights     0.4444444 -7.022710e-02  0.0000000000  5.377491e-03
lgdp_pc         0.0000000  0.000000e+00  0.0000000000  0.000000e+00
                         Mean          SD     CondMean      CondSD
per03            0.1826024308 0.165090296  0.182602431 0.165090296
per04            0.3261779260 0.234411052  0.326177926 0.234411052
per05            0.2656174736 0.185105806  0.265617474 0.185105806
per06            0.1605466698 0.064642417  0.160546670 0.064642417
per07            0.2227543174 0.108900399  0.222754317 0.108900399
per08            0.2258281472 0.123915298  0.225828147 0.123915298
cc2             -0.0883307629 0.486573826 -0.088330763 0.486573826
cc3              0.1187407662 0.164301908  0.118740766 0.164301908
cc4              0.5149133398 0.500658827  0.514913340 0.500658827
cc5             -0.0483965958 0.213673649 -0.048396596 0.213673649
cc6             -0.3168961783 0.139480854 -0.316896178 0.139480854
cc7             -0.5495836687 0.241967333 -0.549583669 0.241967333
cc8             -0.0765104457 0.170838069 -0.076510446 0.170838069
cc9             -0.2240384670 0.180454157 -0.224038467 0.180454157
cc10            -0.0407093855 0.236914369 -0.040709386 0.236914369
cc11            -0.2353846127 0.273756270 -0.235384613 0.273756270
cc12            -0.2999393451 0.173068446 -0.299939345 0.173068446
1               -0.1045500424 0.789482642 -0.117618798 0.842951082
lcentralization  0.0039400554 0.012347055  0.003940055 0.012347055
lwarfare         0.0000000000 0.000000000          NaN          NA
larea            0.9633415276 0.061135317  0.963341528 0.061135317
lpopulation      0.0000000000 0.000000000          NaN          NA
ldepend15        0.0000000000 0.000000000          NaN          NA
ldepend64        0.0000000000 0.000000000          NaN          NA
lurban           0.0000000000 0.000000000          NaN          NA
lpop_growth      0.0000000000 0.000000000          NaN          NA
ltrade           0.0065676558 0.004958911  0.007388613 0.004601250
lgini_gross     -0.0009788449 0.007836423 -0.001101200 0.008368293
ldebt           -0.0019236447 0.001905583 -0.002164100 0.001885547
lfdi_liab        0.0000000000 0.000000000          NaN          NA
linflation       0.0000000000 0.000000000          NaN          NA
ldemocracy       0.0000000000 0.000000000          NaN          NA
lpol_comp        0.0000000000 0.000000000          NaN          NA
lpresidential    0.0000000000 0.000000000          NaN          NA
lplurality       0.0000000000 0.000000000          NaN          NA
lpol_rights     -0.0223868116 0.035333864 -0.050370326 0.038077556
lgdp_pc          0.0000000000 0.000000000          NaN          NA

[[4]]
                     Prob         Low         Med          Up        Mean
per03           1.0000000 -0.36984054 -0.11066935  0.02873953 -0.12127339
per04           1.0000000 -0.09076153  0.18293448  0.31101720  0.17071112
per05           1.0000000  0.08549996  0.35754663  0.52717876  0.33816788
per06           1.0000000  0.37691475  0.54495049  0.81801150  0.58363855
per07           1.0000000  0.67509683  0.76747938  0.87970148  0.78080510
per08           1.0000000 -0.09392831  0.60341280  1.03829847  0.56048153
cc2             1.0000000  0.40440328  1.07684115  1.49911576  0.99270564
cc3             1.0000000 -0.49555267  0.06638398  0.61903555  0.03098370
cc4             1.0000000  6.85663103  7.67514395  8.04365670  7.59814901
cc5             1.0000000  0.62718009  0.75180289  1.10286763  0.85256963
cc6             1.0000000 -0.41633760  0.21706193  0.53409040  0.15486944
cc7             1.0000000 -2.63575290 -2.36780809 -2.28869055 -2.41247159
cc8             1.0000000 -0.70892187 -0.26831929  0.18496780 -0.34115509
cc9             1.0000000 -1.45060815 -0.92521917 -0.57152929 -0.96464365
cc10            1.0000000  0.75014704  1.16490100  1.23691799  1.08676907
cc11            1.0000000 -0.90338801 -0.56991614 -0.13553745 -0.55553781
cc12            1.0000000 -2.06404481 -1.73860377 -1.10420618 -1.69461977
1               1.0000000  2.54748389  3.66372932  5.17278282  3.89719112
lcentralization 1.0000000  0.10774561  0.12837368  0.13953842  0.12487580
lwarfare        0.0000000  0.00000000  0.00000000  0.00000000  0.00000000
larea           0.0000000  0.00000000  0.00000000  0.00000000  0.00000000
lpopulation     0.0000000  0.00000000  0.00000000  0.00000000  0.00000000
ldepend15       0.0000000  0.00000000  0.00000000  0.00000000  0.00000000
ldepend64       0.0000000  0.00000000  0.00000000  0.00000000  0.00000000
lurban          0.0000000  0.00000000  0.00000000  0.00000000  0.00000000
lpop_growth     0.6666667  0.00000000  0.07534408  0.16176887  0.06647457
ltrade          0.0000000  0.00000000  0.00000000  0.00000000  0.00000000
lgini_gross     0.0000000  0.00000000  0.00000000  0.00000000  0.00000000
ldebt           0.0000000  0.00000000  0.00000000  0.00000000  0.00000000
lfdi_liab       0.0000000  0.00000000  0.00000000  0.00000000  0.00000000
linflation      0.0000000  0.00000000  0.00000000  0.00000000  0.00000000
ldemocracy      0.0000000  0.00000000  0.00000000  0.00000000  0.00000000
lpol_comp       0.0000000  0.00000000  0.00000000  0.00000000  0.00000000
lpresidential   1.0000000 -0.81507739 -0.27411256  0.09697663 -0.30803002
lplurality      1.0000000  0.41777251  1.04727807  1.37042780  0.97872685
lpol_rights     0.0000000  0.00000000  0.00000000  0.00000000  0.00000000
lgdp_pc         0.0000000  0.00000000  0.00000000  0.00000000  0.00000000
                        SD    CondMean     CondSD
per03           0.13946321 -0.12127339 0.13946321
per04           0.13554537  0.17071112 0.13554537
per05           0.15023672  0.33816788 0.15023672
per06           0.15570923  0.58363855 0.15570923
per07           0.07736622  0.78080510 0.07736622
per08           0.36182107  0.56048153 0.36182107
cc2             0.36452241  0.99270564 0.36452241
cc3             0.39951767  0.03098370 0.39951767
cc4             0.40277681  7.59814901 0.40277681
cc5             0.20392025  0.85256963 0.20392025
cc6             0.33665491  0.15486944 0.33665491
cc7             0.12924944 -2.41247159 0.12924944
cc8             0.32056958 -0.34115509 0.32056958
cc9             0.30218686 -0.96464365 0.30218686
cc10            0.17484923  1.08676907 0.17484923
cc11            0.27591390 -0.55553781 0.27591390
cc12            0.34115031 -1.69461977 0.34115031
1               0.92893558  3.89719112 0.92893558
lcentralization 0.01104388  0.12487580 0.01104388
lwarfare        0.00000000         NaN         NA
larea           0.00000000         NaN         NA
lpopulation     0.00000000         NaN         NA
ldepend15       0.00000000         NaN         NA
ldepend64       0.00000000         NaN         NA
lurban          0.00000000         NaN         NA
lpop_growth     0.06338924  0.09971186 0.04951900
ltrade          0.00000000         NaN         NA
lgini_gross     0.00000000         NaN         NA
ldebt           0.00000000         NaN         NA
lfdi_liab       0.00000000         NaN         NA
linflation      0.00000000         NaN         NA
ldemocracy      0.00000000         NaN         NA
lpol_comp       0.00000000         NaN         NA
lpresidential   0.29249967 -0.30803002 0.29249967
lplurality      0.33673268  0.97872685 0.33673268
lpol_rights     0.00000000         NaN         NA
lgdp_pc         0.00000000         NaN         NA

[[5]]
                     Prob         Low         Med          Up         Mean
per03           1.0000000 -1.02060856 -0.44416335  1.18352723 -0.048419501
per04           1.0000000 -0.60094547  0.40785356  1.53265602  0.466448624
per05           1.0000000 -0.48579096  1.07188923  2.87725456  1.126488250
per06           1.0000000 -1.12805464  0.03753738  1.15768654 -0.012871195
per07           1.0000000 -2.52801564 -1.17628174 -0.09091324 -1.247142013
per08           1.0000000 -1.30955532 -0.76219556  0.97269474 -0.487624678
cc2             1.0000000 -0.77216306 -0.18766888  0.93179732 -0.054324931
cc3             1.0000000 -1.21696747 -0.52373638  1.41925706 -0.230214548
cc4             1.0000000 -1.77306897 -0.40587169  0.94173711 -0.440174513
cc5             1.0000000 -2.03582514 -0.55585646  1.31006722 -0.493262169
cc6             1.0000000 -1.19231680  0.32573512  1.40805606  0.023374775
cc7             1.0000000 -0.82718985  0.93917556  3.77016004  1.095822490
cc8             1.0000000 -2.49492934 -0.50696167  0.48883521 -0.653063539
cc9             1.0000000 -0.50533704  0.79902963  2.45476303  0.840570674
cc10            1.0000000 -0.71279283  0.60021974  3.41058238  0.871394611
cc11            1.0000000 -2.68452516  0.58556751  2.32426886  0.149480214
cc12            1.0000000 -1.09312244  0.16015056  1.43905749  0.004635473
1               0.6666667 -1.32362122  0.00000000  1.12129878 -0.099222090
lcentralization 0.0000000  0.00000000  0.00000000  0.00000000  0.000000000
lwarfare        0.1111111 -0.25852880  0.00000000  0.00000000 -0.035906778
larea           1.0000000  2.26257661  4.39165288  5.24471098  4.236137639
lpopulation     0.1111111  0.00000000  0.00000000  2.12490859  0.295126192
ldepend15       0.0000000  0.00000000  0.00000000  0.00000000  0.000000000
ldepend64       0.3333333  0.00000000  0.00000000  1.33870648  0.344629772
lurban          1.0000000  0.05316358  0.13684880  0.24021448  0.145010616
lpop_growth     1.0000000  3.55965818  4.40730086  4.95403016  4.316359677
ltrade          0.2222222  0.00000000  0.00000000  0.08831172  0.016060715
lgini_gross     0.1111111  0.00000000  0.00000000  0.16565949  0.023008262
ldebt           0.2222222  0.00000000  0.00000000  0.03191438  0.005055439
lfdi_liab       1.0000000 -3.48400407 -2.60335417 -1.90632146 -2.568760064
linflation      0.0000000  0.00000000  0.00000000  0.00000000  0.000000000
ldemocracy      0.8888889 -0.51033330 -0.22622813  0.17415401 -0.183308306
lpol_comp       0.8888889 -1.57858324 -0.01474579  0.48219510 -0.212134108
lpresidential   0.4444444 -1.43213613  0.00000000  1.57859588  0.170361761
lplurality      1.0000000  0.12420442  0.88985371  2.23337631  0.994707247
lpol_rights     0.8888889 -0.13702703  0.99012835  1.99480871  0.947573066
lgdp_pc         0.0000000  0.00000000  0.00000000  0.00000000  0.000000000
                        SD     CondMean     CondSD
per03           0.86559675 -0.048419501 0.86559675
per04           0.77708596  0.466448624 0.77708596
per05           1.22396564  1.126488250 1.22396564
per06           0.77433587 -0.012871195 0.77433587
per07           0.82182006 -1.247142013 0.82182006
per08           0.77984164 -0.487624678 0.77984164
cc2             0.62024701 -0.054324931 0.62024701
cc3             0.96850607 -0.230214548 0.96850607
cc4             0.97636065 -0.440174513 0.97636065
cc5             1.12386488 -0.493262169 1.12386488
cc6             0.99812080  0.023374775 0.99812080
cc7             1.61286912  1.095822490 1.61286912
cc8             1.08636180 -0.653063539 1.08636180
cc9             1.15432754  0.840570674 1.15432754
cc10            1.45553368  0.871394611 1.45553368
cc11            1.72543623  0.149480214 1.72543623
cc12            0.84378085  0.004635473 0.84378085
1               0.76631246 -0.148833135 0.96473579
lcentralization 0.00000000          NaN         NA
lwarfare        0.10772033 -0.323160999         NA
larea           1.00793045  4.236137639 1.00793045
lpopulation     0.88537858  2.656135731         NA
ldepend15       0.00000000          NaN         NA
ldepend64       0.54949514  1.033889316 0.37262918
lurban          0.06397226  0.145010616 0.06397226
lpop_growth     0.49667657  4.316359677 0.49667657
ltrade          0.03455863  0.072273218 0.03780311
lgini_gross     0.06902479  0.207074358         NA
ldebt           0.01260804  0.022749476 0.02160189
lfdi_liab       0.57353795 -2.568760064 0.57353795
linflation      0.00000000          NaN         NA
ldemocracy      0.25325099 -0.206221845 0.26057254
lpol_comp       0.69468502 -0.238650872 0.73776421
lpresidential   0.95585096  0.383313961 1.52563629
lplurality      0.68288512  0.994707247 0.68288512
lpol_rights     0.78424051  1.066019699 0.74738916
lgdp_pc         0.00000000          NaN         NA

[[6]]
                     Prob          Low         Med           Up          Mean
per03           1.0000000  0.126564987  0.51498137  0.820144130  0.4885301835
per04           1.0000000  0.070860800  0.73075416  1.318175344  0.7335199697
per05           1.0000000  0.069758127  0.64809910  0.823648911  0.5344905508
per06           1.0000000 -0.006410600  0.55217738  1.137106931  0.5552948534
per07           1.0000000 -0.289390916  0.49764197  0.574084858  0.2888216230
per08           1.0000000 -1.180040109 -0.07321938  0.349590124 -0.2044529941
cc2             1.0000000 -1.749548772 -1.19666255 -0.273395166 -1.0755739201
cc3             1.0000000 -0.430689107  0.02925543  0.237367292 -0.0492949483
cc4             1.0000000 -0.676671514 -0.32184921  0.049329426 -0.3481808805
cc5             1.0000000 -1.946845996 -1.19772658 -0.791651187 -1.3112855317
cc6             1.0000000  4.688371742  5.60539576  6.674887409  5.6759556602
cc7             1.0000000 -1.593990976 -1.05745143 -0.134971158 -0.9912534679
cc8             1.0000000 -0.415844825 -0.01618650  0.704457370  0.0594311450
cc9             1.0000000 -0.577063163  0.49835529  1.439312232  0.5227126983
cc10            1.0000000  0.390044169  0.68095497  1.197952669  0.7547672068
cc11            1.0000000  0.421774709  0.96949899  1.478459171  0.9605997590
cc12            1.0000000  0.487247329  0.97837447  1.498182594  1.0119698003
1               1.0000000 -0.847607301  1.15094162  2.146269316  0.8176052356
lcentralization 0.0000000  0.000000000  0.00000000  0.000000000  0.0000000000
lwarfare        0.7777778  0.000000000  0.09941810  0.136061110  0.0846307925
larea           0.0000000  0.000000000  0.00000000  0.000000000  0.0000000000
lpopulation     0.0000000  0.000000000  0.00000000  0.000000000  0.0000000000
ldepend15       0.0000000  0.000000000  0.00000000  0.000000000  0.0000000000
ldepend64       0.0000000  0.000000000  0.00000000  0.000000000  0.0000000000
lurban          0.0000000  0.000000000  0.00000000  0.000000000  0.0000000000
lpop_growth     0.0000000  0.000000000  0.00000000  0.000000000  0.0000000000
ltrade          1.0000000  0.007222152  0.01617652  0.027656806  0.0171490049
lgini_gross     1.0000000  0.048617703  0.07403170  0.104489148  0.0766437425
ldebt           0.0000000  0.000000000  0.00000000  0.000000000  0.0000000000
lfdi_liab       1.0000000  0.275613065  0.45884150  0.561174689  0.4330374787
linflation      0.7777778 -0.007908919  0.00000000  0.008030051  0.0003253308
ldemocracy      0.0000000  0.000000000  0.00000000  0.000000000  0.0000000000
lpol_comp       0.0000000  0.000000000  0.00000000  0.000000000  0.0000000000
lpresidential   1.0000000 -1.363540899 -0.58912900  0.047432874 -0.6783343755
lplurality      1.0000000 -1.651878076 -1.06470041 -0.384540210 -0.9807626861
lpol_rights     0.0000000  0.000000000  0.00000000  0.000000000  0.0000000000
lgdp_pc         0.0000000  0.000000000  0.00000000  0.000000000  0.0000000000
                         SD      CondMean      CondSD
per03           0.283894540  0.4885301835 0.283894540
per04           0.435118941  0.7335199697 0.435118941
per05           0.274979443  0.5344905508 0.274979443
per06           0.436850621  0.5552948534 0.436850621
per07           0.362526246  0.2888216230 0.362526246
per08           0.537134776 -0.2044529941 0.537134776
cc2             0.536124759 -1.0755739201 0.536124759
cc3             0.245843247 -0.0492949483 0.245843247
cc4             0.290294973 -0.3481808805 0.290294973
cc5             0.419804387 -1.3112855317 0.419804387
cc6             0.752268682  5.6759556602 0.752268682
cc7             0.486939610 -0.9912534679 0.486939610
cc8             0.420278758  0.0594311450 0.420278758
cc9             0.669353067  0.5227126983 0.669353067
cc10            0.284095957  0.7547672068 0.284095957
cc11            0.410526714  0.9605997590 0.410526714
cc12            0.344656410  1.0119698003 0.344656410
1               1.096855867  0.8176052356 1.096855867
lcentralization 0.000000000           NaN          NA
lwarfare        0.052396107  0.1088110189 0.024308059
larea           0.000000000           NaN          NA
lpopulation     0.000000000           NaN          NA
ldepend15       0.000000000           NaN          NA
ldepend64       0.000000000           NaN          NA
lurban          0.000000000           NaN          NA
lpop_growth     0.000000000           NaN          NA
ltrade          0.006967247  0.0171490049 0.006967247
lgini_gross     0.018550908  0.0766437425 0.018550908
ldebt           0.000000000           NaN          NA
lfdi_liab       0.108003768  0.4330374787 0.108003768
linflation      0.005854983  0.0004182825 0.006757397
ldemocracy      0.000000000           NaN          NA
lpol_comp       0.000000000           NaN          NA
lpresidential   0.534476506 -0.6783343755 0.534476506
lplurality      0.434538570 -0.9807626861 0.434538570
lpol_rights     0.000000000           NaN          NA
lgdp_pc         0.000000000           NaN          NA

[[7]]
                     Prob          Low         Med           Up          Mean
per03           1.0000000 -0.763905779  1.39351030  2.812288322  1.0626767296
per04           1.0000000 -2.342273003 -0.03847063  1.578896389 -0.3296810737
per05           1.0000000 -0.844923386 -0.47793409  0.426228947 -0.3376358472
per06           1.0000000 -1.290187624 -0.14477993  1.822353769 -0.0234049516
per07           1.0000000 -1.443137264 -0.47462514  0.887767426 -0.2835992802
per08           1.0000000 -1.012304595  0.68628754  2.046920330  0.5201676847
cc2             1.0000000 -1.535895434 -0.81414634  1.002936293 -0.5571153055
cc3             1.0000000 -0.778937130  0.68263329  1.757319492  0.6832712472
cc4             1.0000000 -0.893263359 -0.22957962  1.899856875  0.0799175199
cc5             1.0000000 -0.297154723  0.49272293  2.136455899  0.7469584130
cc6             1.0000000 -0.406636147  1.00841134  6.463190521  1.6073186177
cc7             1.0000000 -1.855125930  0.61888009  1.782286016  0.2744779420
cc8             1.0000000 -1.674647816  0.09850622  0.991173704 -0.0799071392
cc9             1.0000000 -2.429672017 -0.50695111  0.779113506 -0.6518481707
cc10            1.0000000 -1.362580897 -0.01189640  1.009568267 -0.0725927736
cc11            1.0000000 -2.927369507 -0.07605779  1.395126074 -0.3613481891
cc12            1.0000000 -0.733576115  0.03260128  1.008493348  0.0145748032
1               0.7777778 -1.115193926  0.04194398  1.397768282  0.2459974300
lcentralization 1.0000000 -0.250788246  0.08223402  0.239955462  0.0495023073
lwarfare        0.8888889  0.003458799  0.58872061  1.132035421  0.5084767662
larea           0.0000000  0.000000000  0.00000000  0.000000000  0.0000000000
lpopulation     1.0000000  0.391662783  0.74056272  1.264786846  0.7884314365
ldepend15       1.0000000 -0.258571508 -0.13750809 -0.061482091 -0.1515807624
ldepend64       0.1111111  0.000000000  0.00000000  0.123064238  0.0170922553
lurban          0.0000000  0.000000000  0.00000000  0.000000000  0.0000000000
lpop_growth     1.0000000 -0.168769674  1.22137621  3.034301661  1.3697162938
ltrade          1.0000000  0.176294769  0.27566549  0.344565852  0.2641839365
lgini_gross     0.2222222  0.000000000  0.00000000  0.686546139  0.1479328319
ldebt           1.0000000  0.059009703  0.10198351  0.158606569  0.1021653658
lfdi_liab       0.2222222 -0.004926568  0.00000000  0.009282381  0.0006049739
linflation      1.0000000  0.139261799  0.18718437  0.214996931  0.1841006575
ldemocracy      1.0000000 -1.259129795 -1.00083442 -0.645884137 -0.9734832998
lpol_comp       0.0000000  0.000000000  0.00000000  0.000000000  0.0000000000
lpresidential   1.0000000 -1.240084937  0.02619918  2.611237136  0.3423505751
lplurality      0.4444444 -2.058519242  0.00000000  0.000000000 -0.4254126251
lpol_rights     0.2222222  0.000000000  0.00000000  1.709455398  0.3294426694
lgdp_pc         0.0000000  0.000000000  0.00000000  0.000000000  0.0000000000
                        SD     CondMean     CondSD
per03           1.21554699  1.062676730 1.21554699
per04           1.41656564 -0.329681074 1.41656564
per05           0.45061891 -0.337635847 0.45061891
per06           1.06459026 -0.023404952 1.06459026
per07           0.88602262 -0.283599280 0.88602262
per08           1.10469876  0.520167685 1.10469876
cc2             0.89275643 -0.557115305 0.89275643
cc3             0.96186993  0.683271247 0.96186993
cc4             0.95236922  0.079917520 0.95236922
cc5             0.84539170  0.746958413 0.84539170
cc6             2.36293582  1.607318618 2.36293582
cc7             1.27561748  0.274477942 1.27561748
cc8             0.99088062 -0.079907139 0.99088062
cc9             1.15828229 -0.651848171 1.15828229
cc10            0.79687264 -0.072592774 0.79687264
cc11            1.41885439 -0.361348189 1.41885439
cc12            0.58968171  0.014574803 0.58968171
1               0.83622841  0.316282410 0.95206918
lcentralization 0.17454042  0.049502307 0.17454042
lwarfare        0.39843490  0.572036362 0.37400071
larea           0.00000000          NaN         NA
lpopulation     0.30461313  0.788431437 0.30461313
ldepend15       0.06632576 -0.151580762 0.06632576
ldepend64       0.05127677  0.153830297         NA
lurban          0.00000000          NaN         NA
lpop_growth     1.04653095  1.369716294 1.04653095
ltrade          0.05863757  0.264183936 0.05863757
lgini_gross     0.29405880  0.665697744 0.04914014
ldebt           0.03460594  0.102165366 0.03460594
lfdi_liab       0.00459971  0.002722383 0.01255906
linflation      0.02767889  0.184100657 0.02767889
ldemocracy      0.19555867 -0.973483300 0.19555867
lpol_comp       0.00000000          NaN         NA
lpresidential   1.26860197  0.342350575 1.26860197
lplurality      0.78584595 -0.957178407 0.98394647
lpol_rights     0.68052854  1.482492012 0.53495783
lgdp_pc         0.00000000          NaN         NA

[[8]]
                     Prob           Low          Med           Up         Mean
per03           1.0000000 -0.4144139153 -0.133754282 -0.047022648 -0.207097459
per04           1.0000000 -0.6374758358 -0.334255504 -0.047486889 -0.355266062
per05           1.0000000 -0.5013935689 -0.348442117 -0.202285254 -0.349275858
per06           1.0000000 -1.1552095464 -0.642190574 -0.507802865 -0.753233962
per07           1.0000000 -0.7596730817 -0.513194793 -0.310953413 -0.514472401
per08           1.0000000 -0.3550433719  0.069623289  0.327988836 -0.016265294
cc2             1.0000000 -0.2866629030  0.065964311  0.428672394  0.113482683
cc3             1.0000000 -0.5564656979 -0.271163817  0.250996842 -0.228212646
cc4             1.0000000 -0.3854828077 -0.188399711  1.036075853  0.004348987
cc5             1.0000000 -0.4347803287 -0.124400437  0.420612565 -0.010305210
cc6             1.0000000 -0.1294107986  0.146600644  1.201739005  0.278438120
cc7             1.0000000  0.3936232434  1.283736279  2.426707227  1.254845802
cc8             1.0000000 -1.2787711152 -0.823293922 -0.177370074 -0.803807591
cc9             1.0000000 -0.1054826476  0.423888918  0.980813736  0.401953903
cc10            1.0000000  0.7445800729  0.911176732  1.480544797  1.020251766
cc11            1.0000000 -0.1547166708  0.188528928  0.780642318  0.256446371
cc12            1.0000000 -0.7439235154 -0.011911775  0.934143031  0.076819169
1               1.0000000 -1.2293241300  0.706200956  2.163449016  0.640265566
lcentralization 0.4444444 -0.0063518344  0.000000000  0.014000775  0.001443033
lwarfare        0.6666667  0.0000000000  0.015356217  0.089457350  0.034724487
larea           1.0000000  0.2118286633  0.345537954  0.417032510  0.320935489
lpopulation     0.0000000  0.0000000000  0.000000000  0.000000000  0.000000000
ldepend15       0.0000000  0.0000000000  0.000000000  0.000000000  0.000000000
ldepend64       0.0000000  0.0000000000  0.000000000  0.000000000  0.000000000
lurban          0.0000000  0.0000000000  0.000000000  0.000000000  0.000000000
lpop_growth     0.0000000  0.0000000000  0.000000000  0.000000000  0.000000000
ltrade          1.0000000 -0.0009600047  0.009838227  0.022468736  0.011230571
lgini_gross     0.0000000  0.0000000000  0.000000000  0.000000000  0.000000000
ldebt           0.0000000  0.0000000000  0.000000000  0.000000000  0.000000000
lfdi_liab       0.0000000  0.0000000000  0.000000000  0.000000000  0.000000000
linflation      0.0000000  0.0000000000  0.000000000  0.000000000  0.000000000
ldemocracy      0.7777778 -0.0580113007 -0.002004771  0.001893177 -0.014651386
lpol_comp       1.0000000 -0.3239905182 -0.263297935 -0.173366016 -0.259538429
lpresidential   0.0000000  0.0000000000  0.000000000  0.000000000  0.000000000
lplurality      0.2222222 -0.5518239045  0.000000000  0.016353114 -0.074370943
lpol_rights     1.0000000 -0.5341647110 -0.473995966 -0.413728256 -0.475633186
lgdp_pc         0.0000000  0.0000000000  0.000000000  0.000000000  0.000000000
                         SD     CondMean      CondSD
per03           0.136696248 -0.207097459 0.136696248
per04           0.200158344 -0.355266062 0.200158344
per05           0.100522550 -0.349275858 0.100522550
per06           0.243613050 -0.753233962 0.243613050
per07           0.182387121 -0.514472401 0.182387121
per08           0.239640773 -0.016265294 0.239640773
cc2             0.245925399  0.113482683 0.245925399
cc3             0.265447051 -0.228212646 0.265447051
cc4             0.503111749  0.004348987 0.503111749
cc5             0.319769638 -0.010305210 0.319769638
cc6             0.447975181  0.278438120 0.447975181
cc7             0.760980212  1.254845802 0.760980212
cc8             0.343394196 -0.803807591 0.343394196
cc9             0.365842938  0.401953903 0.365842938
cc10            0.268903808  1.020251766 0.268903808
cc11            0.312022459  0.256446371 0.312022459
cc12            0.580035722  0.076819169 0.580035722
1               1.153442652  0.640265566 1.153442652
lcentralization 0.006461962  0.003246823 0.010175613
lwarfare        0.039538455  0.052086731 0.037630468
larea           0.082171694  0.320935489 0.082171694
lpopulation     0.000000000          NaN          NA
ldepend15       0.000000000          NaN          NA
ldepend64       0.000000000          NaN          NA
lurban          0.000000000          NaN          NA
lpop_growth     0.000000000          NaN          NA
ltrade          0.008527927  0.011230571 0.008527927
lgini_gross     0.000000000          NaN          NA
ldebt           0.000000000          NaN          NA
lfdi_liab       0.000000000          NaN          NA
linflation      0.000000000          NaN          NA
ldemocracy      0.023291758 -0.018837497 0.025126536
lpol_comp       0.054007428 -0.259538429 0.054007428
lpresidential   0.000000000          NaN          NA
lplurality      0.230877348 -0.334669244 0.502202279
lpol_rights     0.041568125 -0.475633186 0.041568125
lgdp_pc         0.000000000          NaN          NA

[[9]]
                     Prob         Low         Med          Up        Mean
per03           1.0000000 -0.36273355  0.13544235  1.78834380  0.35524035
per04           1.0000000 -1.48102345 -0.99190632  0.35298881 -0.69076443
per05           1.0000000 -0.44085828  0.72482025  1.66153437  0.49502697
per06           1.0000000 -1.78351227 -0.40474303  0.40898901 -0.70254964
per07           1.0000000 -0.35639439  0.83295083  1.92070220  0.90006939
per08           1.0000000 -2.07698566  0.64428244  2.69743674  0.26049706
cc2             1.0000000 -0.99867461  0.66882227  1.31922577  0.43863922
cc3             1.0000000 -1.40500416  0.30260176  1.76517264  0.04796057
cc4             1.0000000 -0.88903339 -0.43146715  1.05283672 -0.24712349
cc5             1.0000000 -1.04290891  0.33009189  1.51670953  0.11658043
cc6             1.0000000 -1.77592823 -0.60910952  0.92441174 -0.40481451
cc7             1.0000000  0.08476688  1.29261721  2.44989110  1.12017845
cc8             1.0000000 -1.25443607  0.62086805  1.87625160  0.70319903
cc9             1.0000000 -0.85646145  0.37206647  1.72458286  0.20966753
cc10            1.0000000 -1.50470301 -0.51073879  0.61121349 -0.51157090
cc11            1.0000000 -1.82233115 -0.21560030  1.29267598 -0.17830275
cc12            1.0000000 -0.97613164  0.02661475  1.79180711  0.10636797
1               0.6666667 -2.05011185  0.06568611  0.63723350 -0.08583489
lcentralization 1.0000000  0.14178690  0.25262622  0.36044188  0.24415134
lwarfare        0.7777778 -1.17908758 -0.65602849  0.18654248 -0.56174058
larea           0.0000000  0.00000000  0.00000000  0.00000000  0.00000000
lpopulation     1.0000000 -1.63785772 -1.06973937 -0.27270557 -1.10211967
ldepend15       0.0000000  0.00000000  0.00000000  0.00000000  0.00000000
ldepend64       0.2222222 -1.22540141  0.00000000  0.00000000 -0.22490486
lurban          1.0000000  0.32196725  0.56210307  0.69507565  0.52383977
lpop_growth     1.0000000 -1.63956798 -1.20785342 -0.25684833 -1.02442834
ltrade          1.0000000  0.56841617  0.62106265  0.64380349  0.61541113
lgini_gross     0.8888889 -0.54649247  0.00000000  0.16872806 -0.06976240
ldebt           0.0000000  0.00000000  0.00000000  0.00000000  0.00000000
lfdi_liab       0.3333333 -0.94584866  0.00000000  0.00000000 -0.27510765
linflation      1.0000000 -0.19606584 -0.08884253 -0.02341278 -0.09718802
ldemocracy      1.0000000 -0.70113153  0.02427456  0.68685055 -0.04180843
lpol_comp       1.0000000  0.61436460  1.26556644  2.07716861  1.29970450
lpresidential   0.7777778 -1.19753585  0.00000000  1.44051277 -0.02581589
lplurality      0.2222222  0.00000000  0.00000000  0.97001277  0.17837540
lpol_rights     0.7777778 -0.46690960  0.52751304  1.65646977  0.52956490
lgdp_pc         0.0000000  0.00000000  0.00000000  0.00000000  0.00000000
                        SD    CondMean     CondSD
per03           0.73030354  0.35524035 0.73030354
per04           0.62541827 -0.69076443 0.62541827
per05           0.79138564  0.49502697 0.79138564
per06           0.81057598 -0.70254964 0.81057598
per07           0.73860357  0.90006939 0.73860357
per08           1.60065049  0.26049706 1.60065049
cc2             0.81145117  0.43863922 0.81145117
cc3             1.14290965  0.04796057 1.14290965
cc4             0.71811165 -0.24712349 0.71811165
cc5             1.00943759  0.11658043 1.00943759
cc6             0.94479153 -0.40481451 0.94479153
cc7             0.85618725  1.12017845 0.85618725
cc8             1.07127985  0.70319903 1.07127985
cc9             0.87004148  0.20966753 0.87004148
cc10            0.73760172 -0.51157090 0.73760172
cc11            1.17742931 -0.17830275 1.17742931
cc12            0.94072644  0.10636797 0.94072644
1               0.96076856 -0.12875233 1.21255561
lcentralization 0.08477388  0.24415134 0.08477388
lwarfare        0.58956181 -0.72223789 0.57289387
larea           0.00000000         NaN         NA
lpopulation     0.45617069 -1.10211967 0.45617069
ldepend15       0.00000000         NaN         NA
ldepend64       0.48038652 -1.01207185 0.50282259
lurban          0.13286310  0.52383977 0.13286310
lpop_growth     0.48042483 -1.02442834 0.48042483
ltrade          0.02470743  0.61541113 0.02470743
lgini_gross     0.24009328 -0.07848271 0.25514230
ldebt           0.00000000         NaN         NA
lfdi_liab       0.41908614 -0.82532296 0.14620113
linflation      0.06651123 -0.09718802 0.06651123
ldemocracy      0.51240696 -0.04180843 0.51240696
lpol_comp       0.53149105  1.29970450 0.53149105
lpresidential   0.89321739 -0.03319186 1.03126013
lplurality      0.38042737  0.80268929 0.39438524
lpol_rights     0.75249640  0.68086915 0.79675151
lgdp_pc         0.00000000         NaN         NA

[[10]]
                     Prob         Low          Med          Up         Mean
per03           1.0000000 -2.06364340 -0.927763135  0.84204210 -0.670111959
per04           1.0000000 -1.70897299 -1.328371111  0.99377552 -0.832222534
per05           1.0000000 -0.12869651  0.939013050  1.56589151  0.828019766
per06           1.0000000 -0.65010514  0.257977988  0.49508677  0.030653563
per07           1.0000000 -0.89019591 -0.342536244  1.69789519  0.090268767
per08           1.0000000 -0.96901359 -0.227223523  1.75863634 -0.044083278
cc2             1.0000000 -0.32897847  0.779819414  1.92260956  0.831844778
cc3             1.0000000 -1.06670901 -0.771747185  0.10278514 -0.616491448
cc4             1.0000000 -0.33796939  0.084257297  0.90868599  0.173886780
cc5             1.0000000 -0.83014214  0.005524015  1.56797528  0.170389620
cc6             1.0000000 -0.99646035  0.073898227  0.71135133 -0.126426462
cc7             1.0000000 -2.20031573 -0.064799548  1.13026250 -0.548487444
cc8             1.0000000 -1.16153284 -0.261535889  2.12909080  0.243571081
cc9             1.0000000 -0.84827577  0.537718597  1.65659748  0.426995346
cc10            1.0000000 -2.26928334 -1.414603518 -0.34355448 -1.488542886
cc11            1.0000000 -1.34099382 -0.265516457  2.85954941  0.068245576
cc12            1.0000000 -1.44012494 -0.806983601  1.25887088 -0.339616924
1               0.8888889 -1.73602456  0.154804711  1.15289351  0.010247403
lcentralization 1.0000000  0.03913860  0.079730643  0.12720623  0.080024629
lwarfare        0.7777778 -0.01467755  0.277860623  0.41562620  0.201206310
larea           0.8888889 -0.69195864 -0.340065301  1.12507378 -0.166717300
lpopulation     0.3333333 -1.15434478  0.000000000  0.00000000 -0.217043027
ldepend15       0.0000000  0.00000000  0.000000000  0.00000000  0.000000000
ldepend64       0.1111111  0.00000000  0.000000000  0.01152416  0.001600578
lurban          0.0000000  0.00000000  0.000000000  0.00000000  0.000000000
lpop_growth     0.3333333 -0.18803521  0.000000000  0.43270684  0.018585130
ltrade          0.0000000  0.00000000  0.000000000  0.00000000  0.000000000
lgini_gross     1.0000000  0.66728023  0.744712366  0.86718022  0.772337525
ldebt           0.0000000  0.00000000  0.000000000  0.00000000  0.000000000
lfdi_liab       0.7777778  0.00000000  0.395785211  1.09789560  0.498691470
linflation      0.0000000  0.00000000  0.000000000  0.00000000  0.000000000
ldemocracy      1.0000000  0.04074535  0.286575811  0.50735911  0.290868388
lpol_comp       0.8888889 -0.08538676  0.308842847  0.62366843  0.237408184
lpresidential   0.5555556 -1.48493504  0.000000000  0.71310536 -0.200486827
lplurality      0.0000000  0.00000000  0.000000000  0.00000000  0.000000000
lpol_rights     1.0000000  0.30801327  0.650655152  1.22358420  0.735938182
lgdp_pc         0.0000000  0.00000000  0.000000000  0.00000000  0.000000000
                         SD    CondMean     CondSD
per03           0.969099779 -0.67011196 0.96909978
per04           1.006515300 -0.83222253 1.00651530
per05           0.613983965  0.82801977 0.61398397
per06           0.456703560  0.03065356 0.45670356
per07           0.964772676  0.09026877 0.96477268
per08           0.979739004 -0.04408328 0.97973900
cc2             0.736772941  0.83184478 0.73677294
cc3             0.460090348 -0.61649145 0.46009035
cc4             0.414218661  0.17388678 0.41421866
cc5             0.817179535  0.17038962 0.81717953
cc6             0.677175022 -0.12642646 0.67717502
cc7             1.244980182 -0.54848744 1.24498018
cc8             1.175474314  0.24357108 1.17547431
cc9             0.806257552  0.42699535 0.80625755
cc10            0.697821411 -1.48854289 0.69782141
cc11            1.407098306  0.06824558 1.40709831
cc12            1.024911362 -0.33961692 1.02491136
1               0.950838659  0.01152833 1.01648098
lcentralization 0.034180752  0.08002463 0.03418075
lwarfare        0.179004432  0.25869383 0.15928959
larea           0.646432165 -0.18755696 0.68782549
lpopulation     0.445932602 -0.65112908 0.60947064
ldepend15       0.000000000         NaN         NA
ldepend64       0.004801733  0.01440520         NA
lurban          0.000000000         NaN         NA
lpop_growth     0.211910855  0.05575539 0.42013829
ltrade          0.000000000         NaN         NA
lgini_gross     0.078677533  0.77233752 0.07867753
ldebt           0.000000000         NaN         NA
lfdi_liab       0.377498771  0.64117475 0.28883266
linflation      0.000000000         NaN         NA
ldemocracy      0.151918780  0.29086839 0.15191878
lpol_comp       0.266738363  0.26708421 0.26880340
lpresidential   0.735262950 -0.36087629 1.00442634
lplurality      0.000000000         NaN         NA
lpol_rights     0.383256331  0.73593818 0.38325633
lgdp_pc         0.000000000         NaN         NA

[[11]]
                     Prob         Low         Med          Up         Mean
per03           1.0000000 -1.73705255 -0.28189169 0.595749659 -0.587615437
per04           1.0000000 -0.84438243  0.20611640 1.394055325  0.381079112
per05           1.0000000 -0.92444604  0.25034674 2.584899902  0.441898995
per06           1.0000000 -1.82576597 -0.20301187 1.124997735 -0.239175074
per07           1.0000000 -1.01235681 -0.14891900 1.020700569 -0.052658137
per08           1.0000000 -1.14560982 -0.06189428 1.141237584  0.025037871
cc2             1.0000000 -2.03492646 -0.24028234 1.524682420 -0.179696053
cc3             1.0000000 -1.62656083  0.33271766 1.738308747  0.059492795
cc4             1.0000000 -0.63338772  0.71850874 1.333236367  0.411960316
cc5             1.0000000 -1.37476082 -0.04126308 1.020237552 -0.194066383
cc6             1.0000000 -1.80485737  0.46482248 2.174447447  0.340782243
cc7             1.0000000 -0.78629153  0.20088353 0.714509785  0.003193038
cc8             1.0000000 -0.55484439 -0.01988353 0.924476994  0.058850480
cc9             1.0000000 -1.62465659 -0.66159054 0.385099682 -0.628878592
cc10            1.0000000 -0.88852736  0.16686553 1.746184970  0.190517930
cc11            1.0000000 -0.98705119  0.03372903 1.904912501  0.260102551
cc12            1.0000000 -0.81748136  0.28060686 1.626471960  0.458100661
1               0.8888889 -1.12028441  0.00000000 1.750016196  0.163026870
lcentralization 1.0000000  0.15205444  0.21438031 0.349933427  0.223763039
lwarfare        0.3333333 -0.33974206  0.00000000 0.680455023  0.034579194
larea           0.4444444 -0.83823809  0.00000000 0.504113015 -0.048997476
lpopulation     0.0000000  0.00000000  0.00000000 0.000000000  0.000000000
ldepend15       0.1111111 -0.04810698  0.00000000 0.000000000 -0.006681526
ldepend64       0.0000000  0.00000000  0.00000000 0.000000000  0.000000000
lurban          0.3333333 -0.06616620  0.00000000 0.030408308 -0.004590726
lpop_growth     0.7777778 -0.64491316  0.23991836 1.340157671  0.390403683
ltrade          1.0000000  0.22735819  0.37984976 0.557834656  0.382826689
lgini_gross     0.4444444 -0.23731361  0.00000000 0.213593822 -0.015131594
ldebt           1.0000000  0.34572175  0.42730136 0.647884787  0.483018176
lfdi_liab       0.0000000  0.00000000  0.00000000 0.000000000  0.000000000
linflation      0.5555556 -0.20272716  0.00000000 0.002595751 -0.057594030
ldemocracy      0.0000000  0.00000000  0.00000000 0.000000000  0.000000000
lpol_comp       0.1111111 -0.25770108  0.00000000 0.000000000 -0.035791817
lpresidential   0.2222222 -1.23027849  0.00000000 0.000000000 -0.197869747
lplurality      0.2222222 -0.46056798  0.00000000 1.010913093  0.076436822
lpol_rights     1.0000000 -1.30008039 -0.14833119 1.586740615  0.122159781
lgdp_pc         0.0000000  0.00000000  0.00000000 0.000000000  0.000000000
                        SD     CondMean     CondSD
per03           0.93230134 -0.587615437 0.93230134
per04           0.81623794  0.381079112 0.81623794
per05           1.17931082  0.441898995 1.17931082
per06           1.14664414 -0.239175074 1.14664414
per07           0.74360432 -0.052658137 0.74360432
per08           0.79039983  0.025037871 0.79039983
cc2             1.24065632 -0.179696053 1.24065632
cc3             1.27958738  0.059492795 1.27958738
cc4             0.85684221  0.411960316 0.85684221
cc5             1.01482907 -0.194066383 1.01482907
cc6             1.41302194  0.340782243 1.41302194
cc7             0.52124266  0.003193038 0.52124266
cc8             0.53214525  0.058850480 0.53214525
cc9             0.73059446 -0.628878592 0.73059446
cc10            0.91045742  0.190517930 0.91045742
cc11            1.04643195  0.260102551 1.04643195
cc12            0.87419677  0.458100661 0.87419677
1               0.93719129  0.183405229 0.99976570
lcentralization 0.06555785  0.223763039 0.06555785
lwarfare        0.33268421  0.103737582 0.65723181
larea           0.42690471 -0.110244320 0.69064525
lpopulation     0.00000000          NaN         NA
ldepend15       0.02004458 -0.060133730         NA
ldepend64       0.00000000          NaN         NA
lurban          0.03168518 -0.013772177 0.06185572
lpop_growth     0.69586220  0.501947592 0.76178182
ltrade          0.11243163  0.382826689 0.11243163
lgini_gross     0.14342905 -0.034046086 0.23237848
ldebt           0.11519965  0.483018176 0.11519965
lfdi_liab       0.00000000          NaN         NA
linflation      0.07984789 -0.103669254 0.08234465
ldemocracy      0.00000000          NaN         NA
lpol_comp       0.10737545 -0.322126355         NA
lpresidential   0.48412455 -0.890413861 0.80106861
lplurality      0.48420659  0.343965697 1.30061780
lpol_rights     0.93192899  0.122159781 0.93192899
lgdp_pc         0.00000000          NaN         NA

[[12]]
                     Prob           Low          Med            Up
per03           1.0000000 -0.0542591776  0.224127002  0.4615313949
per04           1.0000000  0.0603087475  0.482369824  0.6208124166
per05           1.0000000 -0.0839178610  0.413472706  0.6412431429
per06           1.0000000  0.4425141691  0.874929798  1.0594585496
per07           1.0000000  0.7559166520  1.216553406  1.4709695291
per08           1.0000000  1.0268976915  1.369125953  1.7404190214
cc2             1.0000000 -0.4348197062  0.494753292  1.0920425254
cc3             1.0000000 -0.0026451113  0.447352728  1.1484910308
cc4             1.0000000 -1.6869528207 -0.222702715  0.2048781741
cc5             1.0000000 -0.6090545333 -0.382204555 -0.0690057426
cc6             1.0000000  0.0363562644  0.607440417  1.0881968530
cc7             1.0000000 -0.4055628242  0.051526925  0.8943658117
cc8             1.0000000 -0.1369291695  0.133841066  0.5810961664
cc9             1.0000000 -1.6115947727 -0.646213352  0.0492966060
cc10            1.0000000 -0.7710387670 -0.383309656  0.4831003268
cc11            1.0000000  0.0345505402  0.374274243  1.3908477556
cc12            1.0000000  0.3532173079  0.791269466  1.3249420413
1               0.1111111 -0.1585002026  0.000000000  0.0000000000
lcentralization 1.0000000 -0.0354124846 -0.012710919 -0.0018053466
lwarfare        0.1111111  0.0000000000  0.000000000  0.0482826485
larea           1.0000000  0.1655692705  0.215827965  0.4414139881
lpopulation     0.0000000  0.0000000000  0.000000000  0.0000000000
ldepend15       0.0000000  0.0000000000  0.000000000  0.0000000000
ldepend64       0.1111111  0.0000000000  0.000000000  0.0009644337
lurban          0.0000000  0.0000000000  0.000000000  0.0000000000
lpop_growth     1.0000000 -0.0689414949  0.280389338  0.5383802871
ltrade          0.0000000  0.0000000000  0.000000000  0.0000000000
lgini_gross     0.8888889 -0.0303419359 -0.018871150  0.0184289358
ldebt           0.8888889 -0.0033683128  0.001311626  0.0041139969
lfdi_liab       1.0000000  0.6238136050  0.675394546  0.7290812540
linflation      0.1111111 -0.0003888298  0.000000000  0.0000000000
ldemocracy      0.1111111  0.0000000000  0.000000000  0.0270521422
lpol_comp       0.0000000  0.0000000000  0.000000000  0.0000000000
lpresidential   0.1111111  0.0000000000  0.000000000  0.4759875219
lplurality      0.1111111 -0.0542610786  0.000000000  0.0000000000
lpol_rights     0.0000000  0.0000000000  0.000000000  0.0000000000
lgdp_pc         0.0000000  0.0000000000  0.000000000  0.0000000000
                         Mean           SD      CondMean     CondSD
per03            2.283166e-01 0.1608209213  0.2283165582 0.16082092
per04            4.523046e-01 0.1946955105  0.4523045757 0.19469551
per05            3.628558e-01 0.2508788070  0.3628557545 0.25087881
per06            8.141991e-01 0.1958061849  0.8141991162 0.19580618
per07            1.172285e+00 0.2413149222  1.1722854091 0.24131492
per08            1.367513e+00 0.2550006289  1.3675133199 0.25500063
cc2              3.333238e-01 0.5531651345  0.3333237605 0.55316513
cc3              5.451835e-01 0.3800729900  0.5451835170 0.38007299
cc4             -5.086814e-01 0.6864101435 -0.5086814148 0.68641014
cc5             -3.605930e-01 0.1918211839 -0.3605930352 0.19182118
cc6              4.976391e-01 0.3927474050  0.4976391460 0.39274740
cc7              1.509210e-01 0.4692387687  0.1509210135 0.46923877
cc8              1.896396e-01 0.2686407731  0.1896395834 0.26864077
cc9             -7.578013e-01 0.6415963912 -0.7578012843 0.64159639
cc10            -2.395582e-01 0.4390228993 -0.2395581738 0.43902290
cc11             4.958162e-01 0.4650159018  0.4958161763 0.46501590
cc12             7.846772e-01 0.3488719583  0.7846772445 0.34887196
1               -2.201392e-02 0.0660417511 -0.1981252532         NA
lcentralization -1.358714e-02 0.0121050155 -0.0135871374 0.01210502
lwarfare         6.705923e-03 0.0201177702  0.0603533106         NA
larea            2.593454e-01 0.0963607308  0.2593453588 0.09636073
lpopulation      0.000000e+00 0.0000000000           NaN         NA
ldepend15        0.000000e+00 0.0000000000           NaN         NA
ldepend64        1.339491e-04 0.0004018474  0.0012055421         NA
lurban           0.000000e+00 0.0000000000           NaN         NA
lpop_growth      2.599952e-01 0.1995454864  0.2599951931 0.19954549
ltrade           0.000000e+00 0.0000000000           NaN         NA
lgini_gross     -9.071136e-03 0.0189441237 -0.0102050277 0.01992295
ldebt            1.064971e-03 0.0024968596  0.0011980922 0.00263489
lfdi_liab        6.700797e-01 0.0381680149  0.6700796593 0.03816801
linflation      -5.400413e-05 0.0001620124 -0.0004860372         NA
ldemocracy       3.757242e-03 0.0112717259  0.0338151777         NA
lpol_comp        0.000000e+00 0.0000000000           NaN         NA
lpresidential    6.610938e-02 0.1983281341  0.5949844024         NA
lplurality      -7.536261e-03 0.0226087827 -0.0678263482         NA
lpol_rights      0.000000e+00 0.0000000000           NaN         NA
lgdp_pc          0.000000e+00 0.0000000000           NaN         NA

[[13]]
                     Prob          Low         Med         Up          Mean
per03           1.0000000 -2.091833761 -0.46759169 2.25975129  0.0007577486
per04           1.0000000 -1.045061664  0.12096240 1.04639775 -0.0231384124
per05           1.0000000 -2.280185855 -0.18132330 0.99124625 -0.6688823014
per06           1.0000000 -1.170070927  0.59830169 0.97472219  0.0984795329
per07           1.0000000 -2.267231459 -0.92305108 1.42694594 -0.7475945980
per08           1.0000000 -1.040210431  0.08787460 1.12862686  0.0546771005
cc2             1.0000000 -0.905697815  0.28735086 1.45731213  0.3796303968
cc3             1.0000000 -2.404033691 -0.77513809 0.18650750 -0.8776882010
cc4             1.0000000 -1.607515529 -0.57544898 1.53113775 -0.3544860248
cc5             1.0000000 -1.610306031  0.35704205 1.85634854  0.2217895668
cc6             1.0000000 -1.639053542 -0.13877997 1.77026076 -0.0317758260
cc7             1.0000000 -2.289800200 -0.39708285 1.50837075 -0.1695038055
cc8             1.0000000 -1.579631704 -0.26266346 1.00102907 -0.3297833737
cc9             1.0000000 -1.972288883  0.25453038 2.23130721  0.4108768995
cc10            1.0000000 -1.478421121 -0.17922332 1.13116748 -0.1014988466
cc11            1.0000000 -1.548286417 -0.07203863 0.95526427 -0.2888091111
cc12            1.0000000 -1.322298767  0.34955142 1.23118358  0.1192912416
1               1.0000000 -2.318564847  0.16075349 2.73402526  0.0404462835
lcentralization 0.3333333 -0.040685109  0.00000000 0.22007969  0.0252536119
lwarfare        0.7777778 -1.176479702  0.00000000 1.21690084  0.0794738553
larea           0.1111111  0.000000000  0.00000000 0.06946205  0.0096475073
lpopulation     0.3333333 -0.912109763  0.00000000 0.19227573 -0.1314366131
ldepend15       0.4444444 -0.088230375  0.00000000 0.03402823 -0.0204727716
ldepend64       0.0000000  0.000000000  0.00000000 0.00000000  0.0000000000
lurban          0.3333333  0.000000000  0.00000000 0.33775371  0.0725212215
lpop_growth     0.7777778 -1.016864723  0.00000000 1.67007607  0.2865038704
ltrade          0.3333333 -0.094312939  0.00000000 0.08105095 -0.0016412253
lgini_gross     0.4444444  0.000000000  0.00000000 0.31073432  0.0936190118
ldebt           0.5555556 -0.060059238  0.00000000 0.11493104  0.0205817032
lfdi_liab       0.7777778 -0.003425805  0.18079221 1.33766231  0.3676343482
linflation      0.6666667  0.000000000  0.06227752 0.27517738  0.1144145680
ldemocracy      0.6666667 -0.555330544  0.00000000 0.48928684 -0.0296003295
lpol_comp       0.8888889 -0.354285911  0.23392708 1.94979094  0.4001256604
lpresidential   0.0000000  0.000000000  0.00000000 0.00000000  0.0000000000
lplurality      0.0000000  0.000000000  0.00000000 0.00000000  0.0000000000
lpol_rights     0.6666667 -0.973009582  0.00000000 1.47474452  0.1235112009
lgdp_pc         0.0000000  0.000000000  0.00000000 0.00000000  0.0000000000
                        SD      CondMean     CondSD
per03           1.54771245  0.0007577486 1.54771245
per04           0.72214675 -0.0231384124 0.72214675
per05           1.28940892 -0.6688823014 1.28940892
per06           0.87376985  0.0984795329 0.87376985
per07           1.20586237 -0.7475945980 1.20586237
per08           0.74069696  0.0546771005 0.74069696
cc2             0.77003813  0.3796303968 0.77003813
cc3             0.97022580 -0.8776882010 0.97022580
cc4             0.98729363 -0.3544860248 0.98729363
cc5             1.13407592  0.2217895668 1.13407592
cc6             1.12021686 -0.0317758260 1.12021686
cc7             1.31564115 -0.1695038055 1.31564115
cc8             0.90192535 -0.3297833737 0.90192535
cc9             1.37430943  0.4108768995 1.37430943
cc10            0.82801181 -0.1014988466 0.82801181
cc11            0.91640100 -0.2888091111 0.91640100
cc12            0.97957825  0.1192912416 0.97957825
1               1.60621507  0.0404462835 1.60621507
lcentralization 0.09485944  0.0757608356 0.17393548
lwarfare        0.77098374  0.1021806710 0.88873375
larea           0.02894252  0.0868275656         NA
lpopulation     0.37722902 -0.3943098394 0.64321589
ldepend15       0.04450420 -0.0460637361 0.06090902
ldepend64       0.00000000           NaN         NA
lurban          0.13212267  0.2175636644 0.14997218
lpop_growth     0.90914032  0.3683621191 1.03289355
ltrade          0.05479815 -0.0049236760 0.10948565
lgini_gross     0.13169867  0.2106427766 0.11569424
ldebt           0.05954352  0.0370470658 0.07955105
lfdi_liab       0.50026870  0.4726727334 0.52513628
linflation      0.11741853  0.1716218520 0.10137925
ldemocracy      0.35549640 -0.0444004942 0.44879366
lpol_comp       0.77797706  0.4501413679 0.81607714
lpresidential   0.00000000           NaN         NA
lplurality      0.00000000           NaN         NA
lpol_rights     0.75141588  0.1852668014 0.94322416
lgdp_pc         0.00000000           NaN         NA

[[14]]
                     Prob         Low         Med           Up         Mean
per03           1.0000000 -1.52626647 -0.47806218  0.955350246 -0.367496813
per04           1.0000000  0.25054051  0.78844442  1.954992172  1.076302938
per05           1.0000000 -0.81473374  0.27058038  1.384504881  0.268913624
per06           1.0000000 -0.41268514  0.05485152  0.711322695  0.139891209
per07           1.0000000 -1.10899939 -0.69666849 -0.038571846 -0.627032316
per08           1.0000000 -0.76869671  0.16050331  1.132002557  0.225105585
cc2             1.0000000 -0.71283545  0.24501867  2.223606422  0.335176050
cc3             1.0000000 -2.17152708 -1.14159691  0.011161789 -1.072866196
cc4             1.0000000 -0.73422517  0.02238461  0.961319189 -0.006106217
cc5             1.0000000 -1.28935040 -0.17967921  0.801489015 -0.158931153
cc6             1.0000000 -1.06117246  0.34561383  1.849053933  0.346602050
cc7             1.0000000 -0.43749536  0.09672026  0.934501218  0.215825034
cc8             1.0000000 -2.81908869 -1.80190189 -0.607170439 -1.640884015
cc9             1.0000000 -0.65882284  0.21868605  0.707903080  0.149061884
cc10            1.0000000 -0.18797650  1.34937841  3.238245126  1.376815653
cc11            1.0000000 -0.60238811  0.11546352  1.720425646  0.321304084
cc12            1.0000000 -1.99302488 -1.41187251 -0.641925384 -1.337518192
1               1.0000000 -1.83383224 -0.48632762  2.173281229 -0.116109093
lcentralization 0.3333333 -0.02448275  0.00000000  0.002568447 -0.004472959
lwarfare        0.4444444 -0.38097547  0.00000000  0.000000000 -0.141989069
larea           1.0000000  0.01287994  0.86708794  1.099952087  0.748740291
lpopulation     0.0000000  0.00000000  0.00000000  0.000000000  0.000000000
ldepend15       0.1111111  0.00000000  0.00000000  0.013997671  0.001944121
ldepend64       0.0000000  0.00000000  0.00000000  0.000000000  0.000000000
lurban          0.1111111 -0.01549034  0.00000000  0.000000000 -0.002151436
lpop_growth     0.5555556 -0.25230252  0.00000000  0.345244010 -0.016373067
ltrade          0.0000000  0.00000000  0.00000000  0.000000000  0.000000000
lgini_gross     0.0000000  0.00000000  0.00000000  0.000000000  0.000000000
ldebt           0.0000000  0.00000000  0.00000000  0.000000000  0.000000000
lfdi_liab       0.0000000  0.00000000  0.00000000  0.000000000  0.000000000
linflation      0.0000000  0.00000000  0.00000000  0.000000000  0.000000000
ldemocracy      1.0000000  0.49983450  0.72938395  0.927837185  0.716825839
lpol_comp       1.0000000 -1.29193572 -0.72337504 -0.121369441 -0.677543629
lpresidential   0.8888889 -0.26710295  0.24658845  0.945462609  0.275688077
lplurality      0.7777778 -2.32291055 -0.99590220  0.000000000 -1.114221439
lpol_rights     0.7777778 -1.84586991 -1.43158837  0.000000000 -1.214553617
lgdp_pc         0.0000000  0.00000000  0.00000000  0.000000000  0.000000000
                         SD     CondMean     CondSD
per03           0.814386880 -0.367496813 0.81438688
per04           0.648088741  1.076302938 0.64808874
per05           0.737445250  0.268913624 0.73744525
per06           0.406083206  0.139891209 0.40608321
per07           0.405340957 -0.627032316 0.40534096
per08           0.747202930  0.225105585 0.74720293
cc2             0.975842475  0.335176050 0.97584247
cc3             0.736007428 -1.072866196 0.73600743
cc4             0.665829330 -0.006106217 0.66582933
cc5             0.696857205 -0.158931153 0.69685720
cc6             0.916209622  0.346602050 0.91620962
cc7             0.546450883  0.215825034 0.54645088
cc8             0.726238298 -1.640884015 0.72623830
cc9             0.511668327  0.149061884 0.51166833
cc10            1.100286945  1.376815653 1.10028695
cc11            0.817271710  0.321304084 0.81727171
cc12            0.468000832 -1.337518192 0.46800083
1               1.363268679 -0.116109093 1.36326868
lcentralization 0.010105245 -0.013418878 0.01511283
lwarfare        0.175539000 -0.319475405 0.08103795
larea           0.386693948  0.748740291 0.38669395
lpopulation     0.000000000          NaN         NA
ldepend15       0.005832363  0.017497089         NA
ldepend64       0.000000000          NaN         NA
lurban          0.006454307 -0.019362921         NA
lpop_growth     0.192652220 -0.029471521 0.27156439
ltrade          0.000000000          NaN         NA
lgini_gross     0.000000000          NaN         NA
ldebt           0.000000000          NaN         NA
lfdi_liab       0.000000000          NaN         NA
linflation      0.000000000          NaN         NA
ldemocracy      0.131432897  0.716825839 0.13143290
lpol_comp       0.425751248 -0.677543629 0.42575125
lpresidential   0.421273621  0.310149087 0.43658861
lplurality      0.860922802 -1.432570421 0.67541385
lpol_rights     0.727249396 -1.561568936 0.27015893
lgdp_pc         0.000000000          NaN         NA

[[15]]
                Prob          Low         Med         Up        Mean         SD
per03              1 -1.316146450 -0.77900589 -0.4994838 -0.81480345 0.28351041
per04              1 -0.699566531 -0.11226390  0.3478334 -0.16418824 0.36840550
per05              1 -0.521160011 -0.30270784  0.1117769 -0.23685648 0.22036835
per06              1 -0.143846844  0.08624577  0.6760958  0.16426672 0.28289383
per07              1 -0.095175144  0.43228930  0.8780879  0.41268785 0.31654674
per08              1  0.278666433  1.12269760  2.4242557  1.27265962 0.74884279
cc2                1 -1.275684102  0.27366554  1.2789358 -0.03785499 0.99275409
cc3                1 -1.632402465 -1.21339482 -0.9030157 -1.28678760 0.26426555
cc4                1 -0.601899383  0.09102140  0.9427194  0.06541093 0.62480774
cc5                1 -1.594020735 -1.10739523 -0.2021710 -1.06728633 0.47489377
cc6                1 -0.002655723  0.28550172  1.6020492  0.53517790 0.56963036
cc7                1  2.076201028  2.60655884  3.2766040  2.64327993 0.40522952
cc8                1 -1.856775092 -1.64442622 -0.9872578 -1.49306238 0.31641296
cc9                1  0.320306738  0.89816193  1.3975699  0.82191005 0.35220524
cc10               1 -0.351525406  0.18052394  0.6045871  0.14026011 0.34482295
cc11               1 -0.475122692  0.53124780  0.9186505  0.38821743 0.49374324
cc12               1 -0.513446348  0.27035268  0.4525349  0.17013131 0.34424368
1                  1 -0.629988932  0.49457055  2.2813534  0.56208587 1.00413838
lcentralization    0  0.000000000  0.00000000  0.0000000  0.00000000 0.00000000
lwarfare           0  0.000000000  0.00000000  0.0000000  0.00000000 0.00000000
larea              0  0.000000000  0.00000000  0.0000000  0.00000000 0.00000000
lpopulation        1  0.354036441  0.44339461  0.5651603  0.45158832 0.07126021
ldepend15          0  0.000000000  0.00000000  0.0000000  0.00000000 0.00000000
ldepend64          0  0.000000000  0.00000000  0.0000000  0.00000000 0.00000000
lurban             0  0.000000000  0.00000000  0.0000000  0.00000000 0.00000000
lpop_growth        0  0.000000000  0.00000000  0.0000000  0.00000000 0.00000000
ltrade             0  0.000000000  0.00000000  0.0000000  0.00000000 0.00000000
lgini_gross        0  0.000000000  0.00000000  0.0000000  0.00000000 0.00000000
ldebt              0  0.000000000  0.00000000  0.0000000  0.00000000 0.00000000
lfdi_liab          0  0.000000000  0.00000000  0.0000000  0.00000000 0.00000000
linflation         0  0.000000000  0.00000000  0.0000000  0.00000000 0.00000000
ldemocracy         0  0.000000000  0.00000000  0.0000000  0.00000000 0.00000000
lpol_comp          0  0.000000000  0.00000000  0.0000000  0.00000000 0.00000000
lpresidential      0  0.000000000  0.00000000  0.0000000  0.00000000 0.00000000
lplurality         0  0.000000000  0.00000000  0.0000000  0.00000000 0.00000000
lpol_rights        1 -0.999621572 -0.82972130 -0.6827706 -0.82985541 0.11794885
lgdp_pc            0  0.000000000  0.00000000  0.0000000  0.00000000 0.00000000
                   CondMean     CondSD
per03           -0.81480345 0.28351041
per04           -0.16418824 0.36840550
per05           -0.23685648 0.22036835
per06            0.16426672 0.28289383
per07            0.41268785 0.31654674
per08            1.27265962 0.74884279
cc2             -0.03785499 0.99275409
cc3             -1.28678760 0.26426555
cc4              0.06541093 0.62480774
cc5             -1.06728633 0.47489377
cc6              0.53517790 0.56963036
cc7              2.64327993 0.40522952
cc8             -1.49306238 0.31641296
cc9              0.82191005 0.35220524
cc10             0.14026011 0.34482295
cc11             0.38821743 0.49374324
cc12             0.17013131 0.34424368
1                0.56208587 1.00413838
lcentralization         NaN         NA
lwarfare                NaN         NA
larea                   NaN         NA
lpopulation      0.45158832 0.07126021
ldepend15               NaN         NA
ldepend64               NaN         NA
lurban                  NaN         NA
lpop_growth             NaN         NA
ltrade                  NaN         NA
lgini_gross             NaN         NA
ldebt                   NaN         NA
lfdi_liab               NaN         NA
linflation              NaN         NA
ldemocracy              NaN         NA
lpol_comp               NaN         NA
lpresidential           NaN         NA
lplurality              NaN         NA
lpol_rights     -0.82985541 0.11794885
lgdp_pc                 NaN         NA

[[16]]
                     Prob         Low          Med           Up         Mean
per03           1.0000000 -0.02762251  0.035362234  0.185145318  0.068102188
per04           1.0000000 -0.04282836  0.130369666  0.254019890  0.122152042
per05           1.0000000 -0.10922047 -0.025426300  0.094053800 -0.013692669
per06           1.0000000 -0.01174598  0.129650091  0.266208826  0.130691570
per07           1.0000000  0.15376841  0.295185721  0.532952699  0.334081915
per08           1.0000000  0.68241773  0.878783858  1.102467740  0.897131365
cc2             1.0000000 -1.79912675 -1.412937645 -0.892088031 -1.401033119
cc3             1.0000000 -1.56118250 -1.224865198 -0.941010995 -1.208172903
cc4             1.0000000 -0.80195923 -0.512272148 -0.306292301 -0.529064682
cc5             1.0000000 -0.42524371 -0.247610921  0.232988511 -0.119991236
cc6             1.0000000 -0.35141448 -0.091056706  0.487770531 -0.002526075
cc7             1.0000000  0.02187882  0.833124293  1.353261088  0.742820393
cc8             1.0000000 -0.80196752 -0.316711525  0.026603708 -0.358757614
cc9             1.0000000 -0.87413947 -0.442410618  0.088690040 -0.449231149
cc10            1.0000000 -1.18030144 -0.626937475 -0.388140218 -0.709161168
cc11            1.0000000 -0.26680552  0.140365060  0.610217711  0.186313833
cc12            1.0000000  0.40641012  0.594815597  1.095972973  0.679106913
1               0.0000000  0.00000000  0.000000000  0.000000000  0.000000000
lcentralization 0.0000000  0.00000000  0.000000000  0.000000000  0.000000000
lwarfare        0.1111111  0.00000000  0.000000000  0.029367344  0.004078798
larea           0.0000000  0.00000000  0.000000000  0.000000000  0.000000000
lpopulation     0.0000000  0.00000000  0.000000000  0.000000000  0.000000000
ldepend15       1.0000000  0.01288956  0.015326783  0.017637657  0.015391673
ldepend64       0.0000000  0.00000000  0.000000000  0.000000000  0.000000000
lurban          1.0000000  0.01053126  0.020608798  0.030851546  0.020047027
lpop_growth     0.0000000  0.00000000  0.000000000  0.000000000  0.000000000
ltrade          1.0000000 -0.02753541 -0.012842955 -0.008144721 -0.015266875
lgini_gross     0.0000000  0.00000000  0.000000000  0.000000000  0.000000000
ldebt           0.0000000  0.00000000  0.000000000  0.000000000  0.000000000
lfdi_liab       0.0000000  0.00000000  0.000000000  0.000000000  0.000000000
linflation      1.0000000 -0.01023292 -0.008015492 -0.004141448 -0.007871348
ldemocracy      0.5555556 -0.03435164 -0.001797579  0.000000000 -0.010665178
lpol_comp       0.0000000  0.00000000  0.000000000  0.000000000  0.000000000
lpresidential   0.0000000  0.00000000  0.000000000  0.000000000  0.000000000
lplurality      1.0000000 -0.65941649 -0.352284263  0.073386587 -0.373616917
lpol_rights     0.0000000  0.00000000  0.000000000  0.000000000  0.000000000
lgdp_pc         0.0000000  0.00000000  0.000000000  0.000000000  0.000000000
                         SD     CondMean      CondSD
per03           0.080698052  0.068102188 0.080698052
per04           0.101839947  0.122152042 0.101839947
per05           0.069027893 -0.013692669 0.069027893
per06           0.101645910  0.130691570 0.101645910
per07           0.133921724  0.334081915 0.133921724
per08           0.130057493  0.897131365 0.130057493
cc2             0.302336636 -1.401033119 0.302336636
cc3             0.200659250 -1.208172903 0.200659250
cc4             0.169460740 -0.529064682 0.169460740
cc5             0.262432183 -0.119991236 0.262432183
cc6             0.286749812 -0.002526075 0.286749812
cc7             0.453782747  0.742820393 0.453782747
cc8             0.267132475 -0.358757614 0.267132475
cc9             0.345125669 -0.449231149 0.345125669
cc10            0.273846544 -0.709161168 0.273846544
cc11            0.303499394  0.186313833 0.303499394
cc12            0.259596443  0.679106913 0.259596443
1               0.000000000          NaN          NA
lcentralization 0.000000000          NaN          NA
lwarfare        0.012236393  0.036709180          NA
larea           0.000000000          NaN          NA
lpopulation     0.000000000          NaN          NA
ldepend15       0.001772695  0.015391673 0.001772695
ldepend64       0.000000000          NaN          NA
lurban          0.007305009  0.020047027 0.007305009
lpop_growth     0.000000000          NaN          NA
ltrade          0.006473165 -0.015266875 0.006473165
lgini_gross     0.000000000          NaN          NA
ldebt           0.000000000          NaN          NA
lfdi_liab       0.000000000          NaN          NA
linflation      0.001971352 -0.007871348 0.001971352
ldemocracy      0.014512952 -0.019197320 0.014714235
lpol_comp       0.000000000          NaN          NA
lpresidential   0.000000000          NaN          NA
lplurality      0.249389639 -0.373616917 0.249389639
lpol_rights     0.000000000          NaN          NA
lgdp_pc         0.000000000          NaN          NA

[[17]]
                     Prob         Low         Med           Up         Mean
per03           1.0000000 -0.40708367 -0.21488472 -0.151130700 -0.236323279
per04           1.0000000 -0.40339442 -0.22249694  0.003584252 -0.201860872
per05           1.0000000 -0.40141110 -0.19205219 -0.114935324 -0.204484730
per06           1.0000000 -0.28868623 -0.06291465  0.145043414 -0.079223830
per07           1.0000000 -0.32413249 -0.20771824  0.029682530 -0.182844743
per08           1.0000000 -0.40837649 -0.29632937 -0.110915355 -0.274231660
cc2             1.0000000 -0.24064232  0.14489717  0.957741987  0.247643634
cc3             1.0000000  0.25718438  0.49262370  0.735499034  0.503184156
cc4             1.0000000 -0.31462346  0.17213916  0.841056149  0.215797970
cc5             1.0000000  0.22218112  0.42848278  0.524022828  0.402893052
cc6             1.0000000 -1.30520802 -0.25241144  0.258311899 -0.452878927
cc7             1.0000000  0.13461189  0.56334041  0.646329541  0.484752942
cc8             1.0000000  0.34150058  0.60496149  0.637970387  0.558774380
cc9             1.0000000  0.08906298  0.32602132  0.778930944  0.345591620
cc10            1.0000000  0.11936855  0.28798676  0.520032942  0.306582397
cc11            1.0000000 -0.73827207 -0.35221893  0.047507717 -0.359234857
cc12            1.0000000  0.32391526  0.61589793  0.706710521  0.578898579
1               0.5555556 -0.82844518  0.00000000  0.241611550 -0.080243352
lcentralization 0.0000000  0.00000000  0.00000000  0.000000000  0.000000000
lwarfare        0.0000000  0.00000000  0.00000000  0.000000000  0.000000000
larea           0.0000000  0.00000000  0.00000000  0.000000000  0.000000000
lpopulation     1.0000000 -0.08461500  0.10004771  0.138364963  0.061601570
ldepend15       0.8888889 -0.01388985 -0.01041081 -0.001017855 -0.008813386
ldepend64       1.0000000 -0.09154745 -0.03093943  0.165784953  0.016657887
lurban          0.0000000  0.00000000  0.00000000  0.000000000  0.000000000
lpop_growth     0.8888889 -0.01280522  0.06955291  0.173411773  0.068904599
ltrade          0.0000000  0.00000000  0.00000000  0.000000000  0.000000000
lgini_gross     0.0000000  0.00000000  0.00000000  0.000000000  0.000000000
ldebt           0.0000000  0.00000000  0.00000000  0.000000000  0.000000000
lfdi_liab       0.0000000  0.00000000  0.00000000  0.000000000  0.000000000
linflation      0.0000000  0.00000000  0.00000000  0.000000000  0.000000000
ldemocracy      0.0000000  0.00000000  0.00000000  0.000000000  0.000000000
lpol_comp       0.0000000  0.00000000  0.00000000  0.000000000  0.000000000
lpresidential   0.0000000  0.00000000  0.00000000  0.000000000  0.000000000
lplurality      0.0000000  0.00000000  0.00000000  0.000000000  0.000000000
lpol_rights     1.0000000 -0.06856664  0.02126827  0.140848931  0.016756175
lgdp_pc         0.0000000  0.00000000  0.00000000  0.000000000  0.000000000
                         SD     CondMean      CondSD
per03           0.090917449 -0.236323279 0.090917449
per04           0.141006246 -0.201860872 0.141006246
per05           0.098709797 -0.204484730 0.098709797
per06           0.143255122 -0.079223830 0.143255122
per07           0.120603804 -0.182844743 0.120603804
per08           0.111732551 -0.274231660 0.111732551
cc2             0.411256723  0.247643634 0.411256723
cc3             0.164646991  0.503184156 0.164646991
cc4             0.431566733  0.215797970 0.431566733
cc5             0.109229192  0.402893052 0.109229192
cc6             0.597203307 -0.452878927 0.597203307
cc7             0.176115930  0.484752942 0.176115930
cc8             0.112603531  0.558774380 0.112603531
cc9             0.236241181  0.345591620 0.236241181
cc10            0.141001097  0.306582397 0.141001097
cc11            0.272616614 -0.359234857 0.272616614
cc12            0.133970108  0.578898579 0.133970108
1               0.362979140 -0.144438034 0.501913857
lcentralization 0.000000000          NaN          NA
lwarfare        0.000000000          NaN          NA
larea           0.000000000          NaN          NA
lpopulation     0.082921876  0.061601570 0.082921876
ldepend15       0.004548927 -0.009915059 0.003341443
ldepend64       0.103784487  0.016657887 0.103784487
lurban          0.000000000          NaN          NA
lpop_growth     0.063602189  0.077517674 0.062129569
ltrade          0.000000000          NaN          NA
lgini_gross     0.000000000          NaN          NA
ldebt           0.000000000          NaN          NA
lfdi_liab       0.000000000          NaN          NA
linflation      0.000000000          NaN          NA
ldemocracy      0.000000000          NaN          NA
lpol_comp       0.000000000          NaN          NA
lpresidential   0.000000000          NaN          NA
lplurality      0.000000000          NaN          NA
lpol_rights     0.070290035  0.016756175 0.070290035
lgdp_pc         0.000000000          NaN          NA

[[18]]
                     Prob         Low          Med          Up         Mean
per03           1.0000000 -0.23674457 -0.078418381  0.18588403 -0.061197216
per04           1.0000000 -0.85892042 -0.559760312 -0.19605239 -0.553036632
per05           1.0000000 -0.20263073  0.178495434  0.46475298  0.109189064
per06           1.0000000 -0.55834862 -0.358202870  0.09018512 -0.326034819
per07           1.0000000 -0.81674776 -0.480776728 -0.09622309 -0.461717406
per08           1.0000000 -0.63888617 -0.150858140  0.41332193 -0.173500181
cc2             1.0000000 -1.80456995 -0.680011016  0.48785956 -0.587974272
cc3             1.0000000 -0.31247138  0.158575169  0.31544211  0.113467823
cc4             1.0000000 -0.25556092 -0.129878560  0.20950847 -0.063685431
cc5             1.0000000  0.22969177  0.527563537  0.67130495  0.491480758
cc6             1.0000000 -1.48019978 -1.018383699 -0.48047090 -1.009154300
cc7             1.0000000 -1.28829236  1.200976316  1.77734045  0.708840538
cc8             1.0000000 -1.00660515 -0.599522864 -0.43056410 -0.656447882
cc9             1.0000000  0.14753152  0.357229093  0.59543966  0.357089651
cc10            1.0000000 -0.01619937  0.547330536  1.38953639  0.590299273
cc11            1.0000000 -1.06193018 -0.789199799 -0.42645636 -0.746457845
cc12            1.0000000  0.70176787  0.766693985  1.27372322  0.921740285
1               0.4444444 -0.25922713  0.000000000  0.64602079  0.102983734
lcentralization 1.0000000  0.01005317  0.028822480  0.03967070  0.028050496
lwarfare        0.6666667  0.00000000  0.044371804  0.12529447  0.049426489
larea           0.0000000  0.00000000  0.000000000  0.00000000  0.000000000
lpopulation     0.0000000  0.00000000  0.000000000  0.00000000  0.000000000
ldepend15       0.0000000  0.00000000  0.000000000  0.00000000  0.000000000
ldepend64       0.0000000  0.00000000  0.000000000  0.00000000  0.000000000
lurban          0.0000000  0.00000000  0.000000000  0.00000000  0.000000000
lpop_growth     1.0000000 -0.47084862 -0.431908093 -0.16256633 -0.367860548
ltrade          0.7777778  0.00000000  0.004299023  0.03199719  0.008878387
lgini_gross     0.0000000  0.00000000  0.000000000  0.00000000  0.000000000
ldebt           0.0000000  0.00000000  0.000000000  0.00000000  0.000000000
lfdi_liab       0.0000000  0.00000000  0.000000000  0.00000000  0.000000000
linflation      0.0000000  0.00000000  0.000000000  0.00000000  0.000000000
ldemocracy      0.0000000  0.00000000  0.000000000  0.00000000  0.000000000
lpol_comp       0.0000000  0.00000000  0.000000000  0.00000000  0.000000000
lpresidential   0.0000000  0.00000000  0.000000000  0.00000000  0.000000000
lplurality      0.0000000  0.00000000  0.000000000  0.00000000  0.000000000
lpol_rights     1.0000000  0.36942041  0.487920597  0.59371170  0.486440944
lgdp_pc         0.0000000  0.00000000  0.000000000  0.00000000  0.000000000
                        SD    CondMean     CondSD
per03           0.15600814 -0.06119722 0.15600814
per04           0.21820819 -0.55303663 0.21820819
per05           0.23029075  0.10918906 0.23029075
per06           0.21121091 -0.32603482 0.21121091
per07           0.28335520 -0.46171741 0.28335520
per08           0.35876929 -0.17350018 0.35876929
cc2             0.79089452 -0.58797427 0.79089452
cc3             0.22661191  0.11346782 0.22661191
cc4             0.17383931 -0.06368543 0.17383931
cc5             0.16015791  0.49148076 0.16015791
cc6             0.31334854 -1.00915430 0.31334854
cc7             1.17484164  0.70884054 1.17484164
cc8             0.20883941 -0.65644788 0.20883941
cc9             0.14981203  0.35708965 0.14981203
cc10            0.46556549  0.59029927 0.46556549
cc11            0.23221985 -0.74645785 0.23221985
cc12            0.23718737  0.92174028 0.23718737
1               0.29640993  0.23171340 0.44104317
lcentralization 0.01097444  0.02805050 0.01097444
lwarfare        0.04996314  0.07413973 0.04237245
larea           0.00000000         NaN         NA
lpopulation     0.00000000         NaN         NA
ldepend15       0.00000000         NaN         NA
ldepend64       0.00000000         NaN         NA
lurban          0.00000000         NaN         NA
lpop_growth     0.12146308 -0.36786055 0.12146308
ltrade          0.01189574  0.01141507 0.01244571
lgini_gross     0.00000000         NaN         NA
ldebt           0.00000000         NaN         NA
lfdi_liab       0.00000000         NaN         NA
linflation      0.00000000         NaN         NA
ldemocracy      0.00000000         NaN         NA
lpol_comp       0.00000000         NaN         NA
lpresidential   0.00000000         NaN         NA
lplurality      0.00000000         NaN         NA
lpol_rights     0.07208908  0.48644094 0.07208908
lgdp_pc         0.00000000         NaN         NA

[[19]]
                     Prob          Low         Med          Up         Mean
per03           1.0000000  0.085819345  0.20862853  0.45805046  0.243625382
per04           1.0000000  0.124660093  0.24075581  0.49283057  0.291581548
per05           1.0000000  0.001612195  0.24180154  0.53670414  0.245956859
per06           1.0000000  0.180680594  0.32245816  0.65918520  0.352795109
per07           1.0000000 -0.007794430  0.14966742  0.43805477  0.183263384
per08           1.0000000  0.087467095  0.39458785  0.62888970  0.378450322
cc2             1.0000000 -1.452435378 -0.92026074 -0.46996667 -0.954653827
cc3             1.0000000 -0.728009868 -0.34759194  0.17380214 -0.311445422
cc4             1.0000000 -1.586783996 -1.24122459 -0.88713326 -1.236503330
cc5             1.0000000 -0.741065209 -0.63109151 -0.22212129 -0.518812235
cc6             1.0000000  1.509352139  2.15459148  2.88137411  2.294954997
cc7             1.0000000  0.890878255  1.34840266  1.97007445  1.432920053
cc8             1.0000000 -0.569356124 -0.27322510  0.49115472 -0.107260612
cc9             1.0000000 -0.670145364  0.01033943  0.60364443 -0.028165689
cc10            1.0000000 -1.078365371 -0.76034424 -0.33278898 -0.699532291
cc11            1.0000000 -0.244218606  0.12096162  0.75023325  0.193654892
cc12            1.0000000  0.297600074  0.60447162  1.02766150  0.626648144
1               0.5555556  0.000000000  1.09886274  2.40504075  1.011243883
lcentralization 0.0000000  0.000000000  0.00000000  0.00000000  0.000000000
lwarfare        0.8888889 -0.011871254  0.03701213  0.06215218  0.029641707
larea           1.0000000  0.148188489  0.27845777  0.32753697  0.256171826
lpopulation     0.0000000  0.000000000  0.00000000  0.00000000  0.000000000
ldepend15       0.0000000  0.000000000  0.00000000  0.00000000  0.000000000
ldepend64       0.0000000  0.000000000  0.00000000  0.00000000  0.000000000
lurban          0.0000000  0.000000000  0.00000000  0.00000000  0.000000000
lpop_growth     0.1111111 -0.009115723  0.00000000  0.00000000 -0.001266073
ltrade          0.0000000  0.000000000  0.00000000  0.00000000  0.000000000
lgini_gross     1.0000000  0.015132439  0.02480861  0.05177795  0.029273724
ldebt           0.0000000  0.000000000  0.00000000  0.00000000  0.000000000
lfdi_liab       1.0000000  0.207347146  0.25083779  0.28966602  0.252901407
linflation      0.0000000  0.000000000  0.00000000  0.00000000  0.000000000
ldemocracy      0.0000000  0.000000000  0.00000000  0.00000000  0.000000000
lpol_comp       1.0000000 -0.074381955 -0.03997735 -0.01488583 -0.043169652
lpresidential   0.2222222 -0.161447715  0.00000000  0.08660633 -0.010394637
lplurality      1.0000000 -1.588106135 -0.35272862 -0.06496133 -0.551108502
lpol_rights     0.0000000  0.000000000  0.00000000  0.00000000  0.000000000
lgdp_pc         0.0000000  0.000000000  0.00000000  0.00000000  0.000000000
                         SD    CondMean     CondSD
per03           0.133388636  0.24362538 0.13338864
per04           0.145592457  0.29158155 0.14559246
per05           0.182527549  0.24595686 0.18252755
per06           0.167742555  0.35279511 0.16774255
per07           0.149435172  0.18326338 0.14943517
per08           0.184676484  0.37845032 0.18467648
cc2             0.327844298 -0.95465383 0.32784430
cc3             0.366913427 -0.31144542 0.36691343
cc4             0.245105522 -1.23650333 0.24510552
cc5             0.201551138 -0.51881223 0.20155114
cc6             0.486649365  2.29495500 0.48664937
cc7             0.381890223  1.43292005 0.38189022
cc8             0.404307238 -0.10726061 0.40430724
cc9             0.436446927 -0.02816569 0.43644693
cc10            0.293470600 -0.69953229 0.29347060
cc11            0.360500821  0.19365489 0.36050082
cc12            0.293650069  0.62664814 0.29365007
1               1.044885765  1.82023899 0.58554845
lcentralization 0.000000000         NaN         NA
lwarfare        0.027752811  0.03334692 0.02718531
larea           0.065420532  0.25617183 0.06542053
lpopulation     0.000000000         NaN         NA
ldepend15       0.000000000         NaN         NA
ldepend64       0.000000000         NaN         NA
lurban          0.000000000         NaN         NA
lpop_growth     0.003798218 -0.01139465         NA
ltrade          0.000000000         NaN         NA
lgini_gross     0.013199514  0.02927372 0.01319951
ldebt           0.000000000         NaN         NA
lfdi_liab       0.029683680  0.25290141 0.02968368
linflation      0.000000000         NaN         NA
ldemocracy      0.000000000         NaN         NA
lpol_comp       0.022068662 -0.04316965 0.02206866
lpresidential   0.080214144 -0.04677587 0.21925087
lplurality      0.525853781 -0.55110850 0.52585378
lpol_rights     0.000000000         NaN         NA
lgdp_pc         0.000000000         NaN         NA

[[20]]
                    Prob           Low         Med          Up        Mean
per03          1.0000000 -0.8384591567  0.03109307  1.02936823  0.15808002
per04          1.0000000 -1.0400207746 -0.10815136  2.03626161  0.16956479
per05          1.0000000 -1.4253041293 -0.99877698  0.52909015 -0.70697361
per06          1.0000000 -1.9523775810 -0.72274408  0.70553529 -0.57252452
per07          1.0000000 -2.8890587480 -0.40533375  0.51961354 -0.49057882
per08          1.0000000 -1.4013786566 -0.54431923  0.73050410 -0.44682365
cc2            1.0000000 -3.3710105217 -0.53566014  1.11066851 -0.75534531
cc3            1.0000000  0.4426556178  2.08816655  3.60483017  1.92488598
cc4            1.0000000 -2.6823259261 -0.70080369  1.32590573 -0.43524750
cc5            1.0000000 -0.9225300465 -0.14018931  0.42021541 -0.19008405
cc6            1.0000000 -0.5219517473  1.18046476  2.73597904  0.99406613
cc7            1.0000000 -2.9716358304 -0.89791031  0.36544133 -1.02225848
cc8            1.0000000 -2.0207586027 -1.03284698  0.64078440 -0.69377500
cc9            1.0000000 -1.4976096495 -0.51257379  0.50480892 -0.48443533
cc10           1.0000000 -1.9028468249 -0.10207774  0.85091868 -0.31888513
cc11           1.0000000  0.0005253357  1.40475688  2.38064578  1.22887933
cc12           1.0000000 -1.6757249471 -0.61534135  1.34880379 -0.40554904
1              1.0000000 -1.4151638749  0.03453298  1.28797572 -0.09915389
centralization 0.0000000  0.0000000000  0.00000000  0.00000000  0.00000000
warfare        1.0000000 -1.0407590268 -0.72432420 -0.47129536 -0.73374709
area           1.0000000 -0.5718412062 -0.13495835  0.31848724 -0.10810915
population     1.0000000  0.6441860525  1.06806944  2.12626667  1.18253564
depend15       0.6666667 -0.1490789351 -0.01385784  0.00000000 -0.04783047
depend64       0.2222222  0.0000000000  0.00000000  0.62456702  0.12836654
urban          1.0000000  0.2974631596  0.32697554  0.42324045  0.34487736
pop_growth     1.0000000 -1.4548956584 -0.71151369  0.21576395 -0.55484239
trade          1.0000000  0.0682771631  0.08820788  0.12632318  0.08915393
gini_gross     0.0000000  0.0000000000  0.00000000  0.00000000  0.00000000
debt           0.0000000  0.0000000000  0.00000000  0.00000000  0.00000000
fdi_liab       0.6666667 -1.8605127270 -0.12989172  0.15765722 -0.62675598
inflation      0.7777778 -0.0156457413  0.00000000  0.07812110  0.02144636
democracy      0.0000000  0.0000000000  0.00000000  0.00000000  0.00000000
pol_comp       0.7777778 -0.5124209242 -0.10544951  0.04559728 -0.17755935
presidential   0.0000000  0.0000000000  0.00000000  0.00000000  0.00000000
plurality      1.0000000 -2.1995797350 -1.18388534  0.42072277 -1.18500198
pol_rights     0.5555556 -1.0837148847 -0.19935285  0.00000000 -0.33828474
gdp_pc         0.0000000  0.0000000000  0.00000000  0.00000000  0.00000000
                       SD    CondMean     CondSD
per03          0.71430646  0.15808002 0.71430646
per04          1.14732946  0.16956479 1.14732946
per05          0.68370570 -0.70697361 0.68370570
per06          0.83000823 -0.57252452 0.83000823
per07          1.20160612 -0.49057882 1.20160612
per08          0.72019197 -0.44682365 0.72019197
cc2            1.46455153 -0.75534531 1.46455153
cc3            1.10867509  1.92488598 1.10867509
cc4            1.46075517 -0.43524750 1.46075517
cc5            0.54832373 -0.19008405 0.54832373
cc6            1.09374281  0.99406613 1.09374281
cc7            1.18865294 -1.02225848 1.18865294
cc8            0.98590022 -0.69377500 0.98590022
cc9            0.63709658 -0.48443533 0.63709658
cc10           0.95577776 -0.31888513 0.95577776
cc11           0.91034481  1.22887933 0.91034481
cc12           1.17582559 -0.40554904 1.17582559
1              0.93470034 -0.09915389 0.93470034
centralization 0.00000000         NaN         NA
warfare        0.20997701 -0.73374709 0.20997701
area           0.33209051 -0.10810915 0.33209051
population     0.52839478  1.18253564 0.52839478
depend15       0.05809623 -0.07174571 0.05780394
depend64       0.25770264  0.57764942 0.11058585
urban          0.04626846  0.34487736 0.04626846
pop_growth     0.55940556 -0.55484239 0.55940556
trade          0.01933167  0.08915393 0.01933167
gini_gross     0.00000000         NaN         NA
debt           0.00000000         NaN         NA
fdi_liab       0.81326412 -0.94013397 0.83946227
inflation      0.03638285  0.02757389 0.03959582
democracy      0.00000000         NaN         NA
pol_comp       0.20994530 -0.22829060 0.21273848
presidential   0.00000000         NaN         NA
plurality      0.88027997 -1.18500198 0.88027997
pol_rights     0.44470816 -0.60891253 0.43536751
gdp_pc         0.00000000         NaN         NA

