[[1]]
 [1] 1.0000 1.0000 1.0000 1.0000 0.9546 0.8592 0.5958 0.6380 0.9896 0.2300
[11] 0.7736 0.6406

[[2]]
 [1] 1.0000 1.0000 1.0000 0.0046 1.0000 0.1424 0.1984 0.1050 0.0772 0.2876
[11] 0.1266 0.2720

[[3]]
 [1] 1.0000 1.0000 1.0000 0.0014 0.0312 1.0000 0.0244 0.0174 0.0170 0.0082
[11] 0.0810 0.1206

[[4]]
 [1] 1.0000 1.0000 1.0000 0.0030 0.1218 1.0000 0.0390 0.0926 0.0422 0.0172
[11] 0.0346 0.2890

[[5]]
 [1] 1.0000 1.0000 1.0000 0.6450 0.9298 0.2074 1.0000 0.0510 0.0682 0.0642
[11] 0.9730 0.8502

[[6]]
 [1] 1.0000 1.0000 1.0000 0.0234 0.5072 0.4376 1.0000 0.5548 0.9514 0.7172
[11] 0.2642 0.4494

[[7]]
 [1] 1.0000 1.0000 1.0000 0.0818 0.8588 0.9702 0.9998 0.6222 0.9876 0.5452
[11] 0.8124 0.9990

[[8]]
 [1] 1.0000 1.0000 1.0000 0.0072 0.1866 0.0838 0.0538 0.0346 0.0352 0.0128
[11] 0.2452 0.3428

[[9]]
 [1] 1.0000 1.0000 1.0000 0.0434 0.8430 0.2932 0.3916 1.0000 0.1852 0.0636
[11] 0.3742 0.3990

[[10]]
 [1] 1.0000 1.0000 1.0000 0.0230 0.5004 0.2328 0.3992 0.1960 1.0000 0.5762
[11] 0.1914 0.9474

[[11]]
 [1] 1.0000 1.0000 1.0000 0.2006 0.6464 0.4418 0.9914 0.2888 1.0000 0.8978
[11] 0.4258 0.7998

[[12]]
 [1] 1.0000 1.0000 1.0000 0.0050 0.1134 0.9540 0.1518 0.1216 0.4052 1.0000
[11] 0.1830 0.2340

[[13]]
 [1] 1.0000 1.0000 1.0000 0.0386 1.0000 0.4726 0.9996 0.5100 0.3374 1.0000
[11] 0.6986 0.8812

[[14]]
 [1] 1.0000 1.0000 1.0000 0.0146 0.8670 0.3776 0.5180 0.1542 0.1338 0.0466
[11] 0.9958 0.9342

[[15]]
 [1] 1.0000 1.0000 1.0000 0.0106 0.2050 0.3328 0.0910 0.0562 0.6414 0.1360
[11] 1.0000 0.9992

[[16]]
 [1] 1.0000 1.0000 1.0000 0.0026 0.0686 0.0926 0.0246 0.0174 0.0180 0.0028
[11] 0.9792 0.8834

[[17]]
 [1] 1.0000 1.0000 1.0000 0.0046 0.0494 0.0812 0.0310 0.0514 0.0066 0.0278
[11] 0.0334 0.1256

[[18]]
 [1] 1.0000 1.0000 1.0000 0.0042 0.8490 0.5914 0.5108 0.1126 0.1028 0.1364
[11] 0.9978 0.5926

[[19]]
 [1] 1.0000 1.0000 1.0000 0.0014 0.1008 0.2148 0.0250 0.0068 0.0124 0.0326
[11] 0.0662 1.0000

[[20]]
 [1] 1.0000 1.0000 1.0000 0.8646 0.7520 0.6452 1.0000 0.3486 1.0000 1.0000
[11] 0.9466 0.7810

